0.00000000,-0.00028334,-0.00000000
0.00000010,-0.00029832,-0.00000000
0.00000020,-0.00008132,-0.00000000
0.00000030,-0.00010677,-0.00000000
0.00000040,0.00009897,-0.00000000
0.00000050,0.00007843,-0.00000000
0.00000060,0.00001533,-0.00000000
0.00000070,-0.00000450,-0.00000001
0.00000080,0.00000292,-0.00000002
0.00000090,0.00004661,-0.00000004
0.00000100,0.00000578,-0.00000007
0.00000110,-0.00000828,-0.00000012
0.00000120,-0.00005951,-0.00000019
0.00000130,-0.00000656,-0.00000029
0.00000140,-0.00006127,-0.00000042
0.00000150,-0.00015684,-0.00000059
0.00000160,-0.00017832,-0.00000080
0.00000170,-0.00026651,-0.00000107
0.00000180,-0.00010570,-0.00000139
0.00000190,-0.00009520,-0.00000178
0.00000200,-0.00014452,-0.00000222
0.00000210,-0.00013064,-0.00000273
0.00000220,0.00004761,-0.00000329
0.00000230,0.00002737,-0.00000392
0.00000240,-0.00018028,-0.00000459
0.00000250,-0.00020243,-0.00000531
0.00000260,-0.00005405,-0.00000606
0.00000270,-0.00010894,-0.00000683
0.00000280,0.00001251,-0.00000761
0.00000290,-0.00002594,-0.00000839
0.00000300,0.00004823,-0.00000914
0.00000310,-0.00015001,-0.00000986
0.00000320,-0.00012518,-0.00001053
0.00000330,-0.00009700,-0.00001113
0.00000340,-0.00020078,-0.00001165
0.00000350,-0.00014292,-0.00001206
0.00000360,-0.00029482,-0.00001237
0.00000370,-0.00015819,-0.00001256
0.00000380,-0.00014143,-0.00001261
0.00000390,-0.00015129,-0.00001252
0.00000400,0.00002678,-0.00001229
0.00000410,-0.00009582,-0.00001190
0.00000420,-0.00002934,-0.00001137
0.00000430,-0.00000743,-0.00001069
0.00000440,-0.00017308,-0.00000986
0.00000450,-0.00011052,-0.00000889
0.00000460,0.00007121,-0.00000779
0.00000470,-0.00009734,-0.00000657
0.00000480,-0.00012130,-0.00000523
0.00000490,-0.00027149,-0.00000380
0.00000500,-0.00012230,-0.00000227
0.00000510,0.00004784,-0.00000068
0.00000520,-0.00004575,0.00000097
0.00000530,-0.00006001,0.00000265
0.00000540,-0.00019728,0.00000435
0.00000550,-0.00014929,0.00000606
0.00000560,-0.00024536,0.00000776
0.00000570,-0.00017380,0.00000942
0.00000580,-0.00004480,0.00001104
0.00000590,-0.00022567,0.00001260
0.00000600,-0.00028530,0.00001407
0.00000610,-0.00033465,0.00001546
0.00000620,-0.00026687,0.00001675
0.00000630,-0.00025371,0.00001792
0.00000640,-0.00036298,0.00001897
0.00000650,-0.00048783,0.00001990
0.00000660,-0.00034616,0.00002069
0.00000670,-0.00029406,0.00002134
0.00000680,-0.00024832,0.00002185
0.00000690,-0.00003809,0.00002223
0.00000700,-0.00023365,0.00002247
0.00000710,-0.00025431,0.00002257
0.00000720,-0.00028629,0.00002256
0.00000730,-0.00028938,0.00002242
0.00000740,-0.00016516,0.00002217
0.00000750,-0.00026137,0.00002182
0.00000760,-0.00022845,0.00002139
0.00000770,-0.00018952,0.00002087
0.00000780,-0.00001573,0.00002030
0.00000790,-0.00015852,0.00001966
0.00000800,-0.00012541,0.00001899
0.00000810,-0.00019417,0.00001828
0.00000820,-0.00004814,0.00001756
0.00000830,-0.00007461,0.00001683
0.00000840,-0.00007629,0.00001610
0.00000850,-0.00009301,0.00001539
0.00000860,-0.00014358,0.00001469
0.00000870,-0.00015949,0.00001402
0.00000880,-0.00014706,0.00001338
0.00000890,-0.00011693,0.00001277
0.00000900,-0.00010515,0.00001221
0.00000910,0.00000642,0.00001169
0.00000920,0.00015370,0.00001121
0.00000930,0.00016482,0.00001077
0.00000940,-0.00005471,0.00001037
0.00000950,-0.00009435,0.00001001
0.00000960,-0.00019634,0.00000970
0.00000970,-0.00001605,0.00000941
0.00000980,-0.00009328,0.00000916
0.00000990,-0.00021969,0.00000893
0.00001000,0.00011115,0.00000874
0.00001010,-0.00003379,0.00000856
0.00001020,-0.00001769,0.00000840
0.00001030,-0.00006188,0.00000825
0.00001040,-0.00014587,0.00000811
0.00001050,-0.00015098,0.00000798
0.00001060,-0.00014256,0.00000786
0.00001070,-0.00017162,0.00000773
0.00001080,-0.00005047,0.00000759
0.00001090,0.00000287,0.00000744
0.00001100,-0.00012553,0.00000728
0.00001110,-0.00002686,0.00000711
0.00001120,-0.00003199,0.00000691
0.00001130,-0.00001743,0.00000668
0.00001140,0.00012663,0.00000642
0.00001150,0.00000957,0.00000613
0.00001160,-0.00013733,0.00000579
0.00001170,-0.00015998,0.00000541
0.00001180,-0.00004293,0.00000497
0.00001190,-0.00016194,0.00000448
0.00001200,-0.00013348,0.00000392
0.00001210,-0.00002195,0.00000329
0.00001220,-0.00029656,0.00000258
0.00001230,0.00000909,0.00000180
0.00001240,-0.00006596,0.00000092
0.00001250,-0.00024636,-0.00000004
0.00001260,-0.00012713,-0.00000111
0.00001270,-0.00026055,-0.00000227
0.00001280,-0.00009632,-0.00000353
0.00001290,-0.00019233,-0.00000491
0.00001300,-0.00021939,-0.00000639
0.00001310,-0.00013022,-0.00000797
0.00001320,-0.00014958,-0.00000967
0.00001330,0.00004190,-0.00001148
0.00001340,-0.00011443,-0.00001338
0.00001350,-0.00014369,-0.00001539
0.00001360,-0.00020290,-0.00001749
0.00001370,-0.00008476,-0.00001968
0.00001380,-0.00003893,-0.00002195
0.00001390,-0.00013946,-0.00002429
0.00001400,-0.00005833,-0.00002669
0.00001410,-0.00015665,-0.00002913
0.00001420,0.00000972,-0.00003162
0.00001430,-0.00004975,-0.00003413
0.00001440,-0.00010357,-0.00003664
0.00001450,-0.00030625,-0.00003915
0.00001460,-0.00041444,-0.00004164
0.00001470,-0.00030056,-0.00004409
0.00001480,-0.00032279,-0.00004649
0.00001490,-0.00029286,-0.00004882
0.00001500,-0.00045869,-0.00005106
0.00001510,-0.00019636,-0.00005319
0.00001520,-0.00027889,-0.00005521
0.00001530,-0.00044557,-0.00005708
0.00001540,-0.00015586,-0.00005880
0.00001550,-0.00036118,-0.00006035
0.00001560,-0.00012302,-0.00006172
0.00001570,-0.00015821,-0.00006289
0.00001580,-0.00022059,-0.00006384
0.00001590,-0.00032575,-0.00006458
0.00001600,-0.00027891,-0.00006507
0.00001610,-0.00020765,-0.00006532
0.00001620,-0.00025608,-0.00006533
0.00001630,-0.00001455,-0.00006507
0.00001640,-0.00009956,-0.00006455
0.00001650,-0.00019614,-0.00006377
0.00001660,-0.00020182,-0.00006272
0.00001670,-0.00016486,-0.00006141
0.00001680,-0.00021539,-0.00005983
0.00001690,-0.00026693,-0.00005800
0.00001700,-0.00010680,-0.00005593
0.00001710,-0.00018938,-0.00005361
0.00001720,-0.00010692,-0.00005106
0.00001730,0.00011866,-0.00004829
0.00001740,0.00007791,-0.00004531
0.00001750,0.00014903,-0.00004214
0.00001760,-0.00015778,-0.00003879
0.00001770,-0.00004818,-0.00003527
0.00001780,-0.00009839,-0.00003160
0.00001790,-0.00001198,-0.00002779
0.00001800,0.00005639,-0.00002386
0.00001810,-0.00012042,-0.00001982
0.00001820,0.00002418,-0.00001569
0.00001830,-0.00011586,-0.00001148
0.00001840,-0.00006606,-0.00000720
0.00001850,-0.00003080,-0.00000287
0.00001860,0.00002213,0.00000150
0.00001870,-0.00014426,0.00000590
0.00001880,-0.00023371,0.00001032
0.00001890,-0.00007522,0.00001474
0.00001900,-0.00002355,0.00001916
0.00001910,0.00003098,0.00002355
0.00001920,0.00004912,0.00002792
0.00001930,-0.00014033,0.00003224
0.00001940,-0.00003203,0.00003651
0.00001950,0.00003017,0.00004071
0.00001960,-0.00019335,0.00004484
0.00001970,-0.00019270,0.00004886
0.00001980,-0.00029770,0.00005279
0.00001990,-0.00030531,0.00005659
0.00002000,-0.00022808,0.00006027
0.00002010,-0.00024489,0.00006379
0.00002020,-0.00029742,0.00006716
0.00002030,-0.00020720,0.00007035
0.00002040,-0.00019313,0.00007335
0.00002050,-0.00021041,0.00007615
0.00002060,-0.00007959,0.00007873
0.00002070,-0.00019460,0.00008107
0.00002080,-0.00028106,0.00008318
0.00002090,-0.00018621,0.00008502
0.00002100,-0.00035777,0.00008659
0.00002110,-0.00020090,0.00008789
0.00002120,-0.00030616,0.00008889
0.00002130,-0.00021789,0.00008960
0.00002140,-0.00006029,0.00009000
0.00002150,-0.00020533,0.00009010
0.00002160,0.00002458,0.00008987
0.00002170,-0.00020394,0.00008934
0.00002180,-0.00019865,0.00008848
0.00002190,-0.00036594,0.00008731
0.00002200,-0.00019134,0.00008583
0.00002210,-0.00018843,0.00008404
0.00002220,-0.00036161,0.00008194
0.00002230,-0.00018417,0.00007954
0.00002240,-0.00013234,0.00007685
0.00002250,0.00001254,0.00007389
0.00002260,-0.00011453,0.00007065
0.00002270,-0.00002395,0.00006716
0.00002280,-0.00010629,0.00006343
0.00002290,-0.00007410,0.00005947
0.00002300,-0.00004685,0.00005531
0.00002310,-0.00012408,0.00005096
0.00002320,-0.00007257,0.00004643
0.00002330,-0.00018448,0.00004176
0.00002340,-0.00026724,0.00003695
0.00002350,-0.00030456,0.00003204
0.00002360,-0.00047689,0.00002704
0.00002370,-0.00019153,0.00002198
0.00002380,-0.00015007,0.00001688
0.00002390,-0.00031323,0.00001177
0.00002400,-0.00030175,0.00000667
0.00002410,-0.00039905,0.00000161
0.00002420,-0.00016469,-0.00000339
0.00002430,-0.00029349,-0.00000831
0.00002440,-0.00018140,-0.00001311
0.00002450,-0.00000664,-0.00001778
0.00002460,-0.00006272,-0.00002229
0.00002470,0.00006812,-0.00002663
0.00002480,-0.00019748,-0.00003077
0.00002490,-0.00001897,-0.00003470
0.00002500,-0.00002524,-0.00003839
0.00002510,-0.00010124,-0.00004184
0.00002520,0.00000119,-0.00004502
0.00002530,-0.00006978,-0.00004792
0.00002540,0.00016402,-0.00005054
0.00002550,0.00003970,-0.00005286
0.00002560,-0.00016258,-0.00005488
0.00002570,-0.00007013,-0.00005659
0.00002580,-0.00019925,-0.00005799
0.00002590,-0.00001653,-0.00005908
0.00002600,-0.00016050,-0.00005986
0.00002610,-0.00008285,-0.00006032
0.00002620,-0.00017408,-0.00006048
0.00002630,-0.00013760,-0.00006034
0.00002640,-0.00011141,-0.00005991
0.00002650,-0.00014302,-0.00005919
0.00002660,0.00002671,-0.00005820
0.00002670,-0.00009504,-0.00005695
0.00002680,-0.00011759,-0.00005544
0.00002690,-0.00020839,-0.00005370
0.00002700,-0.00014936,-0.00005174
0.00002710,-0.00023212,-0.00004956
0.00002720,-0.00021487,-0.00004720
0.00002730,-0.00018513,-0.00004465
0.00002740,-0.00023258,-0.00004194
0.00002750,-0.00000352,-0.00003909
0.00002760,-0.00004214,-0.00003611
0.00002770,-0.00015327,-0.00003302
0.00002780,-0.00020307,-0.00002983
0.00002790,-0.00015929,-0.00002657
0.00002800,-0.00016694,-0.00002324
0.00002810,-0.00009147,-0.00001987
0.00002820,-0.00017256,-0.00001648
0.00002830,-0.00008522,-0.00001307
0.00002840,-0.00010924,-0.00000967
0.00002850,-0.00012413,-0.00000630
0.00002860,-0.00006769,-0.00000296
0.00002870,-0.00014679,0.00000032
0.00002880,-0.00021328,0.00000353
0.00002890,-0.00020142,0.00000666
0.00002900,-0.00022418,0.00000968
0.00002910,-0.00026322,0.00001259
0.00002920,-0.00027762,0.00001538
0.00002930,-0.00023829,0.00001803
0.00002940,0.00005556,0.00002052
0.00002950,-0.00012368,0.00002285
0.00002960,-0.00021443,0.00002501
0.00002970,-0.00014844,0.00002698
0.00002980,-0.00021028,0.00002875
0.00002990,-0.00014748,0.00003031
0.00003000,-0.00005551,0.00003166
0.00003010,-0.00018284,0.00003279
0.00003020,-0.00024598,0.00003368
0.00003030,-0.00032045,0.00003434
0.00003040,-0.00041221,0.00003474
0.00003050,-0.00017794,0.00003490
0.00003060,-0.00022099,0.00003481
0.00003070,-0.00017155,0.00003446
0.00003080,-0.00009409,0.00003385
0.00003090,-0.00018761,0.00003299
0.00003100,0.00000497,0.00003188
0.00003110,-0.00007459,0.00003051
0.00003120,-0.00026268,0.00002890
0.00003130,-0.00016365,0.00002705
0.00003140,-0.00025873,0.00002498
0.00003150,-0.00014012,0.00002269
0.00003160,-0.00010417,0.00002019
0.00003170,-0.00019222,0.00001750
0.00003180,-0.00017553,0.00001463
0.00003190,-0.00031495,0.00001160
0.00003200,-0.00027171,0.00000842
0.00003210,-0.00013495,0.00000512
0.00003220,-0.00013453,0.00000172
0.00003230,-0.00017278,-0.00000178
0.00003240,-0.00021950,-0.00000534
0.00003250,-0.00034973,-0.00000895
0.00003260,-0.00015386,-0.00001259
0.00003270,-0.00027740,-0.00001624
0.00003280,-0.00013553,-0.00001988
0.00003290,-0.00020636,-0.00002349
0.00003300,-0.00035879,-0.00002705
0.00003310,-0.00024745,-0.00003053
0.00003320,-0.00017334,-0.00003393
0.00003330,-0.00000600,-0.00003722
0.00003340,-0.00006096,-0.00004038
0.00003350,0.00015916,-0.00004340
0.00003360,0.00007653,-0.00004626
0.00003370,-0.00009144,-0.00004894
0.00003380,-0.00010070,-0.00005143
0.00003390,-0.00015248,-0.00005371
0.00003400,-0.00023687,-0.00005578
0.00003410,-0.00020417,-0.00005761
0.00003420,-0.00008003,-0.00005919
0.00003430,-0.00016205,-0.00006052
0.00003440,-0.00030321,-0.00006159
0.00003450,-0.00028413,-0.00006239
0.00003460,-0.00033649,-0.00006292
0.00003470,-0.00032578,-0.00006316
0.00003480,-0.00039351,-0.00006312
0.00003490,-0.00040520,-0.00006280
0.00003500,-0.00027374,-0.00006220
0.00003510,-0.00024907,-0.00006131
0.00003520,-0.00016225,-0.00006014
0.00003530,-0.00012786,-0.00005870
0.00003540,-0.00020431,-0.00005699
0.00003550,-0.00024264,-0.00005502
0.00003560,-0.00018712,-0.00005279
0.00003570,-0.00008775,-0.00005031
0.00003580,-0.00008655,-0.00004760
0.00003590,0.00011832,-0.00004467
0.00003600,-0.00004555,-0.00004152
0.00003610,0.00001943,-0.00003817
0.00003620,0.00007584,-0.00003463
0.00003630,-0.00012452,-0.00003091
0.00003640,-0.00014582,-0.00002704
0.00003650,-0.00018205,-0.00002302
0.00003660,-0.00016682,-0.00001888
0.00003670,-0.00016007,-0.00001462
0.00003680,-0.00004204,-0.00001027
0.00003690,-0.00013806,-0.00000584
0.00003700,-0.00023499,-0.00000135
0.00003710,-0.00027147,0.00000319
0.00003720,-0.00032119,0.00000775
0.00003730,-0.00030867,0.00001232
0.00003740,-0.00019768,0.00001689
0.00003750,-0.00013632,0.00002142
0.00003760,-0.00005385,0.00002591
0.00003770,0.00008814,0.00003033
0.00003780,-0.00005146,0.00003468
0.00003790,-0.00011579,0.00003892
0.00003800,-0.00020856,0.00004304
0.00003810,-0.00017817,0.00004703
0.00003820,-0.00019810,0.00005086
0.00003830,-0.00025025,0.00005453
0.00003840,0.00001843,0.00005800
0.00003850,0.00009120,0.00006128
0.00003860,-0.00007375,0.00006434
0.00003870,-0.00011802,0.00006716
0.00003880,-0.00021050,0.00006974
0.00003890,-0.00017043,0.00007205
0.00003900,-0.00003547,0.00007410
0.00003910,-0.00001746,0.00007585
0.00003920,0.00010216,0.00007732
0.00003930,-0.00003970,0.00007848
0.00003940,-0.00005663,0.00007933
0.00003950,-0.00004704,0.00007986
0.00003960,-0.00009417,0.00008008
0.00003970,0.00008122,0.00007997
0.00003980,0.00002673,0.00007953
0.00003990,-0.00008966,0.00007877
0.00004000,-0.00020806,0.00007769
0.00004010,-0.00011531,0.00007629
0.00004020,-0.00013329,0.00007458
0.00004030,-0.00009443,0.00007256
0.00004040,-0.00019185,0.00007025
0.00004050,-0.00008158,0.00006766
0.00004060,-0.00002532,0.00006479
0.00004070,-0.00014794,0.00006167
0.00004080,-0.00017803,0.00005831
0.00004090,-0.00013426,0.00005473
0.00004100,-0.00007011,0.00005094
0.00004110,-0.00010387,0.00004697
0.00004120,-0.00001468,0.00004283
0.00004130,-0.00002015,0.00003854
0.00004140,-0.00011162,0.00003413
0.00004150,-0.00020941,0.00002962
0.00004160,-0.00009932,0.00002503
0.00004170,0.00016978,0.00002038
0.00004180,0.00002468,0.00001569
0.00004190,0.00008317,0.00001098
0.00004200,-0.00002682,0.00000628
0.00004210,0.00004501,0.00000160
0.00004220,0.00008567,-0.00000303
0.00004230,-0.00005986,-0.00000759
0.00004240,-0.00013880,-0.00001207
0.00004250,-0.00000183,-0.00001645
0.00004260,0.00015033,-0.00002071
0.00004270,-0.00013642,-0.00002483
0.00004280,-0.00014209,-0.00002879
0.00004290,-0.00025785,-0.00003259
0.00004300,-0.00021574,-0.00003620
0.00004310,-0.00019443,-0.00003962
0.00004320,-0.00011614,-0.00004282
0.00004330,-0.00005119,-0.00004581
0.00004340,-0.00017510,-0.00004856
0.00004350,-0.00033672,-0.00005106
0.00004360,-0.00004970,-0.00005332
0.00004370,-0.00012453,-0.00005532
0.00004380,-0.00011096,-0.00005706
0.00004390,-0.00005939,-0.00005853
0.00004400,-0.00004277,-0.00005972
0.00004410,0.00020778,-0.00006064
0.00004420,0.00014404,-0.00006128
0.00004430,0.00005674,-0.00006165
0.00004440,0.00005840,-0.00006174
0.00004450,-0.00006706,-0.00006156
0.00004460,-0.00000728,-0.00006110
0.00004470,0.00002421,-0.00006039
0.00004480,-0.00015430,-0.00005941
0.00004490,-0.00006210,-0.00005819
0.00004500,-0.00007657,-0.00005672
0.00004510,-0.00012288,-0.00005503
0.00004520,-0.00000908,-0.00005311
0.00004530,-0.00008060,-0.00005099
0.00004540,-0.00005595,-0.00004868
0.00004550,0.00003358,-0.00004619
0.00004560,-0.00000723,-0.00004354
0.00004570,-0.00011891,-0.00004074
0.00004580,-0.00008130,-0.00003781
0.00004590,-0.00009971,-0.00003477
0.00004600,-0.00010847,-0.00003164
0.00004610,-0.00000958,-0.00002844
0.00004620,-0.00005842,-0.00002517
0.00004630,-0.00004305,-0.00002187
0.00004640,0.00002512,-0.00001855
0.00004650,-0.00016011,-0.00001521
0.00004660,0.00004149,-0.00001190
0.00004670,-0.00001217,-0.00000860
0.00004680,-0.00013005,-0.00000536
0.00004690,0.00000352,-0.00000217
0.00004700,-0.00006846,0.00000095
0.00004710,-0.00018343,0.00000398
0.00004720,-0.00018974,0.00000691
0.00004730,-0.00018284,0.00000973
0.00004740,-0.00010768,0.00001242
0.00004750,-0.00014322,0.00001498
0.00004760,-0.00032798,0.00001739
0.00004770,-0.00019192,0.00001965
0.00004780,-0.00029381,0.00002175
0.00004790,-0.00028727,0.00002368
0.00004800,-0.00034142,0.00002543
0.00004810,-0.00022898,0.00002699
0.00004820,-0.00026987,0.00002837
0.00004830,-0.00028698,0.00002956
0.00004840,-0.00019637,0.00003056
0.00004850,-0.00013776,0.00003137
0.00004860,-0.00015021,0.00003199
0.00004870,-0.00014162,0.00003242
0.00004880,-0.00021112,0.00003267
0.00004890,-0.00011865,0.00003274
0.00004900,-0.00009057,0.00003264
0.00004910,-0.00028082,0.00003238
0.00004920,-0.00013065,0.00003196
0.00004930,-0.00027238,0.00003140
0.00004940,-0.00024547,0.00003071
0.00004950,-0.00017133,0.00002990
0.00004960,-0.00039708,0.00002897
0.00004970,-0.00028034,0.00002795
0.00004980,-0.00027463,0.00002684
0.00004990,-0.00014755,0.00002565
0.00005000,-0.00015151,0.00002440
0.00005010,-0.00015472,0.00002309
0.00005020,0.00008536,0.00002174
0.00005030,-0.00018023,0.00002035
0.00005040,-0.00010901,0.00001893
0.00005050,-0.00013105,0.00001749
0.00005060,-0.00012510,0.00001604
0.00005070,-0.00001294,0.00001459
0.00005080,-0.00016293,0.00001314
0.00005090,-0.00024358,0.00001169
0.00005100,-0.00010011,0.00001027
0.00005110,-0.00007697,0.00000886
0.00005120,-0.00011991,0.00000749
0.00005130,-0.00002537,0.00000614
0.00005140,-0.00010961,0.00000484
0.00005150,0.00004308,0.00000359
0.00005160,-0.00022131,0.00000238
0.00005170,-0.00022476,0.00000123
0.00005180,-0.00020569,0.00000015
0.00005190,-0.00021362,-0.00000087
0.00005200,0.00000651,-0.00000182
0.00005210,-0.00012314,-0.00000270
0.00005220,-0.00020767,-0.00000349
0.00005230,-0.00017990,-0.00000421
0.00005240,0.00005695,-0.00000485
0.00005250,-0.00018620,-0.00000540
0.00005260,0.00000198,-0.00000587
0.00005270,-0.00005930,-0.00000626
0.00005280,-0.00023811,-0.00000656
0.00005290,-0.00000804,-0.00000679
0.00005300,-0.00004918,-0.00000693
0.00005310,0.00002456,-0.00000700
0.00005320,-0.00020053,-0.00000699
0.00005330,0.00009750,-0.00000692
0.00005340,-0.00001661,-0.00000678
0.00005350,0.00006784,-0.00000657
0.00005360,0.00011040,-0.00000632
0.00005370,-0.00014491,-0.00000601
0.00005380,-0.00007135,-0.00000566
0.00005390,-0.00037862,-0.00000527
0.00005400,-0.00001060,-0.00000484
0.00005410,-0.00018651,-0.00000439
0.00005420,-0.00024845,-0.00000392
0.00005430,-0.00026820,-0.00000343
0.00005440,-0.00041796,-0.00000294
0.00005450,-0.00037468,-0.00000244
0.00005460,-0.00036175,-0.00000195
0.00005470,-0.00012030,-0.00000147
0.00005480,-0.00020153,-0.00000101
0.00005490,-0.00030592,-0.00000058
0.00005500,-0.00018986,-0.00000017
0.00005510,-0.00015888,0.00000020
0.00005520,-0.00006109,0.00000054
0.00005530,0.00005136,0.00000082
0.00005540,0.00003813,0.00000106
0.00005550,-0.00030426,0.00000124
0.00005560,-0.00021644,0.00000136
0.00005570,-0.00004224,0.00000142
0.00005580,-0.00014286,0.00000141
0.00005590,0.00015274,0.00000132
0.00005600,0.00003852,0.00000117
0.00005610,0.00000313,0.00000093
0.00005620,-0.00015029,0.00000062
0.00005630,-0.00020607,0.00000022
0.00005640,-0.00014280,-0.00000025
0.00005650,-0.00030332,-0.00000081
0.00005660,0.00000678,-0.00000146
0.00005670,-0.00034157,-0.00000219
0.00005680,-0.00022340,-0.00000300
0.00005690,-0.00033929,-0.00000389
0.00005700,-0.00023366,-0.00000486
0.00005710,-0.00019317,-0.00000591
0.00005720,-0.00023598,-0.00000702
0.00005730,-0.00010594,-0.00000821
0.00005740,-0.00012591,-0.00000945
0.00005750,-0.00015836,-0.00001074
0.00005760,-0.00006021,-0.00001207
0.00005770,0.00006397,-0.00001343
0.00005780,-0.00005215,-0.00001482
0.00005790,-0.00014195,-0.00001622
0.00005800,-0.00026769,-0.00001761
0.00005810,0.00005069,-0.00001899
0.00005820,-0.00009320,-0.00002035
0.00005830,-0.00027092,-0.00002166
0.00005840,-0.00030430,-0.00002292
0.00005850,-0.00012156,-0.00002412
0.00005860,-0.00015214,-0.00002524
0.00005870,-0.00022750,-0.00002627
0.00005880,-0.00013430,-0.00002719
0.00005890,-0.00025768,-0.00002801
0.00005900,-0.00021984,-0.00002870
0.00005910,-0.00027085,-0.00002925
0.00005920,-0.00024917,-0.00002967
0.00005930,-0.00004481,-0.00002994
0.00005940,-0.00011268,-0.00003006
0.00005950,-0.00000794,-0.00003001
0.00005960,-0.00014034,-0.00002981
0.00005970,-0.00010965,-0.00002943
0.00005980,-0.00001064,-0.00002888
0.00005990,-0.00018842,-0.00002816
0.00006000,0.00009429,-0.00002726
0.00006010,0.00004573,-0.00002619
0.00006020,-0.00001012,-0.00002494
0.00006030,-0.00006577,-0.00002352
0.00006040,-0.00010312,-0.00002193
0.00006050,-0.00010920,-0.00002017
0.00006060,-0.00027687,-0.00001825
0.00006070,-0.00013751,-0.00001617
0.00006080,-0.00029117,-0.00001395
0.00006090,-0.00014662,-0.00001158
0.00006100,-0.00018054,-0.00000909
0.00006110,-0.00026286,-0.00000647
0.00006120,-0.00017835,-0.00000375
0.00006130,-0.00024737,-0.00000094
0.00006140,-0.00002941,0.00000195
0.00006150,0.00004766,0.00000491
0.00006160,0.00001186,0.00000791
0.00006170,-0.00010900,0.00001094
0.00006180,-0.00010381,0.00001399
0.00006190,-0.00010272,0.00001703
0.00006200,-0.00015723,0.00002004
0.00006210,-0.00019739,0.00002302
0.00006220,-0.00022887,0.00002593
0.00006230,-0.00025625,0.00002876
0.00006240,-0.00018922,0.00003150
0.00006250,-0.00009779,0.00003413
0.00006260,-0.00007573,0.00003663
0.00006270,-0.00006601,0.00003898
0.00006280,-0.00025111,0.00004119
0.00006290,-0.00021409,0.00004322
0.00006300,-0.00021082,0.00004508
0.00006310,-0.00033191,0.00004675
0.00006320,-0.00039703,0.00004823
0.00006330,-0.00027529,0.00004951
0.00006340,-0.00021980,0.00005059
0.00006350,-0.00018771,0.00005146
0.00006360,-0.00025324,0.00005212
0.00006370,-0.00023830,0.00005257
0.00006380,-0.00013971,0.00005281
0.00006390,-0.00029823,0.00005284
0.00006400,-0.00025311,0.00005267
0.00006410,-0.00024395,0.00005229
0.00006420,-0.00020268,0.00005170
0.00006430,-0.00019609,0.00005092
0.00006440,-0.00011240,0.00004994
0.00006450,-0.00009486,0.00004876
0.00006460,-0.00040151,0.00004739
0.00006470,-0.00029693,0.00004584
0.00006480,-0.00022584,0.00004410
0.00006490,-0.00014872,0.00004217
0.00006500,-0.00025085,0.00004007
0.00006510,-0.00024506,0.00003779
0.00006520,-0.00030746,0.00003534
0.00006530,-0.00056345,0.00003272
0.00006540,-0.00033868,0.00002995
0.00006550,-0.00026733,0.00002701
0.00006560,-0.00030392,0.00002393
0.00006570,-0.00014402,0.00002070
0.00006580,-0.00016345,0.00001734
0.00006590,-0.00013680,0.00001386
0.00006600,-0.00001662,0.00001027
0.00006610,-0.00023077,0.00000658
0.00006620,-0.00010249,0.00000280
0.00006630,-0.00022406,-0.00000104
0.00006640,-0.00038734,-0.00000495
0.00006650,-0.00036273,-0.00000888
0.00006660,-0.00023934,-0.00001284
0.00006670,-0.00011204,-0.00001679
0.00006680,-0.00010038,-0.00002071
0.00006690,-0.00018469,-0.00002459
0.00006700,-0.00021210,-0.00002841
0.00006710,-0.00015848,-0.00003213
0.00006720,-0.00016662,-0.00003575
0.00006730,-0.00016173,-0.00003924
0.00006740,-0.00011976,-0.00004258
0.00006750,-0.00001153,-0.00004575
0.00006760,-0.00005817,-0.00004873
0.00006770,-0.00016143,-0.00005151
0.00006780,0.00006897,-0.00005407
0.00006790,-0.00005074,-0.00005640
0.00006800,-0.00018352,-0.00005848
0.00006810,-0.00020218,-0.00006030
0.00006820,-0.00022640,-0.00006184
0.00006830,-0.00016621,-0.00006311
0.00006840,-0.00014351,-0.00006409
0.00006850,-0.00015078,-0.00006477
0.00006860,0.00005531,-0.00006515
0.00006870,-0.00001334,-0.00006522
0.00006880,-0.00009353,-0.00006499
0.00006890,-0.00004735,-0.00006446
0.00006900,-0.00004736,-0.00006361
0.00006910,-0.00013133,-0.00006246
0.00006920,-0.00018002,-0.00006102
0.00006930,0.00011241,-0.00005927
0.00006940,0.00010784,-0.00005724
0.00006950,-0.00001159,-0.00005493
0.00006960,-0.00025022,-0.00005235
0.00006970,-0.00016561,-0.00004952
0.00006980,-0.00011427,-0.00004643
0.00006990,-0.00019092,-0.00004312
0.00007000,0.00007597,-0.00003958
0.00007010,-0.00010223,-0.00003584
0.00007020,0.00006146,-0.00003191
0.00007030,-0.00006435,-0.00002781
0.00007040,-0.00025336,-0.00002355
0.00007050,-0.00017388,-0.00001916
0.00007060,-0.00024508,-0.00001464
0.00007070,-0.00032370,-0.00001003
0.00007080,-0.00022072,-0.00000533
0.00007090,0.00000485,-0.00000058
0.00007100,-0.00006951,0.00000422
0.00007110,-0.00007667,0.00000904
0.00007120,-0.00029735,0.00001385
0.00007130,-0.00008950,0.00001864
0.00007140,-0.00022565,0.00002339
0.00007150,-0.00029530,0.00002807
0.00007160,-0.00027211,0.00003266
0.00007170,-0.00057764,0.00003714
0.00007180,-0.00006069,0.00004149
0.00007190,-0.00031410,0.00004568
0.00007200,-0.00021391,0.00004970
0.00007210,-0.00005808,0.00005351
0.00007220,-0.00020404,0.00005711
0.00007230,0.00035972,0.00006046
0.00007240,0.00076856,0.00006356
0.00007250,0.00164242,0.00006638
0.00007260,0.00284107,0.00006891
0.00007270,0.00441210,0.00007113
0.00007280,0.00649428,0.00007303
0.00007290,0.00887314,0.00007460
0.00007300,0.01202999,0.00007582
0.00007310,0.01532462,0.00007670
0.00007320,0.01961101,0.00007721
0.00007330,0.02424190,0.00007737
0.00007340,0.02934906,0.00007716
0.00007350,0.03548588,0.00007658
0.00007360,0.04195391,0.00007564
0.00007370,0.04879762,0.00007434
0.00007380,0.05618811,0.00007268
0.00007390,0.06420378,0.00007066
0.00007400,0.07252667,0.00006830
0.00007410,0.08121823,0.00006561
0.00007420,0.09029718,0.00006258
0.00007430,0.09950023,0.00005924
0.00007440,0.10898509,0.00005559
0.00007450,0.11808396,0.00005166
0.00007460,0.12710343,0.00004744
0.00007470,0.13625023,0.00004296
0.00007480,0.14481471,0.00003824
0.00007490,0.15292241,0.00003329
0.00007500,0.16059012,0.00002812
0.00007510,0.16750710,0.00002276
0.00007520,0.17341239,0.00001722
0.00007530,0.17860438,0.00001153
0.00007540,0.18248076,0.00000570
0.00007550,0.18499349,-0.00000025
0.00007560,0.18620918,-0.00000629
0.00007570,0.18570814,-0.00001240
0.00007580,0.18354175,-0.00001857
0.00007590,0.17967765,-0.00002477
0.00007600,0.17413184,-0.00003098
0.00007610,0.16648427,-0.00003717
0.00007620,0.15669398,-0.00004332
0.00007630,0.14461433,-0.00004941
0.00007640,0.13069389,-0.00005541
0.00007650,0.11451168,-0.00006131
0.00007660,0.09579868,-0.00006707
0.00007670,0.07480124,-0.00007268
0.00007680,0.05142717,-0.00007811
0.00007690,0.02595670,-0.00008335
0.00007700,-0.00190090,-0.00008836
0.00007710,-0.03167010,-0.00009312
0.00007720,-0.06391444,-0.00009762
0.00007730,-0.09836189,-0.00010183
0.00007740,-0.13460979,-0.00010574
0.00007750,-0.17297818,-0.00010931
0.00007760,-0.21274384,-0.00011254
0.00007770,-0.25430400,-0.00011540
0.00007780,-0.29698920,-0.00011787
0.00007790,-0.34106083,-0.00011993
0.00007800,-0.38618373,-0.00012157
0.00007810,-0.43189841,-0.00012277
0.00007820,-0.47827318,-0.00012351
0.00007830,-0.52474185,-0.00012377
0.00007840,-0.57125296,-0.00012355
0.00007850,-0.61761048,-0.00012282
0.00007860,-0.66329498,-0.00012159
0.00007870,-0.70814431,-0.00011983
0.00007880,-0.75153713,-0.00011754
0.00007890,-0.79354565,-0.00011472
0.00007900,-0.83384244,-0.00011136
0.00007910,-0.87203185,-0.00010746
0.00007920,-0.90780507,-0.00010301
0.00007930,-0.94056714,-0.00009801
0.00007940,-0.97022664,-0.00009248
0.00007950,-0.99655389,-0.00008642
0.00007960,-1.01905817,-0.00007982
0.00007970,-1.03789598,-0.00007271
0.00007980,-1.05250582,-0.00006509
0.00007990,-1.06246306,-0.00005698
0.00008000,-1.06739421,-0.00004838
0.00008010,-1.06770826,-0.00003933
0.00008020,-1.06258176,-0.00002984
0.00008030,-1.05214332,-0.00001993
0.00008040,-1.03630171,-0.00000963
0.00008050,-1.01449048,0.00000103
0.00008060,-0.98704543,0.00001203
0.00008070,-0.95360089,0.00002332
0.00008080,-0.91424822,0.00003488
0.00008090,-0.86890256,0.00004666
0.00008100,-0.81764291,0.00005863
0.00008110,-0.76047356,0.00007073
0.00008120,-0.69730209,0.00008292
0.00008130,-0.62867228,0.00009516
0.00008140,-0.55424341,0.00010737
0.00008150,-0.47450263,0.00011952
0.00008160,-0.38951443,0.00013154
0.00008170,-0.29941314,0.00014337
0.00008180,-0.20489899,0.00015495
0.00008190,-0.10582368,0.00016621
0.00008200,-0.00289914,0.00017709
0.00008210,0.10390800,0.00018753
0.00008220,0.21374029,0.00019746
0.00008230,0.32612099,0.00020682
0.00008240,0.44090196,0.00021553
0.00008250,0.55769795,0.00022352
0.00008260,0.67600564,0.00023075
0.00008270,0.79489284,0.00023713
0.00008280,0.91455654,0.00024261
0.00008290,1.03358418,0.00024713
0.00008300,1.15171217,0.00025062
0.00008310,1.26850132,0.00025303
0.00008320,1.38328569,0.00025431
0.00008330,1.49507742,0.00025441
0.00008340,1.60362512,0.00025328
0.00008350,1.70844890,0.00025089
0.00008360,1.80900779,0.00024719
0.00008370,1.90461200,0.00024216
0.00008380,1.99420905,0.00023577
0.00008390,2.07768603,0.00022802
0.00008400,2.15437532,0.00021889
0.00008410,2.22389627,0.00020838
0.00008420,2.28568353,0.00019651
0.00008430,2.33903439,0.00018328
0.00008440,2.38368836,0.00016872
0.00008450,2.41923001,0.00015287
0.00008460,2.44531473,0.00013576
0.00008470,2.46152996,0.00011746
0.00008480,2.46754163,0.00009803
0.00008490,2.46315354,0.00007752
0.00008500,2.44817718,0.00005603
0.00008510,2.42217604,0.00003365
0.00008520,2.38533771,0.00001046
0.00008530,2.33752907,-0.00001343
0.00008540,2.27860582,-0.00003790
0.00008550,2.20838064,-0.00006284
0.00008560,2.12749396,-0.00008812
0.00008570,2.03557826,-0.00011361
0.00008580,1.93318235,-0.00013918
0.00008590,1.82031246,-0.00016469
0.00008600,1.69714874,-0.00018999
0.00008610,1.56460313,-0.00021493
0.00008620,1.42252273,-0.00023938
0.00008630,1.27155429,-0.00026319
0.00008640,1.11199878,-0.00028620
0.00008650,0.94470827,-0.00030828
0.00008660,0.77023772,-0.00032928
0.00008670,0.58907435,-0.00034906
0.00008680,0.40195373,-0.00036749
0.00008690,0.20978526,-0.00038443
0.00008700,0.01285487,-0.00039977
0.00008710,-0.18740907,-0.00041337
0.00008720,-0.39086872,-0.00042513
0.00008730,-0.59634153,-0.00043495
0.00008740,-0.80286749,-0.00044272
0.00008750,-1.00977588,-0.00044837
0.00008760,-1.21575080,-0.00045183
0.00008770,-1.42066344,-0.00045301
0.00008780,-1.62271517,-0.00045187
0.00008790,-1.82147554,-0.00044838
0.00008800,-2.01599962,-0.00044248
0.00008810,-2.20518972,-0.00043417
0.00008820,-2.38813698,-0.00042344
0.00008830,-2.56416487,-0.00041030
0.00008840,-2.73209910,-0.00039475
0.00008850,-2.89131197,-0.00037684
0.00008860,-3.04121304,-0.00035661
0.00008870,-3.18045953,-0.00033412
0.00008880,-3.30890780,-0.00030943
0.00008890,-3.42536468,-0.00028262
0.00008900,-3.52930167,-0.00025381
0.00008910,-3.62029440,-0.00022308
0.00008920,-3.69749108,-0.00019057
0.00008930,-3.76065141,-0.00015640
0.00008940,-3.80935737,-0.00012073
0.00008950,-3.84302890,-0.00008369
0.00008960,-3.86129568,-0.00004546
0.00008970,-3.86358270,-0.00000621
0.00008980,-3.85033759,0.00003389
0.00008990,-3.82094971,0.00007464
0.00009000,-3.77568809,0.00011585
0.00009010,-3.71448701,0.00015732
0.00009020,-3.63720629,0.00019885
0.00009030,-3.54434175,0.00024022
0.00009040,-3.43555666,0.00028122
0.00009050,-3.31177494,0.00032164
0.00009060,-3.17293587,0.00036127
0.00009070,-3.01973667,0.00039988
0.00009080,-2.85267348,0.00043728
0.00009090,-2.67184795,0.00047323
0.00009100,-2.47848243,0.00050754
0.00009110,-2.27316675,0.00054000
0.00009120,-2.05645109,0.00057041
0.00009130,-1.82931409,0.00059859
0.00009140,-1.59247654,0.00062434
0.00009150,-1.34699438,0.00064749
0.00009160,-1.09361618,0.00066787
0.00009170,-0.83368776,0.00068533
0.00009180,-0.56796918,0.00069973
0.00009190,-0.29782283,0.00071093
0.00009200,-0.02436207,0.00071882
0.00009210,0.25167688,0.00072328
0.00009220,0.52870085,0.00072424
0.00009230,0.80608138,0.00072162
0.00009240,1.08207595,0.00071537
0.00009250,1.35594278,0.00070545
0.00009260,1.62627727,0.00069184
0.00009270,1.89173054,0.00067454
0.00009280,2.15132006,0.00065356
0.00009290,2.40405538,0.00062896
0.00009300,2.64907430,0.00060077
0.00009310,2.88454178,0.00056908
0.00009320,3.11007093,0.00053399
0.00009330,3.32430324,0.00049562
0.00009340,3.52615112,0.00045408
0.00009350,3.71495327,0.00040955
0.00009360,3.88971553,0.00036219
0.00009370,4.04981100,0.00031219
0.00009380,4.19443562,0.00025975
0.00009390,4.32267732,0.00020510
0.00009400,4.43445601,0.00014847
0.00009410,4.52852851,0.00009011
0.00009420,4.60496455,0.00003027
0.00009430,4.66297925,-0.00003076
0.00009440,4.70253401,-0.00009270
0.00009450,4.72347475,-0.00015527
0.00009460,4.72529889,-0.00021817
0.00009470,4.70831436,-0.00028109
0.00009480,4.67180667,-0.00034373
0.00009490,4.61653780,-0.00040577
0.00009500,4.54229833,-0.00046690
0.00009510,4.44986051,-0.00052681
0.00009520,4.33908327,-0.00058519
0.00009530,4.21019931,-0.00064174
0.00009540,4.06417397,-0.00069615
0.00009550,3.90119880,-0.00074812
0.00009560,3.72229997,-0.00079738
0.00009570,3.52779605,-0.00084363
0.00009580,3.31914106,-0.00088663
0.00009590,3.09616453,-0.00092611
0.00009600,2.86057620,-0.00096184
0.00009610,2.61330150,-0.00099359
0.00009620,2.35497422,-0.00102116
0.00009630,2.08698131,-0.00104436
0.00009640,1.81008654,-0.00106303
0.00009650,1.52578633,-0.00107700
0.00009660,1.23502607,-0.00108616
0.00009670,0.93902111,-0.00109041
0.00009680,0.63930249,-0.00108965
0.00009690,0.33672717,-0.00108384
0.00009700,0.03288684,-0.00107294
0.00009710,-0.27109111,-0.00105693
0.00009720,-0.57416916,-0.00103584
0.00009730,-0.87462127,-0.00100970
0.00009740,-1.17138965,-0.00097858
0.00009750,-1.46328513,-0.00094256
0.00009760,-1.74899597,-0.00090177
0.00009770,-2.02754393,-0.00085633
0.00009780,-2.29755687,-0.00080641
0.00009790,-2.55792828,-0.00075219
0.00009800,-2.80742677,-0.00069389
0.00009810,-3.04559811,-0.00063172
0.00009820,-3.27119730,-0.00056594
0.00009830,-3.48298245,-0.00049681
0.00009840,-3.68051364,-0.00042462
0.00009850,-3.86253857,-0.00034968
0.00009860,-4.02887796,-0.00027230
0.00009870,-4.17855919,-0.00019282
0.00009880,-4.31094611,-0.00011159
0.00009890,-4.42577845,-0.00002896
0.00009900,-4.52233574,0.00005470
0.00009910,-4.60077157,0.00013902
0.00009920,-4.66026803,0.00022361
0.00009930,-4.70104446,0.00030809
0.00009940,-4.72244386,0.00039207
0.00009950,-4.72496629,0.00047516
0.00009960,-4.70828630,0.00055698
0.00009970,-4.67273700,0.00063715
0.00009980,-4.61891870,0.00071528
0.00009990,-4.54649599,0.00079100
0.00010000,-4.45614942,0.00086396
0.00010010,-4.34827426,0.00093379
0.00010020,-4.22359254,0.00100015
0.00010030,-4.08258036,0.00106273
0.00010040,-3.92576907,0.00112119
0.00010050,-3.75408784,0.00117526
0.00010060,-3.56803714,0.00122465
0.00010070,-3.36902121,0.00126910
0.00010080,-3.15749743,0.00130837
0.00010090,-2.93433944,0.00134226
0.00010100,-2.70091931,0.00137056
0.00010110,-2.45786284,0.00139312
0.00010120,-2.20682218,0.00140979
0.00010130,-1.94848862,0.00142045
0.00010140,-1.68401621,0.00142501
0.00010150,-1.41452092,0.00142343
0.00010160,-1.14131888,0.00141565
0.00010170,-0.86591421,0.00140167
0.00010180,-0.58866391,0.00138153
0.00010190,-0.31148516,0.00135527
0.00010200,-0.03513985,0.00132297
0.00010210,0.23902055,0.00128475
0.00010220,0.50994593,0.00124073
0.00010230,0.77642730,0.00119109
0.00010240,1.03728891,0.00113601
0.00010250,1.29214773,0.00107571
0.00010260,1.53907921,0.00101043
0.00010270,1.77782567,0.00094044
0.00010280,2.00705402,0.00086603
0.00010290,2.22579716,0.00078750
0.00010300,2.43367232,0.00070518
0.00010310,2.62949311,0.00061942
0.00010320,2.81291942,0.00053059
0.00010330,2.98301882,0.00043906
0.00010340,3.13922716,0.00034523
0.00010350,3.28120728,0.00024950
0.00010360,3.40829479,0.00015229
0.00010370,3.52028381,0.00005401
0.00010380,3.61667460,-0.00004489
0.00010390,3.69723062,-0.00014399
0.00010400,3.76184801,-0.00024286
0.00010410,3.81077653,-0.00034105
0.00010420,3.84342711,-0.00043813
0.00010430,3.86010325,-0.00053366
0.00010440,3.86117140,-0.00062723
0.00010450,3.84638387,-0.00071840
0.00010460,3.81634635,-0.00080678
0.00010470,3.77108220,-0.00089197
0.00010480,3.71105802,-0.00097357
0.00010490,3.63702325,-0.00105123
0.00010500,3.54898989,-0.00112458
0.00010510,3.44783754,-0.00119330
0.00010520,3.33391082,-0.00125707
0.00010530,3.20808961,-0.00131560
0.00010540,3.07106026,-0.00136862
0.00010550,2.92350515,-0.00141589
0.00010560,2.76615481,-0.00145720
0.00010570,2.60000450,-0.00149235
0.00010580,2.42576769,-0.00152119
0.00010590,2.24434767,-0.00154358
0.00010600,2.05637689,-0.00155941
0.00010610,1.86285954,-0.00156863
0.00010620,1.66502949,-0.00157119
0.00010630,1.46370271,-0.00156707
0.00010640,1.25987748,-0.00155631
0.00010650,1.05420676,-0.00153895
0.00010660,0.84765992,-0.00151507
0.00010670,0.64103676,-0.00148480
0.00010680,0.43557249,-0.00144826
0.00010690,0.23181354,-0.00140564
0.00010700,0.03057071,-0.00135713
0.00010710,-0.16681031,-0.00130296
0.00010720,-0.36024409,-0.00124337
0.00010730,-0.54851194,-0.00117864
0.00010740,-0.73092726,-0.00110906
0.00010750,-0.90691994,-0.00103496
0.00010760,-1.07552066,-0.00095666
0.00010770,-1.23642410,-0.00087453
0.00010780,-1.38898171,-0.00078893
0.00010790,-1.53319263,-0.00070023
0.00010800,-1.66779199,-0.00060885
0.00010810,-1.79277975,-0.00051518
0.00010820,-1.90777415,-0.00041964
0.00010830,-2.01227971,-0.00032265
0.00010840,-2.10650369,-0.00022463
0.00010850,-2.18972901,-0.00012602
0.00010860,-2.26204224,-0.00002723
0.00010870,-2.32369134,0.00007130
0.00010880,-2.37399376,0.00016914
0.00010890,-2.41317462,0.00026588
0.00010900,-2.44163541,0.00036109
0.00010910,-2.45903895,0.00045438
0.00010920,-2.46576875,0.00054535
0.00010930,-2.46216771,0.00063360
0.00010940,-2.44803492,0.00071877
0.00010950,-2.42398844,0.00080049
0.00010960,-2.39069347,0.00087844
0.00010970,-2.34788862,0.00095228
0.00010980,-2.29632837,0.00102171
0.00010990,-2.23637750,0.00108645
0.00011000,-2.16843290,0.00114624
0.00011010,-2.09356382,0.00120084
0.00011020,-2.01159991,0.00125005
0.00011030,-1.92331195,0.00129368
0.00011040,-1.82923799,0.00133156
0.00011050,-1.72985018,0.00136359
0.00011060,-1.62614100,0.00138964
0.00011070,-1.51846689,0.00140964
0.00011080,-1.40727010,0.00142355
0.00011090,-1.29337723,0.00143136
0.00011100,-1.17695353,0.00143306
0.00011110,-1.05927021,0.00142871
0.00011120,-0.94074521,0.00141836
0.00011130,-0.82141916,0.00140212
0.00011140,-0.70267700,0.00138009
0.00011150,-0.58436267,0.00135243
0.00011160,-0.46738939,0.00131931
0.00011170,-0.35182999,0.00128092
0.00011180,-0.23871252,0.00123748
0.00011190,-0.12810687,0.00118922
0.00011200,-0.02104802,0.00113640
0.00011210,0.08248635,0.00107930
0.00011220,0.18233578,0.00101821
0.00011230,0.27767148,0.00095344
0.00011240,0.36853121,0.00088530
0.00011250,0.45439539,0.00081414
0.00011260,0.53522953,0.00074030
0.00011270,0.61077199,0.00066412
0.00011280,0.68079470,0.00058598
0.00011290,0.74496105,0.00050622
0.00011300,0.80344909,0.00042523
0.00011310,0.85588347,0.00034337
0.00011320,0.90242382,0.00026101
0.00011330,0.94283246,0.00017852
0.00011340,0.97759846,0.00009627
0.00011350,1.00647928,0.00001461
0.00011360,1.02923836,-0.00006610
0.00011370,1.04650137,-0.00014552
0.00011380,1.05813099,-0.00022331
0.00011390,1.06448073,-0.00029915
0.00011400,1.06532014,-0.00037272
0.00011410,1.06166241,-0.00044374
0.00011420,1.05286792,-0.00051193
0.00011430,1.03917248,-0.00057700
0.00011440,1.02168912,-0.00063874
0.00011450,0.99980685,-0.00069689
0.00011460,0.97440305,-0.00075126
0.00011470,0.94550665,-0.00080165
0.00011480,0.91330199,-0.00084791
0.00011490,0.87837069,-0.00088988
0.00011500,0.84097752,-0.00092744
0.00011510,0.80136154,-0.00096049
0.00011520,0.75968327,-0.00098894
0.00011530,0.71676103,-0.00101275
0.00011540,0.67236207,-0.00103186
0.00011550,0.62681883,-0.00104628
0.00011560,0.58090295,-0.00105600
0.00011570,0.53452158,-0.00106106
0.00011580,0.48822566,-0.00106151
0.00011590,0.44207349,-0.00105741
0.00011600,0.39627512,-0.00104887
0.00011610,0.35136361,-0.00103598
0.00011620,0.30716379,-0.00101888
0.00011630,0.26427184,-0.00099771
0.00011640,0.22266006,-0.00097264
0.00011650,0.18246696,-0.00094385
0.00011660,0.14413322,-0.00091152
0.00011670,0.10735646,-0.00087587
0.00011680,0.07286950,-0.00083710
0.00011690,0.04036396,-0.00079546
0.00011700,0.01002962,-0.00075118
0.00011710,-0.01829336,-0.00070451
0.00011720,-0.04438853,-0.00065571
0.00011730,-0.06792992,-0.00060503
0.00011740,-0.08955907,-0.00055274
0.00011750,-0.10869737,-0.00049911
0.00011760,-0.12538983,-0.00044441
0.00011770,-0.13993299,-0.00038891
0.00011780,-0.15213888,-0.00033289
0.00011790,-0.16234882,-0.00027662
0.00011800,-0.17060676,-0.00022036
0.00011810,-0.17678808,-0.00016438
0.00011820,-0.18080350,-0.00010892
0.00011830,-0.18341392,-0.00005425
0.00011840,-0.18428149,-0.00000060
0.00011850,-0.18338604,0.00005179
0.00011860,-0.18127298,0.00010272
0.00011870,-0.17773273,0.00015195
0.00011880,-0.17325622,0.00019931
0.00011890,-0.16741039,0.00024460
0.00011900,-0.16080025,0.00028766
0.00011910,-0.15340486,0.00032833
0.00011920,-0.14547174,0.00036649
0.00011930,-0.13704528,0.00040199
0.00011940,-0.12833598,0.00043475
0.00011950,-0.11942770,0.00046467
0.00011960,-0.11030578,0.00049169
0.00011970,-0.10114093,0.00051574
0.00011980,-0.09197149,0.00053680
0.00011990,-0.08306044,0.00055484
0.00012000,-0.07449706,0.00056986
0.00012010,-0.06624365,0.00058187
0.00012020,-0.05841166,0.00059090
0.00012030,-0.05064266,0.00059699
0.00012040,-0.04369589,0.00060021
0.00012050,-0.03726843,0.00060061
0.00012060,-0.03136341,0.00059828
0.00012070,-0.02621526,0.00059333
0.00012080,-0.02142917,0.00058585
0.00012090,-0.01739980,0.00057597
0.00012100,-0.01385581,0.00056380
0.00012110,-0.01088809,0.00054949
0.00012120,-0.00825531,0.00053318
0.00012130,-0.00631563,0.00051500
0.00012140,-0.00469048,0.00049513
0.00012150,-0.00347046,0.00047371
0.00012160,-0.00281213,0.00045090
0.00012170,-0.00226542,0.00042687
0.00012180,-0.00185153,0.00040177
0.00012190,-0.00163477,0.00037578
0.00012200,-0.00153430,0.00034906
0.00012210,-0.00147455,0.00032176
0.00012220,-0.00145170,0.00029404
0.00012230,-0.00144786,0.00026607
0.00012240,-0.00146119,0.00023798
0.00012250,-0.00138722,0.00020994
0.00012260,-0.00148536,0.00018207
0.00012270,-0.00132322,0.00015453
0.00012280,-0.00131299,0.00012742
0.00012290,-0.00156145,0.00010089
0.00012300,-0.00155635,0.00007504
0.00012310,-0.00137428,0.00004997
0.00012320,-0.00125871,0.00002580
0.00012330,-0.00107296,0.00000260
0.00012340,-0.00102594,-0.00001954
0.00012350,-0.00104469,-0.00004054
0.00012360,-0.00092848,-0.00006036
0.00012370,-0.00085017,-0.00007892
0.00012380,-0.00083555,-0.00009620
0.00012390,-0.00058002,-0.00011215
0.00012400,-0.00037697,-0.00012676
0.00012410,-0.00046622,-0.00014000
0.00012420,-0.00029992,-0.00015186
0.00012430,-0.00005220,-0.00016237
0.00012440,-0.00011718,-0.00017151
0.00012450,-0.00003338,-0.00017932
0.00012460,-0.00019779,-0.00018582
0.00012470,-0.00021414,-0.00019104
0.00012480,-0.00018047,-0.00019502
0.00012490,-0.00023881,-0.00019782
0.00012500,-0.00029639,-0.00019949
0.00012510,-0.00013150,-0.00020009
0.00012520,0.00005953,-0.00019967
0.00012530,-0.00011314,-0.00019831
0.00012540,0.00033402,-0.00019608
0.00012550,0.00038522,-0.00019304
0.00012560,0.00031882,-0.00018927
0.00012570,0.00032359,-0.00018485
0.00012580,0.00027252,-0.00017985
0.00012590,0.00042177,-0.00017434
0.00012600,0.00039856,-0.00016840
0.00012610,0.00043556,-0.00016210
0.00012620,0.00051427,-0.00015551
0.00012630,0.00069737,-0.00014870
0.00012640,0.00062963,-0.00014174
0.00012650,0.00072347,-0.00013467
0.00012660,0.00071807,-0.00012757
0.00012670,0.00056540,-0.00012049
0.00012680,0.00062240,-0.00011347
0.00012690,0.00039154,-0.00010657
0.00012700,0.00031056,-0.00009983
0.00012710,0.00039329,-0.00009328
0.00012720,0.00057739,-0.00008696
0.00012730,0.00049003,-0.00008089
0.00012740,0.00039585,-0.00007511
0.00012750,0.00060773,-0.00006964
0.00012760,0.00053346,-0.00006450
0.00012770,0.00032444,-0.00005969
0.00012780,0.00029696,-0.00005524
0.00012790,0.00014346,-0.00005116
0.00012800,0.00022976,-0.00004743
0.00012810,0.00023491,-0.00004408
0.00012820,0.00020933,-0.00004109
0.00012830,0.00021273,-0.00003846
0.00012840,0.00012341,-0.00003618
0.00012850,0.00015719,-0.00003425
0.00012860,0.00028565,-0.00003264
0.00012870,0.00017715,-0.00003134
0.00012880,0.00012417,-0.00003034
0.00012890,0.00006855,-0.00002960
0.00012900,-0.00013744,-0.00002911
0.00012910,-0.00014298,-0.00002885
0.00012920,-0.00029762,-0.00002877
0.00012930,-0.00031462,-0.00002886
0.00012940,-0.00025009,-0.00002909
0.00012950,-0.00020740,-0.00002941
0.00012960,-0.00035064,-0.00002981
0.00012970,-0.00033233,-0.00003024
0.00012980,-0.00036276,-0.00003068
0.00012990,-0.00039764,-0.00003109
0.00013000,-0.00053012,-0.00003144
0.00013010,-0.00053580,-0.00003170
0.00013020,-0.00043361,-0.00003184
0.00013030,-0.00048459,-0.00003182
0.00013040,-0.00034893,-0.00003162
0.00013050,-0.00058119,-0.00003121
0.00013060,-0.00044254,-0.00003058
0.00013070,-0.00041954,-0.00002969
0.00013080,-0.00050434,-0.00002852
0.00013090,-0.00051234,-0.00002707
0.00013100,-0.00058248,-0.00002531
0.00013110,-0.00058201,-0.00002324
0.00013120,-0.00064604,-0.00002084
0.00013130,-0.00041114,-0.00001810
0.00013140,-0.00044375,-0.00001503
0.00013150,-0.00052652,-0.00001163
0.00013160,-0.00071864,-0.00000789
0.00013170,-0.00068205,-0.00000381
0.00013180,-0.00044910,0.00000059
0.00013190,-0.00048299,0.00000530
0.00013200,-0.00023412,0.00001032
0.00013210,-0.00026482,0.00001562
0.00013220,-0.00045549,0.00002119
0.00013230,-0.00034671,0.00002701
0.00013240,-0.00039149,0.00003305
0.00013250,-0.00034848,0.00003929
0.00013260,-0.00020182,0.00004570
0.00013270,-0.00007093,0.00005225
0.00013280,-0.00010295,0.00005889
0.00013290,-0.00006467,0.00006560
0.00013300,-0.00003155,0.00007233
0.00013310,-0.00023930,0.00007904
0.00013320,-0.00014639,0.00008568
0.00013330,-0.00022321,0.00009222
0.00013340,-0.00023936,0.00009859
0.00013350,-0.00012104,0.00010475
0.00013360,-0.00002485,0.00011065
0.00013370,-0.00000542,0.00011623
0.00013380,-0.00002532,0.00012146
0.00013390,0.00001852,0.00012626
0.00013400,-0.00012225,0.00013060
0.00013410,-0.00000014,0.00013442
0.00013420,0.00003642,0.00013768
0.00013430,0.00002497,0.00014033
0.00013440,0.00008441,0.00014233
0.00013450,0.00008556,0.00014364
0.00013460,-0.00008472,0.00014422
0.00013470,-0.00003203,0.00014404
0.00013480,0.00002225,0.00014308
0.00013490,0.00010417,0.00014131
0.00013500,0.00026532,0.00013872
0.00013510,0.00014948,0.00013529
0.00013520,0.00007972,0.00013103
0.00013530,0.00008123,0.00012593
0.00013540,-0.00004077,0.00012000
0.00013550,-0.00001058,0.00011325
0.00013560,-0.00017442,0.00010571
0.00013570,-0.00020796,0.00009740
0.00013580,-0.00023460,0.00008836
0.00013590,-0.00023256,0.00007862
0.00013600,0.00011857,0.00006823
0.00013610,0.00001222,0.00005724
0.00013620,-0.00002140,0.00004571
0.00013630,-0.00013087,0.00003369
0.00013640,-0.00035974,0.00002127
0.00013650,-0.00035330,0.00000849
0.00013660,-0.00041210,-0.00000455
0.00013670,-0.00040739,-0.00001778
0.00013680,-0.00056997,-0.00003113
0.00013690,-0.00024112,-0.00004452
0.00013700,-0.00038591,-0.00005785
0.00013710,-0.00036148,-0.00007105
0.00013720,-0.00038977,-0.00008403
0.00013730,-0.00037588,-0.00009671
0.00013740,-0.00027338,-0.00010901
0.00013750,-0.00024194,-0.00012085
0.00013760,-0.00015351,-0.00013215
0.00013770,-0.00040344,-0.00014284
0.00013780,-0.00036831,-0.00015284
0.00013790,-0.00042151,-0.00016209
0.00013800,-0.00045576,-0.00017054
0.00013810,-0.00011176,-0.00017811
0.00013820,-0.00016524,-0.00018477
0.00013830,-0.00004221,-0.00019047
0.00013840,-0.00029586,-0.00019516
0.00013850,-0.00027330,-0.00019881
0.00013860,-0.00010095,-0.00020140
0.00013870,-0.00030787,-0.00020291
0.00013880,-0.00031693,-0.00020332
0.00013890,-0.00026326,-0.00020263
0.00013900,-0.00013590,-0.00020083
0.00013910,-0.00023081,-0.00019793
0.00013920,-0.00020158,-0.00019395
0.00013930,-0.00000662,-0.00018890
0.00013940,0.00001748,-0.00018281
0.00013950,-0.00015066,-0.00017570
0.00013960,-0.00030351,-0.00016762
0.00013970,-0.00014972,-0.00015861
0.00013980,-0.00023073,-0.00014870
0.00013990,-0.00013142,-0.00013796
0.00014000,0.00008509,-0.00012643
0.00014010,0.00008017,-0.00011416
0.00014020,0.00008494,-0.00010123
0.00014030,-0.00021782,-0.00008769
0.00014040,-0.00005074,-0.00007361
0.00014050,0.00000369,-0.00005905
0.00014060,-0.00013882,-0.00004409
0.00014070,0.00001535,-0.00002878
0.00014080,0.00014465,-0.00001321
0.00014090,0.00039530,0.00000257
0.00014100,0.00030203,0.00001848
0.00014110,0.00031814,0.00003445
0.00014120,0.00018200,0.00005042
0.00014130,-0.00011517,0.00006631
0.00014140,0.00019992,0.00008206
0.00014150,0.00023681,0.00009760
0.00014160,0.00003043,0.00011288
0.00014170,0.00007642,0.00012781
0.00014180,0.00034948,0.00014235
0.00014190,0.00029297,0.00015642
0.00014200,0.00019962,0.00016998
0.00014210,0.00006548,0.00018295
0.00014220,-0.00004555,0.00019530
0.00014230,-0.00006599,0.00020695
0.00014240,-0.00007506,0.00021787
0.00014250,0.00015747,0.00022799
0.00014260,-0.00000319,0.00023728
0.00014270,0.00023394,0.00024569
0.00014280,0.00001833,0.00025316
0.00014290,-0.00005564,0.00025968
0.00014300,-0.00004299,0.00026518
0.00014310,-0.00005355,0.00026965
0.00014320,0.00014960,0.00027305
0.00014330,0.00003596,0.00027535
0.00014340,-0.00006932,0.00027653
0.00014350,-0.00017502,0.00027656
0.00014360,-0.00041672,0.00027543
0.00014370,-0.00033374,0.00027313
0.00014380,-0.00030864,0.00026963
0.00014390,-0.00035709,0.00026495
0.00014400,-0.00036888,0.00025907
0.00014410,-0.00043240,0.00025201
0.00014420,-0.00034175,0.00024376
0.00014430,-0.00049845,0.00023433
0.00014440,-0.00056997,0.00022375
0.00014450,-0.00034132,0.00021203
0.00014460,-0.00034155,0.00019920
0.00014470,-0.00036457,0.00018530
0.00014480,-0.00047727,0.00017034
0.00014490,-0.00046867,0.00015438
0.00014500,-0.00056134,0.00013746
0.00014510,-0.00047750,0.00011963
0.00014520,-0.00039690,0.00010095
0.00014530,-0.00037765,0.00008146
0.00014540,-0.00044692,0.00006124
0.00014550,-0.00071739,0.00004035
0.00014560,-0.00047266,0.00001886
0.00014570,-0.00052869,-0.00000315
0.00014580,-0.00073635,-0.00002560
0.00014590,-0.00070878,-0.00004841
0.00014600,-0.00046579,-0.00007149
0.00014610,-0.00038855,-0.00009475
0.00014620,-0.00050420,-0.00011810
0.00014630,-0.00046167,-0.00014143
0.00014640,-0.00034322,-0.00016467
0.00014650,-0.00024332,-0.00018769
0.00014660,-0.00030852,-0.00021040
0.00014670,-0.00029109,-0.00023270
0.00014680,-0.00027255,-0.00025447
0.00014690,-0.00033369,-0.00027563
0.00014700,-0.00042749,-0.00029606
0.00014710,-0.00036457,-0.00031566
0.00014720,-0.00007605,-0.00033433
0.00014730,-0.00016196,-0.00035198
0.00014740,-0.00021731,-0.00036850
0.00014750,-0.00003158,-0.00038381
0.00014760,-0.00014608,-0.00039782
0.00014770,-0.00015703,-0.00041045
0.00014780,-0.00022960,-0.00042161
0.00014790,-0.00008125,-0.00043124
0.00014800,-0.00004085,-0.00043927
0.00014810,0.00004793,-0.00044564
0.00014820,0.00013485,-0.00045029
0.00014830,0.00008474,-0.00045319
0.00014840,-0.00001049,-0.00045428
0.00014850,0.00014919,-0.00045353
0.00014860,0.00012249,-0.00045092
0.00014870,0.00002927,-0.00044644
0.00014880,0.00000425,-0.00044007
0.00014890,0.00014678,-0.00043181
0.00014900,0.00010149,-0.00042167
0.00014910,0.00014802,-0.00040967
0.00014920,0.00018546,-0.00039581
0.00014930,-0.00003876,-0.00038015
0.00014940,0.00002401,-0.00036271
0.00014950,-0.00002837,-0.00034354
0.00014960,-0.00001436,-0.00032270
0.00014970,0.00012970,-0.00030025
0.00014980,0.00012732,-0.00027626
0.00014990,0.00015158,-0.00025081
0.00015000,0.00003300,-0.00022398
0.00015010,0.00006231,-0.00019586
0.00015020,0.00011329,-0.00016655
0.00015030,0.00024449,-0.00013615
0.00015040,0.00042286,-0.00010477
0.00015050,0.00009243,-0.00007254
0.00015060,0.00024710,-0.00003956
0.00015070,0.00013464,-0.00000596
0.00015080,0.00007392,0.00002813
0.00015090,0.00020519,0.00006257
0.00015100,0.00003767,0.00009724
0.00015110,0.00026167,0.00013199
0.00015120,0.00006462,0.00016668
0.00015130,0.00003497,0.00020118
0.00015140,0.00000018,0.00023534
0.00015150,-0.00012733,0.00026901
0.00015160,-0.00009629,0.00030207
0.00015170,-0.00009695,0.00033436
0.00015180,-0.00016279,0.00036574
0.00015190,-0.00005154,0.00039609
0.00015200,-0.00012758,0.00042527
0.00015210,-0.00013557,0.00045314
0.00015220,-0.00029158,0.00047960
0.00015230,-0.00024410,0.00050450
0.00015240,-0.00022593,0.00052775
0.00015250,-0.00007885,0.00054924
0.00015260,0.00019289,0.00056885
0.00015270,-0.00009901,0.00058651
0.00015280,-0.00031946,0.00060213
0.00015290,-0.00021875,0.00061563
0.00015300,-0.00022298,0.00062694
0.00015310,-0.00024240,0.00063600
0.00015320,-0.00012381,0.00064277
0.00015330,-0.00023258,0.00064719
0.00015340,-0.00026595,0.00064925
0.00015350,-0.00028977,0.00064891
0.00015360,-0.00028390,0.00064617
0.00015370,-0.00047413,0.00064102
0.00015380,-0.00043517,0.00063346
0.00015390,-0.00043070,0.00062352
0.00015400,-0.00048170,0.00061121
0.00015410,-0.00022231,0.00059657
0.00015420,-0.00007384,0.00057965
0.00015430,0.00006219,0.00056049
0.00015440,-0.00016567,0.00053916
0.00015450,0.00004413,0.00051572
0.00015460,-0.00010232,0.00049026
0.00015470,-0.00010321,0.00046286
0.00015480,-0.00007120,0.00043360
0.00015490,-0.00034806,0.00040261
0.00015500,-0.00021611,0.00036997
0.00015510,-0.00014035,0.00033580
0.00015520,-0.00004506,0.00030024
0.00015530,-0.00012753,0.00026339
0.00015540,-0.00012759,0.00022539
0.00015550,-0.00001278,0.00018638
0.00015560,-0.00006701,0.00014651
0.00015570,-0.00007651,0.00010590
0.00015580,-0.00010669,0.00006471
0.00015590,-0.00015877,0.00002309
0.00015600,-0.00032496,-0.00001881
0.00015610,-0.00036537,-0.00006084
0.00015620,-0.00025237,-0.00010285
0.00015630,-0.00026433,-0.00014469
0.00015640,-0.00018542,-0.00018621
0.00015650,-0.00012542,-0.00022726
0.00015660,-0.00017580,-0.00026769
0.00015670,-0.00035367,-0.00030736
0.00015680,-0.00040663,-0.00034614
0.00015690,-0.00005797,-0.00038388
0.00015700,-0.00024169,-0.00042045
0.00015710,-0.00023436,-0.00045572
0.00015720,-0.00020755,-0.00048957
0.00015730,-0.00036974,-0.00052189
0.00015740,-0.00049916,-0.00055256
0.00015750,-0.00065561,-0.00058147
0.00015760,-0.00036017,-0.00060853
0.00015770,-0.00038921,-0.00063363
0.00015780,-0.00045239,-0.00065671
0.00015790,-0.00035353,-0.00067767
0.00015800,-0.00039904,-0.00069644
0.00015810,-0.00026429,-0.00071296
0.00015820,-0.00031774,-0.00072717
0.00015830,-0.00039041,-0.00073902
0.00015840,-0.00032598,-0.00074848
0.00015850,-0.00037590,-0.00075550
0.00015860,-0.00022195,-0.00076005
0.00015870,-0.00034461,-0.00076214
0.00015880,-0.00064962,-0.00076173
0.00015890,-0.00065229,-0.00075884
0.00015900,-0.00050208,-0.00075347
0.00015910,-0.00069114,-0.00074564
0.00015920,-0.00067385,-0.00073536
0.00015930,-0.00049547,-0.00072268
0.00015940,-0.00056792,-0.00070762
0.00015950,-0.00042042,-0.00069025
0.00015960,-0.00063745,-0.00067060
0.00015970,-0.00042144,-0.00064875
0.00015980,-0.00019380,-0.00062477
0.00015990,-0.00051494,-0.00059873
0.00016000,-0.00048799,-0.00057072
0.00016010,-0.00058647,-0.00054083
0.00016020,-0.00048876,-0.00050916
0.00016030,-0.00062010,-0.00047581
0.00016040,-0.00061429,-0.00044089
0.00016050,-0.00037643,-0.00040451
0.00016060,-0.00027703,-0.00036680
0.00016070,-0.00008189,-0.00032786
0.00016080,0.00006722,-0.00028784
0.00016090,-0.00019725,-0.00024686
0.00016100,-0.00002311,-0.00020505
0.00016110,-0.00023635,-0.00016254
0.00016120,-0.00005313,-0.00011947
0.00016130,-0.00020268,-0.00007598
0.00016140,0.00007678,-0.00003221
0.00016150,0.00016056,0.00001171
0.00016160,0.00002072,0.00005565
0.00016170,0.00020881,0.00009945
0.00016180,0.00004675,0.00014299
0.00016190,0.00014826,0.00018614
0.00016200,0.00008330,0.00022876
0.00016210,0.00020904,0.00027071
0.00016220,0.00034325,0.00031188
0.00016230,0.00042191,0.00035213
0.00016240,0.00042075,0.00039134
0.00016250,0.00038849,0.00042940
0.00016260,0.00052167,0.00046618
0.00016270,0.00049450,0.00050158
0.00016280,0.00080435,0.00053548
0.00016290,0.00066254,0.00056778
0.00016300,0.00059783,0.00059839
0.00016310,0.00079762,0.00062720
0.00016320,0.00069946,0.00065412
0.00016330,0.00082099,0.00067909
0.00016340,0.00087379,0.00070201
0.00016350,0.00093596,0.00072281
0.00016360,0.00091607,0.00074144
0.00016370,0.00071744,0.00075783
0.00016380,0.00077610,0.00077194
0.00016390,0.00082714,0.00078371
0.00016400,0.00062387,0.00079312
0.00016410,0.00062074,0.00080012
0.00016420,0.00056222,0.00080470
0.00016430,0.00058244,0.00080685
0.00016440,0.00058534,0.00080654
0.00016450,0.00065426,0.00080377
0.00016460,0.00050377,0.00079856
0.00016470,0.00038114,0.00079091
0.00016480,0.00049356,0.00078083
0.00016490,0.00039619,0.00076836
0.00016500,0.00028365,0.00075352
0.00016510,0.00019090,0.00073634
0.00016520,0.00009369,0.00071688
0.00016530,0.00009691,0.00069517
0.00016540,0.00017512,0.00067129
0.00016550,0.00001666,0.00064528
0.00016560,-0.00012768,0.00061723
0.00016570,-0.00014073,0.00058719
0.00016580,-0.00010596,0.00055526
0.00016590,0.00008138,0.00052153
0.00016600,-0.00001918,0.00048608
0.00016610,-0.00035549,0.00044902
0.00016620,-0.00033689,0.00041045
0.00016630,-0.00048583,0.00037048
0.00016640,-0.00055833,0.00032923
0.00016650,-0.00055507,0.00028683
0.00016660,-0.00078978,0.00024339
0.00016670,-0.00077031,0.00019905
0.00016680,-0.00076667,0.00015395
0.00016690,-0.00072666,0.00010821
0.00016700,-0.00108286,0.00006200
0.00016710,-0.00107694,0.00001544
0.00016720,-0.00103347,-0.00003130
0.00016730,-0.00123478,-0.00007809
0.00016740,-0.00125526,-0.00012477
0.00016750,-0.00142632,-0.00017119
0.00016760,-0.00133089,-0.00021720
0.00016770,-0.00140280,-0.00026264
0.00016780,-0.00127952,-0.00030736
0.00016790,-0.00154121,-0.00035122
0.00016800,-0.00157049,-0.00039405
0.00016810,-0.00146884,-0.00043573
0.00016820,-0.00171295,-0.00047610
0.00016830,-0.00121778,-0.00051502
0.00016840,-0.00148164,-0.00055236
0.00016850,-0.00153511,-0.00058798
0.00016860,-0.00171525,-0.00062175
0.00016870,-0.00179921,-0.00065356
0.00016880,-0.00151813,-0.00068329
0.00016890,-0.00158135,-0.00071083
0.00016900,-0.00134110,-0.00073607
0.00016910,-0.00129094,-0.00075892
0.00016920,-0.00130479,-0.00077930
0.00016930,-0.00146295,-0.00079712
0.00016940,-0.00140671,-0.00081232
0.00016950,-0.00143367,-0.00082483
0.00016960,-0.00136871,-0.00083460
0.00016970,-0.00113822,-0.00084159
0.00016980,-0.00108062,-0.00084577
0.00016990,-0.00084548,-0.00084711
0.00017000,-0.00062025,-0.00084561
0.00017010,-0.00062355,-0.00084125
0.00017020,-0.00079156,-0.00083406
0.00017030,-0.00048800,-0.00082405
0.00017040,-0.00037603,-0.00081126
0.00017050,-0.00031477,-0.00079572
0.00017060,-0.00020645,-0.00077748
0.00017070,-0.00041941,-0.00075660
0.00017080,-0.00047610,-0.00073316
0.00017090,-0.00017261,-0.00070724
0.00017100,0.00019291,-0.00067893
0.00017110,0.00024504,-0.00064833
0.00017120,0.00036995,-0.00061553
0.00017130,0.00044772,-0.00058067
0.00017140,0.00044247,-0.00054386
0.00017150,0.00039085,-0.00050524
0.00017160,0.00060336,-0.00046493
0.00017170,0.00077754,-0.00042309
0.00017180,0.00087420,-0.00037986
0.00017190,0.00121031,-0.00033539
0.00017200,0.00124899,-0.00028985
0.00017210,0.00132170,-0.00024339
0.00017220,0.00139149,-0.00019617
0.00017230,0.00136331,-0.00014837
0.00017240,0.00154635,-0.00010014
0.00017250,0.00154985,-0.00005166
0.00017260,0.00154391,-0.00000309
0.00017270,0.00142326,0.00004539
0.00017280,0.00169671,0.00009361
0.00017290,0.00152641,0.00014142
0.00017300,0.00178063,0.00018864
0.00017310,0.00178422,0.00023511
0.00017320,0.00166863,0.00028068
0.00017330,0.00169673,0.00032518
0.00017340,0.00166985,0.00036846
0.00017350,0.00173856,0.00041038
0.00017360,0.00156677,0.00045078
0.00017370,0.00183996,0.00048955
0.00017380,0.00176549,0.00052654
0.00017390,0.00165444,0.00056163
0.00017400,0.00173289,0.00059471
0.00017410,0.00152953,0.00062566
0.00017420,0.00146444,0.00065438
0.00017430,0.00133289,0.00068078
0.00017440,0.00116766,0.00070478
0.00017450,0.00125273,0.00072629
0.00017460,0.00092731,0.00074525
0.00017470,0.00082888,0.00076160
0.00017480,0.00100872,0.00077530
0.00017490,0.00074950,0.00078629
0.00017500,0.00075782,0.00079456
0.00017510,0.00056247,0.00080007
0.00017520,0.00047832,0.00080282
0.00017530,0.00026646,0.00080280
0.00017540,0.00013409,0.00080003
0.00017550,0.00006949,0.00079452
0.00017560,0.00006459,0.00078629
0.00017570,-0.00001045,0.00077539
0.00017580,-0.00016892,0.00076186
0.00017590,-0.00035779,0.00074575
0.00017600,-0.00059483,0.00072713
0.00017610,-0.00060668,0.00070607
0.00017620,-0.00070064,0.00068266
0.00017630,-0.00065566,0.00065698
0.00017640,-0.00077367,0.00062914
0.00017650,-0.00094310,0.00059925
0.00017660,-0.00088859,0.00056741
0.00017670,-0.00123631,0.00053375
0.00017680,-0.00132243,0.00049839
0.00017690,-0.00123392,0.00046148
0.00017700,-0.00138866,0.00042314
0.00017710,-0.00137042,0.00038353
0.00017720,-0.00169756,0.00034280
0.00017730,-0.00160349,0.00030109
0.00017740,-0.00181861,0.00025857
0.00017750,-0.00206866,0.00021540
0.00017760,-0.00191794,0.00017173
0.00017770,-0.00216278,0.00012773
0.00017780,-0.00202444,0.00008357
0.00017790,-0.00202229,0.00003941
0.00017800,-0.00195255,-0.00000458
0.00017810,-0.00189174,-0.00004824
0.00017820,-0.00216182,-0.00009142
0.00017830,-0.00208784,-0.00013395
0.00017840,-0.00205297,-0.00017567
0.00017850,-0.00204649,-0.00021645
0.00017860,-0.00180967,-0.00025614
0.00017870,-0.00185958,-0.00029459
0.00017880,-0.00187380,-0.00033169
0.00017890,-0.00185623,-0.00036730
0.00017900,-0.00172239,-0.00040131
0.00017910,-0.00168424,-0.00043362
0.00017920,-0.00165072,-0.00046412
0.00017930,-0.00153418,-0.00049273
0.00017940,-0.00147912,-0.00051937
0.00017950,-0.00153459,-0.00054397
0.00017960,-0.00141889,-0.00056647
0.00017970,-0.00103332,-0.00058681
0.00017980,-0.00119309,-0.00060497
0.00017990,-0.00089582,-0.00062090
0.00018000,-0.00091740,-0.00063459
0.00018010,-0.00094896,-0.00064601
0.00018020,-0.00068666,-0.00065518
0.00018030,-0.00075524,-0.00066208
0.00018040,-0.00054879,-0.00066674
0.00018050,-0.00046336,-0.00066916
0.00018060,-0.00047902,-0.00066938
0.00018070,-0.00021547,-0.00066743
0.00018080,-0.00011330,-0.00066335
0.00018090,-0.00002307,-0.00065717
0.00018100,0.00019664,-0.00064895
0.00018110,0.00017926,-0.00063875
0.00018120,0.00036503,-0.00062661
0.00018130,0.00067130,-0.00061260
0.00018140,0.00070964,-0.00059679
0.00018150,0.00073164,-0.00057924
0.00018160,0.00080993,-0.00056004
0.00018170,0.00095004,-0.00053924
0.00018180,0.00103404,-0.00051694
0.00018190,0.00103160,-0.00049322
0.00018200,0.00090586,-0.00046815
0.00018210,0.00110844,-0.00044182
0.00018220,0.00124135,-0.00041433
0.00018230,0.00123586,-0.00038575
0.00018240,0.00137911,-0.00035619
0.00018250,0.00138271,-0.00032574
0.00018260,0.00135464,-0.00029450
0.00018270,0.00138474,-0.00026256
0.00018280,0.00140593,-0.00023003
0.00018290,0.00150548,-0.00019700
0.00018300,0.00180565,-0.00016358
0.00018310,0.00177259,-0.00012988
0.00018320,0.00172803,-0.00009601
0.00018330,0.00172790,-0.00006206
0.00018340,0.00160150,-0.00002815
0.00018350,0.00145048,0.00000561
0.00018360,0.00142204,0.00003911
0.00018370,0.00135291,0.00007224
0.00018380,0.00132653,0.00010491
0.00018390,0.00120625,0.00013699
0.00018400,0.00124831,0.00016838
0.00018410,0.00114137,0.00019899
0.00018420,0.00104960,0.00022870
0.00018430,0.00115951,0.00025743
0.00018440,0.00087343,0.00028507
0.00018450,0.00098020,0.00031153
0.00018460,0.00086672,0.00033674
0.00018470,0.00063871,0.00036061
0.00018480,0.00053597,0.00038306
0.00018490,0.00065449,0.00040403
0.00018500,0.00064170,0.00042345
0.00018510,0.00048057,0.00044127
0.00018520,0.00049214,0.00045743
0.00018530,0.00027128,0.00047190
0.00018540,0.00029393,0.00048463
0.00018550,0.00006125,0.00049560
0.00018560,-0.00009254,0.00050479
0.00018570,-0.00006505,0.00051219
0.00018580,-0.00034872,0.00051777
0.00018590,-0.00039454,0.00052155
0.00018600,-0.00028703,0.00052353
0.00018610,-0.00050149,0.00052372
0.00018620,-0.00071258,0.00052214
0.00018630,-0.00054016,0.00051883
0.00018640,-0.00062366,0.00051380
0.00018650,-0.00073650,0.00050711
0.00018660,-0.00080021,0.00049880
0.00018670,-0.00105585,0.00048892
0.00018680,-0.00107237,0.00047752
0.00018690,-0.00105166,0.00046468
0.00018700,-0.00095828,0.00045045
0.00018710,-0.00097772,0.00043491
0.00018720,-0.00128461,0.00041814
0.00018730,-0.00109062,0.00040021
0.00018740,-0.00108851,0.00038121
0.00018750,-0.00118791,0.00036123
0.00018760,-0.00124182,0.00034036
0.00018770,-0.00114371,0.00031868
0.00018780,-0.00116285,0.00029629
0.00018790,-0.00116722,0.00027328
0.00018800,-0.00115567,0.00024974
0.00018810,-0.00124366,0.00022577
0.00018820,-0.00140554,0.00020146
0.00018830,-0.00133784,0.00017691
0.00018840,-0.00122249,0.00015219
0.00018850,-0.00122432,0.00012740
0.00018860,-0.00110798,0.00010263
0.00018870,-0.00120381,0.00007795
0.00018880,-0.00115172,0.00005345
0.00018890,-0.00113773,0.00002920
0.00018900,-0.00109852,0.00000527
0.00018910,-0.00116199,-0.00001826
0.00018920,-0.00119869,-0.00004134
0.00018930,-0.00114738,-0.00006390
0.00018940,-0.00107339,-0.00008589
0.00018950,-0.00074045,-0.00010725
0.00018960,-0.00085696,-0.00012794
0.00018970,-0.00063933,-0.00014790
0.00018980,-0.00064939,-0.00016711
0.00018990,-0.00083444,-0.00018553
0.00019000,-0.00058083,-0.00020311
0.00019010,-0.00053541,-0.00021984
0.00019020,-0.00035310,-0.00023568
0.00019030,-0.00041339,-0.00025062
0.00019040,-0.00045161,-0.00026464
0.00019050,-0.00039542,-0.00027771
0.00019060,-0.00039299,-0.00028984
0.00019070,-0.00011132,-0.00030100
0.00019080,-0.00021133,-0.00031121
0.00019090,-0.00013812,-0.00032044
0.00019100,-0.00023219,-0.00032872
0.00019110,-0.00009043,-0.00033603
0.00019120,-0.00013538,-0.00034239
0.00019130,-0.00011190,-0.00034781
0.00019140,0.00009240,-0.00035230
0.00019150,-0.00003305,-0.00035589
0.00019160,0.00025427,-0.00035858
0.00019170,0.00023104,-0.00036040
0.00019180,0.00021937,-0.00036138
0.00019190,0.00023916,-0.00036153
0.00019200,0.00019579,-0.00036090
0.00019210,0.00038871,-0.00035950
0.00019220,0.00035481,-0.00035737
0.00019230,0.00035336,-0.00035454
0.00019240,0.00042373,-0.00035103
0.00019250,0.00037838,-0.00034688
0.00019260,0.00042525,-0.00034212
0.00019270,0.00030903,-0.00033676
0.00019280,0.00039154,-0.00033084
0.00019290,0.00035357,-0.00032438
0.00019300,0.00035829,-0.00031740
0.00019310,0.00036896,-0.00030991
0.00019320,0.00045241,-0.00030194
0.00019330,0.00043797,-0.00029350
0.00019340,0.00043340,-0.00028460
0.00019350,0.00032056,-0.00027523
0.00019360,0.00039783,-0.00026542
0.00019370,0.00042960,-0.00025516
0.00019380,0.00048975,-0.00024444
0.00019390,0.00050221,-0.00023327
0.00019400,0.00045070,-0.00022163
0.00019410,0.00039781,-0.00020953
0.00019420,0.00041210,-0.00019694
0.00019430,0.00051591,-0.00018386
0.00019440,0.00043723,-0.00017026
0.00019450,0.00050696,-0.00015614
0.00019460,0.00033576,-0.00014148
0.00019470,0.00036243,-0.00012627
0.00019480,0.00037223,-0.00011047
0.00019490,0.00031787,-0.00009409
0.00019500,0.00038115,-0.00007711
0.00019510,0.00020806,-0.00005952
0.00019520,0.00010367,-0.00004130
0.00019530,-0.00003231,-0.00002246
0.00019540,-0.00001212,-0.00000299
0.00019550,-0.00011412,0.00001711
0.00019560,0.00005733,0.00003783
0.00019570,0.00001986,0.00005915
0.00019580,0.00001261,0.00008105
0.00019590,-0.00003137,0.00010352
0.00019600,-0.00006961,0.00012652
0.00019610,-0.00008717,0.00015001
0.00019620,-0.00006612,0.00017394
0.00019630,-0.00022469,0.00019827
0.00019640,-0.00021542,0.00022294
0.00019650,-0.00006233,0.00024787
0.00019660,-0.00010288,0.00027299
0.00019670,-0.00009404,0.00029823
0.00019680,-0.00010091,0.00032349
0.00019690,-0.00020121,0.00034868
0.00019700,-0.00023465,0.00037370
0.00019710,-0.00014765,0.00039843
0.00019720,-0.00030472,0.00042277
0.00019730,-0.00028306,0.00044659
0.00019740,-0.00035174,0.00046977
0.00019750,-0.00025237,0.00049218
0.00019760,-0.00043779,0.00051369
0.00019770,-0.00057874,0.00053417
0.00019780,-0.00044414,0.00055347
0.00019790,-0.00036653,0.00057146
0.00019800,-0.00026444,0.00058800
0.00019810,-0.00041703,0.00060294
0.00019820,-0.00050310,0.00061615
0.00019830,-0.00037041,0.00062750
0.00019840,-0.00041103,0.00063685
0.00019850,-0.00033044,0.00064407
0.00019860,-0.00024081,0.00064903
0.00019870,-0.00019720,0.00065163
0.00019880,-0.00032194,0.00065175
0.00019890,-0.00044355,0.00064928
0.00019900,-0.00037492,0.00064414
0.00019910,-0.00030174,0.00063624
0.00019920,-0.00016945,0.00062551
0.00019930,-0.00023645,0.00061188
0.00019940,-0.00024190,0.00059531
0.00019950,-0.00035804,0.00057577
0.00019960,-0.00058959,0.00055322
0.00019970,-0.00051049,0.00052767
0.00019980,-0.00051181,0.00049911
0.00019990,-0.00040892,0.00046757
0.00020000,-0.00050674,0.00043309
0.00020010,-0.00034361,0.00039571
0.00020020,-0.00054058,0.00035551
0.00020030,-0.00052374,0.00031257
0.00020040,-0.00041194,0.00026699
0.00020050,-0.00049756,0.00021888
0.00020060,-0.00043131,0.00016839
0.00020070,-0.00036463,0.00011566
0.00020080,-0.00011201,0.00006085
0.00020090,-0.00013539,0.00000414
0.00020100,-0.00023238,-0.00005426
0.00020110,-0.00039785,-0.00011415
0.00020120,-0.00034248,-0.00017531
0.00020130,-0.00019548,-0.00023748
0.00020140,-0.00019598,-0.00030043
0.00020150,-0.00009498,-0.00036389
0.00020160,-0.00006983,-0.00042758
0.00020170,-0.00027160,-0.00049121
0.00020180,-0.00009262,-0.00055450
0.00020190,-0.00010507,-0.00061714
0.00020200,-0.00022701,-0.00067882
0.00020210,-0.00016106,-0.00073922
0.00020220,-0.00042453,-0.00079804
0.00020230,-0.00022508,-0.00085496
0.00020240,-0.00001311,-0.00090965
0.00020250,-0.00020244,-0.00096180
0.00020260,-0.00012860,-0.00101110
0.00020270,-0.00007792,-0.00105725
0.00020280,0.00008878,-0.00109993
0.00020290,0.00003391,-0.00113887
0.00020300,-0.00014620,-0.00117378
0.00020310,-0.00007828,-0.00120440
0.00020320,-0.00003736,-0.00123047
0.00020330,0.00014333,-0.00125178
0.00020340,0.00007258,-0.00126809
0.00020350,-0.00011967,-0.00127922
0.00020360,-0.00010043,-0.00128500
0.00020370,-0.00006456,-0.00128527
0.00020380,-0.00000437,-0.00127992
0.00020390,-0.00007281,-0.00126884
0.00020400,-0.00006409,-0.00125197
0.00020410,-0.00008180,-0.00122925
0.00020420,-0.00011487,-0.00120067
0.00020430,-0.00001772,-0.00116624
0.00020440,-0.00007874,-0.00112601
0.00020450,-0.00010495,-0.00108005
0.00020460,-0.00015667,-0.00102845
0.00020470,-0.00029948,-0.00097134
0.00020480,-0.00000730,-0.00090888
0.00020490,-0.00003459,-0.00084127
0.00020500,0.00000044,-0.00076870
0.00020510,0.00000640,-0.00069143
0.00020520,-0.00005527,-0.00060972
0.00020530,0.00013557,-0.00052386
0.00020540,0.00008699,-0.00043417
0.00020550,0.00012519,-0.00034099
0.00020560,0.00001442,-0.00024467
0.00020570,0.00001558,-0.00014560
0.00020580,0.00000126,-0.00004418
0.00020590,0.00001144,0.00005919
0.00020600,-0.00023266,0.00016407
0.00020610,-0.00018544,0.00027003
0.00020620,-0.00014291,0.00037661
0.00020630,-0.00007250,0.00048335
0.00020640,-0.00007213,0.00058978
0.00020650,-0.00005512,0.00069544
0.00020660,-0.00011158,0.00079984
0.00020670,-0.00008112,0.00090252
0.00020680,0.00003224,0.00100301
0.00020690,0.00007374,0.00110082
0.00020700,0.00025940,0.00119551
0.00020710,-0.00017549,0.00128662
0.00020720,-0.00001681,0.00137370
0.00020730,-0.00018206,0.00145633
0.00020740,-0.00017392,0.00153408
0.00020750,-0.00011174,0.00160656
0.00020760,-0.00021364,0.00167338
0.00020770,-0.00025987,0.00173418
0.00020780,-0.00021959,0.00178862
0.00020790,0.00007805,0.00183638
0.00020800,-0.00015965,0.00187717
0.00020810,-0.00002181,0.00191073
0.00020820,-0.00001296,0.00193680
0.00020830,-0.00022714,0.00195519
0.00020840,-0.00004752,0.00196572
0.00020850,-0.00023951,0.00196822
0.00020860,-0.00027091,0.00196259
0.00020870,-0.00011098,0.00194875
0.00020880,-0.00031047,0.00192663
0.00020890,-0.00020251,0.00189623
0.00020900,-0.00013407,0.00185755
0.00020910,0.00002071,0.00181066
0.00020920,-0.00001886,0.00175564
0.00020930,-0.00020504,0.00169262
0.00020940,-0.00012060,0.00162174
0.00020950,-0.00017257,0.00154321
0.00020960,-0.00025506,0.00145726
0.00020970,-0.00022318,0.00136414
0.00020980,-0.00022104,0.00126415
0.00020990,-0.00024153,0.00115764
0.00021000,-0.00015454,0.00104495
0.00021010,-0.00023917,0.00092649
0.00021020,-0.00032068,0.00080269
0.00021030,-0.00012031,0.00067400
0.00021040,-0.00042200,0.00054089
0.00021050,-0.00055886,0.00040390
0.00021060,-0.00038804,0.00026354
0.00021070,-0.00041569,0.00012039
0.00021080,-0.00028806,-0.00002499
0.00021090,-0.00037151,-0.00017200
0.00021100,-0.00027088,-0.00032001
0.00021110,-0.00040361,-0.00046841
0.00021120,-0.00056894,-0.00061656
0.00021130,-0.00033889,-0.00076381
0.00021140,-0.00038535,-0.00090950
0.00021150,-0.00050477,-0.00105298
0.00021160,-0.00043139,-0.00119361
0.00021170,-0.00036806,-0.00133072
0.00021180,-0.00022773,-0.00146367
0.00021190,-0.00016114,-0.00159183
0.00021200,-0.00014823,-0.00171458
0.00021210,-0.00025847,-0.00183130
0.00021220,-0.00018548,-0.00194141
0.00021230,-0.00018871,-0.00204434
0.00021240,-0.00027210,-0.00213955
0.00021250,-0.00017781,-0.00222654
0.00021260,-0.00044770,-0.00230481
0.00021270,-0.00027203,-0.00237392
0.00021280,-0.00021544,-0.00243347
0.00021290,-0.00041912,-0.00248307
0.00021300,-0.00034843,-0.00252240
0.00021310,-0.00029636,-0.00255118
0.00021320,-0.00029886,-0.00256916
0.00021330,-0.00011643,-0.00257615
0.00021340,-0.00017585,-0.00257201
0.00021350,-0.00018495,-0.00255666
0.00021360,-0.00026051,-0.00253004
0.00021370,-0.00018225,-0.00249218
0.00021380,0.00000486,-0.00244315
0.00021390,-0.00012380,-0.00238306
0.00021400,0.00000014,-0.00231210
0.00021410,-0.00006587,-0.00223049
0.00021420,-0.00003094,-0.00213851
0.00021430,0.00010510,-0.00203651
0.00021440,-0.00015987,-0.00192487
0.00021450,0.00005196,-0.00180403
0.00021460,-0.00014825,-0.00167448
0.00021470,-0.00010313,-0.00153675
0.00021480,0.00010360,-0.00139142
0.00021490,-0.00000435,-0.00123911
0.00021500,-0.00005428,-0.00108049
0.00021510,-0.00001051,-0.00091625
0.00021520,0.00005016,-0.00074713
0.00021530,0.00005497,-0.00057390
0.00021540,0.00006013,-0.00039733
0.00021550,0.00013721,-0.00021824
0.00021560,0.00003626,-0.00003747
0.00021570,-0.00012844,0.00014413
0.00021580,0.00001917,0.00032572
0.00021590,0.00002365,0.00050643
0.00021600,0.00006412,0.00068538
0.00021610,0.00011956,0.00086173
0.00021620,0.00013853,0.00103461
0.00021630,0.00020434,0.00120318
0.00021640,-0.00003759,0.00136660
0.00021650,0.00003201,0.00152408
0.00021660,-0.00000842,0.00167483
0.00021670,-0.00003442,0.00181808
0.00021680,-0.00016718,0.00195313
0.00021690,-0.00019746,0.00207929
0.00021700,-0.00010995,0.00219591
0.00021710,0.00000419,0.00230240
0.00021720,-0.00007055,0.00239821
0.00021730,-0.00013585,0.00248284
0.00021740,-0.00010819,0.00255584
0.00021750,-0.00023215,0.00261682
0.00021760,-0.00019254,0.00266547
0.00021770,-0.00012290,0.00270151
0.00021780,-0.00014035,0.00272474
0.00021790,-0.00026018,0.00273502
0.00021800,-0.00046200,0.00273229
0.00021810,-0.00044780,0.00271653
0.00021820,-0.00041035,0.00268780
0.00021830,-0.00038170,0.00264625
0.00021840,-0.00023492,0.00259205
0.00021850,-0.00018008,0.00252548
0.00021860,-0.00028286,0.00244686
0.00021870,-0.00024423,0.00235658
0.00021880,-0.00029478,0.00225510
0.00021890,-0.00021146,0.00214293
0.00021900,-0.00022456,0.00202065
0.00021910,-0.00046007,0.00188887
0.00021920,-0.00043320,0.00174828
0.00021930,-0.00027804,0.00159961
0.00021940,-0.00021496,0.00144362
0.00021950,-0.00035697,0.00128115
0.00021960,-0.00048487,0.00111303
0.00021970,-0.00063235,0.00094016
0.00021980,-0.00067093,0.00076345
0.00021990,-0.00058747,0.00058383
0.00022000,-0.00063366,0.00040228
0.00022010,-0.00058665,0.00021976
0.00022020,-0.00047744,0.00003725
0.00022030,-0.00044273,-0.00014427
0.00022040,-0.00021847,-0.00032381
0.00022050,-0.00019605,-0.00050039
0.00022060,-0.00025178,-0.00067307
0.00022070,-0.00010495,-0.00084089
0.00022080,-0.00041456,-0.00100294
0.00022090,-0.00035996,-0.00115833
0.00022100,-0.00028834,-0.00130621
0.00022110,-0.00019388,-0.00144576
0.00022120,-0.00021993,-0.00157622
0.00022130,-0.00003471,-0.00169687
0.00022140,-0.00012979,-0.00180704
0.00022150,-0.00025129,-0.00190612
0.00022160,-0.00024926,-0.00199358
0.00022170,-0.00020327,-0.00206894
0.00022180,-0.00016251,-0.00213178
0.00022190,-0.00044562,-0.00218178
0.00022200,-0.00046391,-0.00221867
0.00022210,-0.00046527,-0.00224227
0.00022220,-0.00032309,-0.00225247
0.00022230,-0.00034058,-0.00224925
0.00022240,-0.00031241,-0.00223267
0.00022250,-0.00019830,-0.00220285
0.00022260,-0.00012357,-0.00216002
0.00022270,0.00002376,-0.00210446
0.00022280,-0.00002529,-0.00203656
0.00022290,-0.00011166,-0.00195676
0.00022300,-0.00001774,-0.00186558
0.00022310,0.00003882,-0.00176362
0.00022320,0.00015612,-0.00165154
0.00022330,0.00033097,-0.00153008
0.00022340,0.00019036,-0.00140002
0.00022350,0.00007636,-0.00126220
0.00022360,0.00003063,-0.00111753
0.00022370,-0.00012063,-0.00096694
0.00022380,-0.00007778,-0.00081143
0.00022390,0.00007794,-0.00065201
0.00022400,0.00003680,-0.00048973
0.00022410,-0.00013636,-0.00032566
0.00022420,-0.00005248,-0.00016088
0.00022430,-0.00021508,0.00000350
0.00022440,-0.00042056,0.00016639
0.00022450,-0.00031938,0.00032670
0.00022460,-0.00022037,0.00048333
0.00022470,-0.00031702,0.00063525
0.00022480,-0.00006787,0.00078139
0.00022490,-0.00018918,0.00092076
0.00022500,-0.00022007,0.00105239
0.00022510,-0.00007628,0.00117536
0.00022520,-0.00036578,0.00128881
0.00022530,-0.00022991,0.00139191
0.00022540,-0.00027062,0.00148394
0.00022550,-0.00033623,0.00156421
0.00022560,-0.00014205,0.00163211
0.00022570,-0.00037983,0.00168714
0.00022580,-0.00024278,0.00172883
0.00022590,-0.00010304,0.00175686
0.00022600,-0.00019325,0.00177094
0.00022610,-0.00029780,0.00177090
0.00022620,-0.00036437,0.00175667
0.00022630,-0.00042925,0.00172827
0.00022640,-0.00051208,0.00168581
0.00022650,-0.00030024,0.00162949
0.00022660,-0.00042646,0.00155962
0.00022670,-0.00029348,0.00147659
0.00022680,-0.00024988,0.00138091
0.00022690,-0.00031456,0.00127314
0.00022700,-0.00029270,0.00115396
0.00022710,-0.00047660,0.00102412
0.00022720,-0.00038141,0.00088445
0.00022730,-0.00037055,0.00073585
0.00022740,-0.00037080,0.00057930
0.00022750,-0.00020303,0.00041583
0.00022760,-0.00021133,0.00024655
0.00022770,-0.00032648,0.00007260
0.00022780,-0.00026709,-0.00010483
0.00022790,-0.00028392,-0.00028453
0.00022800,-0.00014405,-0.00046522
0.00022810,-0.00006899,-0.00064565
0.00022820,-0.00000304,-0.00082453
0.00022830,-0.00013728,-0.00100056
0.00022840,-0.00012680,-0.00117247
0.00022850,-0.00014481,-0.00133898
0.00022860,-0.00023343,-0.00149885
0.00022870,-0.00010340,-0.00165086
0.00022880,-0.00006579,-0.00179383
0.00022890,-0.00008542,-0.00192663
0.00022900,-0.00004242,-0.00204817
0.00022910,0.00010077,-0.00215743
0.00022920,0.00006225,-0.00225348
0.00022930,0.00014785,-0.00233543
0.00022940,0.00008220,-0.00240250
0.00022950,0.00015464,-0.00245397
0.00022960,0.00014820,-0.00248924
0.00022970,-0.00001348,-0.00250779
0.00022980,0.00009162,-0.00250921
0.00022990,0.00002347,-0.00249319
0.00023000,0.00007986,-0.00245954
0.00023010,-0.00003129,-0.00240815
0.00023020,0.00002547,-0.00233907
0.00023030,-0.00006125,-0.00225242
0.00023040,0.00010155,-0.00214846
0.00023050,0.00028175,-0.00202756
0.00023060,0.00015514,-0.00189020
0.00023070,-0.00009021,-0.00173696
0.00023080,-0.00008470,-0.00156855
0.00023090,-0.00002013,-0.00138576
0.00023100,0.00000795,-0.00118952
0.00023110,-0.00001400,-0.00098081
0.00023120,0.00007338,-0.00076073
0.00023130,0.00014228,-0.00053047
0.00023140,-0.00008398,-0.00029128
0.00023150,0.00014358,-0.00004450
0.00023160,-0.00006325,0.00020847
0.00023170,-0.00008195,0.00046618
0.00023180,0.00013014,0.00072712
0.00023190,0.00001410,0.00098973
0.00023200,0.00017221,0.00125245
0.00023210,-0.00012249,0.00151367
0.00023220,-0.00030713,0.00177178
0.00023230,-0.00036790,0.00202517
0.00023240,-0.00038473,0.00227222
0.00023250,-0.00026383,0.00251134
0.00023260,-0.00017063,0.00274098
0.00023270,-0.00029439,0.00295959
0.00023280,-0.00036098,0.00316571
0.00023290,-0.00028552,0.00335791
0.00023300,-0.00033522,0.00353482
0.00023310,-0.00039319,0.00369516
0.00023320,-0.00046358,0.00383773
0.00023330,-0.00046070,0.00396142
0.00023340,-0.00052711,0.00406521
0.00023350,-0.00072402,0.00414820
0.00023360,-0.00077417,0.00420958
0.00023370,-0.00090534,0.00424869
0.00023380,-0.00070907,0.00426496
0.00023390,-0.00069649,0.00425796
0.00023400,-0.00063028,0.00422739
0.00023410,-0.00047783,0.00417309
0.00023420,-0.00064253,0.00409503
0.00023430,-0.00053699,0.00399331
0.00023440,-0.00067850,0.00386816
0.00023450,-0.00053611,0.00371998
0.00023460,-0.00059844,0.00354926
0.00023470,-0.00066843,0.00335666
0.00023480,-0.00068066,0.00314294
0.00023490,-0.00056032,0.00290902
0.00023500,-0.00048800,0.00265592
0.00023510,-0.00068723,0.00238477
0.00023520,-0.00044370,0.00209683
0.00023530,-0.00083828,0.00179346
0.00023540,-0.00043224,0.00147612
0.00023550,-0.00039741,0.00114636
0.00023560,-0.00049717,0.00080580
0.00023570,-0.00040688,0.00045616
0.00023580,-0.00039367,0.00009921
0.00023590,-0.00023667,-0.00026323
0.00023600,-0.00027420,-0.00062927
0.00023610,-0.00029731,-0.00099700
0.00023620,-0.00028537,-0.00136448
0.00023630,-0.00002708,-0.00172975
0.00023640,-0.00017229,-0.00209085
0.00023650,-0.00002882,-0.00244582
0.00023660,0.00001739,-0.00279272
0.00023670,-0.00011295,-0.00312963
0.00023680,0.00010049,-0.00345467
0.00023690,0.00006555,-0.00376600
0.00023700,0.00008779,-0.00406186
0.00023710,0.00005802,-0.00434052
0.00023720,0.00011874,-0.00460037
0.00023730,0.00021008,-0.00483986
0.00023740,0.00030413,-0.00505754
0.00023750,0.00027145,-0.00525206
0.00023760,0.00031231,-0.00542221
0.00023770,0.00024013,-0.00556685
0.00023780,0.00041217,-0.00568502
0.00023790,0.00043899,-0.00577586
0.00023800,0.00039284,-0.00583866
0.00023810,0.00049290,-0.00587284
0.00023820,0.00052306,-0.00587798
0.00023830,0.00058893,-0.00585382
0.00023840,0.00053538,-0.00580023
0.00023850,0.00050058,-0.00571724
0.00023860,0.00062433,-0.00560505
0.00023870,0.00067663,-0.00546400
0.00023880,0.00059173,-0.00529459
0.00023890,0.00061233,-0.00509747
0.00023900,0.00043883,-0.00487345
0.00023910,0.00041183,-0.00462348
0.00023920,0.00064671,-0.00434864
0.00023930,0.00067477,-0.00405017
0.00023940,0.00051325,-0.00372942
0.00023950,0.00068524,-0.00338790
0.00023960,0.00046687,-0.00302719
0.00023970,0.00032846,-0.00264903
0.00023980,0.00035767,-0.00225524
0.00023990,0.00019029,-0.00184772
0.00024000,0.00022955,-0.00142847
0.00024010,0.00023367,-0.00099957
0.00024020,0.00029711,-0.00056315
0.00024030,0.00023964,-0.00012139
0.00024040,0.00009485,0.00032348
0.00024050,0.00002350,0.00076921
0.00024060,-0.00007550,0.00121353
0.00024070,-0.00006386,0.00165416
0.00024080,0.00004624,0.00208884
0.00024090,0.00005214,0.00251533
0.00024100,0.00000780,0.00293141
0.00024110,-0.00027302,0.00333491
0.00024120,-0.00036995,0.00372373
0.00024130,-0.00044910,0.00409580
0.00024140,-0.00032427,0.00444918
0.00024150,-0.00051408,0.00478198
0.00024160,-0.00062740,0.00509242
0.00024170,-0.00084637,0.00537884
0.00024180,-0.00081570,0.00563970
0.00024190,-0.00060043,0.00587356
0.00024200,-0.00068310,0.00607915
0.00024210,-0.00079121,0.00625533
0.00024220,-0.00094008,0.00640110
0.00024230,-0.00094564,0.00651562
0.00024240,-0.00101187,0.00659823
0.00024250,-0.00106858,0.00664840
0.00024260,-0.00119708,0.00666580
0.00024270,-0.00140495,0.00665024
0.00024280,-0.00125929,0.00660173
0.00024290,-0.00120324,0.00652043
0.00024300,-0.00106359,0.00640669
0.00024310,-0.00110455,0.00626101
0.00024320,-0.00128434,0.00608407
0.00024330,-0.00130046,0.00587671
0.00024340,-0.00123398,0.00563993
0.00024350,-0.00104127,0.00537490
0.00024360,-0.00125292,0.00508291
0.00024370,-0.00139099,0.00476542
0.00024380,-0.00119266,0.00442401
0.00024390,-0.00125137,0.00406039
0.00024400,-0.00111870,0.00367640
0.00024410,-0.00113304,0.00327396
0.00024420,-0.00097603,0.00285511
0.00024430,-0.00082906,0.00242199
0.00024440,-0.00098086,0.00197677
0.00024450,-0.00099617,0.00152174
0.00024460,-0.00097826,0.00105920
0.00024470,-0.00085106,0.00059151
0.00024480,-0.00088252,0.00012105
0.00024490,-0.00062299,-0.00034977
0.00024500,-0.00073292,-0.00081855
0.00024510,-0.00069525,-0.00128291
0.00024520,-0.00029191,-0.00174047
0.00024530,-0.00036079,-0.00218890
0.00024540,-0.00011242,-0.00262591
0.00024550,0.00014052,-0.00304927
0.00024560,-0.00003933,-0.00345683
0.00024570,0.00004971,-0.00384651
0.00024580,0.00003650,-0.00421633
0.00024590,0.00015655,-0.00456441
0.00024600,0.00021962,-0.00488898
0.00024610,0.00050986,-0.00518841
0.00024620,0.00063739,-0.00546118
0.00024630,0.00058273,-0.00570592
0.00024640,0.00066881,-0.00592140
0.00024650,0.00061598,-0.00610654
0.00024660,0.00078655,-0.00626043
0.00024670,0.00111492,-0.00638231
0.00024680,0.00106780,-0.00647159
0.00024690,0.00103226,-0.00652785
0.00024700,0.00099680,-0.00655084
0.00024710,0.00106959,-0.00654049
0.00024720,0.00128695,-0.00649690
0.00024730,0.00114869,-0.00642033
0.00024740,0.00106010,-0.00631122
0.00024750,0.00120905,-0.00617020
0.00024760,0.00130065,-0.00599802
0.00024770,0.00135664,-0.00579563
0.00024780,0.00124452,-0.00556412
0.00024790,0.00139661,-0.00530474
0.00024800,0.00132391,-0.00501886
0.00024810,0.00115858,-0.00470802
0.00024820,0.00120439,-0.00437385
0.00024830,0.00106061,-0.00401813
0.00024840,0.00105823,-0.00364274
0.00024850,0.00108730,-0.00324965
0.00024860,0.00098548,-0.00284092
0.00024870,0.00087909,-0.00241869
0.00024880,0.00087040,-0.00198518
0.00024890,0.00089458,-0.00154263
0.00024900,0.00078993,-0.00109335
0.00024910,0.00082541,-0.00063967
0.00024920,0.00081964,-0.00018394
0.00024930,0.00061932,0.00027151
0.00024940,0.00063495,0.00072432
0.00024950,0.00056798,0.00117218
0.00024960,0.00053402,0.00161279
0.00024970,0.00035876,0.00204391
0.00024980,0.00035841,0.00246336
0.00024990,0.00020253,0.00286900
0.00025000,0.00002860,0.00325879
0.00025010,-0.00004318,0.00363078
0.00025020,-0.00034920,0.00398310
0.00025030,-0.00037771,0.00431400
0.00025040,-0.00045416,0.00462183
0.00025050,-0.00057331,0.00490508
0.00025060,-0.00080589,0.00516236
0.00025070,-0.00083329,0.00539242
0.00025080,-0.00098917,0.00559415
0.00025090,-0.00105295,0.00576659
0.00025100,-0.00114864,0.00590893
0.00025110,-0.00141685,0.00602053
0.00025120,-0.00129783,0.00610088
0.00025130,-0.00134685,0.00614967
0.00025140,-0.00135858,0.00616672
0.00025150,-0.00143556,0.00615202
0.00025160,-0.00155319,0.00610573
0.00025170,-0.00167304,0.00602816
0.00025180,-0.00151620,0.00591978
0.00025190,-0.00169663,0.00578124
0.00025200,-0.00177385,0.00561329
0.00025210,-0.00188623,0.00541688
0.00025220,-0.00187465,0.00519307
0.00025230,-0.00153926,0.00494306
0.00025240,-0.00157340,0.00466819
0.00025250,-0.00171022,0.00436990
0.00025260,-0.00194429,0.00404978
0.00025270,-0.00212900,0.00370949
0.00025280,-0.00221972,0.00335079
0.00025290,-0.00197614,0.00297556
0.00025300,-0.00183969,0.00258572
0.00025310,-0.00160919,0.00218328
0.00025320,-0.00150929,0.00177029
0.00025330,-0.00152255,0.00134886
0.00025340,-0.00159332,0.00092114
0.00025350,-0.00161657,0.00048929
0.00025360,-0.00138409,0.00005549
0.00025370,-0.00125384,-0.00037808
0.00025380,-0.00111425,-0.00080923
0.00025390,-0.00117657,-0.00123582
0.00025400,-0.00111773,-0.00165572
0.00025410,-0.00107191,-0.00206684
0.00025420,-0.00096698,-0.00246715
0.00025430,-0.00071578,-0.00285468
0.00025440,-0.00072350,-0.00322753
0.00025450,-0.00060255,-0.00358389
0.00025460,-0.00036862,-0.00392201
0.00025470,-0.00020435,-0.00424027
0.00025480,-0.00015027,-0.00453714
0.00025490,-0.00019886,-0.00481122
0.00025500,-0.00020034,-0.00506120
0.00025510,-0.00002102,-0.00528592
0.00025520,0.00017682,-0.00548435
0.00025530,0.00032185,-0.00565558
0.00025540,0.00051054,-0.00579887
0.00025550,0.00075247,-0.00591358
0.00025560,0.00071567,-0.00599927
0.00025570,0.00084352,-0.00605560
0.00025580,0.00097380,-0.00608240
0.00025590,0.00123161,-0.00607965
0.00025600,0.00123877,-0.00604748
0.00025610,0.00110817,-0.00598616
0.00025620,0.00108697,-0.00589610
0.00025630,0.00121253,-0.00577786
0.00025640,0.00134441,-0.00563214
0.00025650,0.00134052,-0.00545978
0.00025660,0.00148846,-0.00526172
0.00025670,0.00148258,-0.00503906
0.00025680,0.00136470,-0.00479298
0.00025690,0.00151082,-0.00452481
0.00025700,0.00147975,-0.00423594
0.00025710,0.00143558,-0.00392787
0.00025720,0.00166119,-0.00360221
0.00025730,0.00166232,-0.00326060
0.00025740,0.00150167,-0.00290479
0.00025750,0.00162231,-0.00253655
0.00025760,0.00152596,-0.00215772
0.00025770,0.00125988,-0.00177016
0.00025780,0.00140917,-0.00137579
0.00025790,0.00140134,-0.00097650
0.00025800,0.00145115,-0.00057421
0.00025810,0.00136922,-0.00017085
0.00025820,0.00103912,0.00023168
0.00025830,0.00106630,0.00063152
0.00025840,0.00100537,0.00102680
0.00025850,0.00097115,0.00141574
0.00025860,0.00092331,0.00179657
0.00025870,0.00077500,0.00216761
0.00025880,0.00069718,0.00252722
0.00025890,0.00037219,0.00287386
0.00025900,0.00053637,0.00320606
0.00025910,0.00040633,0.00352243
0.00025920,0.00018118,0.00382167
0.00025930,0.00009247,0.00410260
0.00025940,-0.00005903,0.00436413
0.00025950,-0.00002735,0.00460527
0.00025960,-0.00052083,0.00482515
0.00025970,-0.00027195,0.00502300
0.00025980,-0.00039909,0.00519819
0.00025990,-0.00063574,0.00535018
0.00026000,-0.00064580,0.00547856
0.00026010,-0.00108282,0.00558303
0.00026020,-0.00085304,0.00566342
0.00026030,-0.00114673,0.00571967
0.00026040,-0.00090187,0.00575181
0.00026050,-0.00098816,0.00576003
0.00026060,-0.00120823,0.00574459
0.00026070,-0.00122225,0.00570587
0.00026080,-0.00157682,0.00564435
0.00026090,-0.00153128,0.00556061
0.00026100,-0.00151128,0.00545532
0.00026110,-0.00140627,0.00532924
0.00026120,-0.00156338,0.00518320
0.00026130,-0.00178536,0.00501813
0.00026140,-0.00187550,0.00483500
0.00026150,-0.00173748,0.00463487
0.00026160,-0.00170321,0.00441883
0.00026170,-0.00157668,0.00418804
0.00026180,-0.00169873,0.00394370
0.00026190,-0.00155036,0.00368702
0.00026200,-0.00179230,0.00341927
0.00026210,-0.00177906,0.00314173
0.00026220,-0.00166359,0.00285568
0.00026230,-0.00190386,0.00256243
0.00026240,-0.00181690,0.00226327
0.00026250,-0.00159814,0.00195950
0.00026260,-0.00135728,0.00165239
0.00026270,-0.00131220,0.00134320
0.00026280,-0.00127048,0.00103318
0.00026290,-0.00137931,0.00072352
0.00026300,-0.00151383,0.00041541
0.00026310,-0.00148795,0.00010996
0.00026320,-0.00130065,-0.00019173
0.00026330,-0.00108727,-0.00048862
0.00026340,-0.00106763,-0.00077972
0.00026350,-0.00101270,-0.00106411
0.00026360,-0.00102998,-0.00134090
0.00026370,-0.00086495,-0.00160928
0.00026380,-0.00070717,-0.00186849
0.00026390,-0.00066119,-0.00211785
0.00026400,-0.00066084,-0.00235671
0.00026410,-0.00048986,-0.00258453
0.00026420,-0.00024563,-0.00280080
0.00026430,-0.00017245,-0.00300509
0.00026440,-0.00027503,-0.00319701
0.00026450,0.00004723,-0.00337627
0.00026460,0.00009347,-0.00354262
0.00026470,0.00023013,-0.00369586
0.00026480,0.00027193,-0.00383586
0.00026490,0.00022370,-0.00396254
0.00026500,0.00042191,-0.00407589
0.00026510,0.00035784,-0.00417591
0.00026520,0.00055233,-0.00426269
0.00026530,0.00050978,-0.00433634
0.00026540,0.00079526,-0.00439701
0.00026550,0.00078257,-0.00444490
0.00026560,0.00079843,-0.00448024
0.00026570,0.00074742,-0.00450329
0.00026580,0.00066855,-0.00451433
0.00026590,0.00085994,-0.00451367
0.00026600,0.00070160,-0.00450164
0.00026610,0.00082793,-0.00447860
0.00026620,0.00088439,-0.00444490
0.00026630,0.00103370,-0.00440091
0.00026640,0.00115076,-0.00434703
0.00026650,0.00116084,-0.00428363
0.00026660,0.00113609,-0.00421110
0.00026670,0.00082469,-0.00412982
0.00026680,0.00092306,-0.00404019
0.00026690,0.00107073,-0.00394258
0.00026700,0.00117315,-0.00383736
0.00026710,0.00113680,-0.00372490
0.00026720,0.00108152,-0.00360554
0.00026730,0.00109371,-0.00347963
0.00026740,0.00098147,-0.00334749
0.00026750,0.00083466,-0.00320944
0.00026760,0.00079416,-0.00306578
0.00026770,0.00080793,-0.00291680
0.00026780,0.00078146,-0.00276276
0.00026790,0.00074227,-0.00260393
0.00026800,0.00076085,-0.00244054
0.00026810,0.00054285,-0.00227285
0.00026820,0.00036800,-0.00210106
0.00026830,0.00036414,-0.00192539
0.00026840,0.00056973,-0.00174604
0.00026850,0.00034446,-0.00156322
0.00026860,0.00020190,-0.00137711
0.00026870,0.00029806,-0.00118790
0.00026880,0.00024997,-0.00099579
0.00026890,0.00016892,-0.00080096
0.00026900,0.00006258,-0.00060361
0.00026910,0.00013243,-0.00040393
0.00026920,-0.00003031,-0.00020214
0.00026930,0.00005871,0.00000155
0.00026940,-0.00002933,0.00020691
0.00026950,-0.00025205,0.00041370
0.00026960,-0.00043369,0.00062164
0.00026970,-0.00057174,0.00083047
0.00026980,-0.00057478,0.00103989
0.00026990,-0.00057154,0.00124957
0.00027000,-0.00063632,0.00145917
0.00027010,-0.00072383,0.00166833
0.00027020,-0.00067238,0.00187666
0.00027030,-0.00071326,0.00208375
0.00027040,-0.00080399,0.00228916
0.00027050,-0.00082290,0.00249243
0.00027060,-0.00089929,0.00269307
0.00027070,-0.00083602,0.00289058
0.00027080,-0.00099414,0.00308441
0.00027090,-0.00093811,0.00327402
0.00027100,-0.00085634,0.00345884
0.00027110,-0.00088736,0.00363827
0.00027120,-0.00080615,0.00381170
0.00027130,-0.00077870,0.00397852
0.00027140,-0.00071033,0.00413810
0.00027150,-0.00067537,0.00428980
0.00027160,-0.00074278,0.00443297
0.00027170,-0.00084181,0.00456697
0.00027180,-0.00091507,0.00469115
0.00027190,-0.00077278,0.00480487
0.00027200,-0.00075104,0.00490752
0.00027210,-0.00070187,0.00499847
0.00027220,-0.00075480,0.00507713
0.00027230,-0.00067551,0.00514292
0.00027240,-0.00059363,0.00519529
0.00027250,-0.00058918,0.00523372
0.00027260,-0.00055384,0.00525773
0.00027270,-0.00040331,0.00526687
0.00027280,-0.00039860,0.00526074
0.00027290,-0.00053085,0.00523897
0.00027300,-0.00059616,0.00520125
0.00027310,-0.00061296,0.00514733
0.00027320,-0.00058405,0.00507702
0.00027330,-0.00060061,0.00499016
0.00027340,-0.00036208,0.00488669
0.00027350,-0.00031717,0.00476660
0.00027360,-0.00028255,0.00462993
0.00027370,-0.00016479,0.00447683
0.00027380,-0.00022314,0.00430748
0.00027390,-0.00005104,0.00412215
0.00027400,-0.00002622,0.00392119
0.00027410,0.00007529,0.00370500
0.00027420,-0.00009614,0.00347408
0.00027430,-0.00010178,0.00322898
0.00027440,0.00006826,0.00297033
0.00027450,0.00000788,0.00269882
0.00027460,0.00007255,0.00241522
0.00027470,-0.00004900,0.00212036
0.00027480,0.00007202,0.00181513
0.00027490,0.00010330,0.00150048
0.00027500,0.00023478,0.00117741
0.00027510,0.00007095,0.00084697
0.00027520,0.00018934,0.00051028
0.00027530,0.00030850,0.00016848
0.00027540,0.00034633,-0.00017725
0.00027550,0.00046461,-0.00052568
0.00027560,0.00048863,-0.00087557
0.00027570,0.00053508,-0.00122565
0.00027580,0.00049410,-0.00157463
0.00027590,0.00033605,-0.00192121
0.00027600,0.00026169,-0.00226409
0.00027610,0.00026646,-0.00260196
0.00027620,0.00020026,-0.00293353
0.00027630,0.00028746,-0.00325750
0.00027640,0.00038987,-0.00357261
0.00027650,0.00034563,-0.00387761
0.00027660,0.00023665,-0.00417130
0.00027670,0.00020062,-0.00445248
0.00027680,0.00011259,-0.00472004
0.00027690,0.00008356,-0.00497287
0.00027700,-0.00000127,-0.00520995
0.00027710,0.00005533,-0.00543028
0.00027720,-0.00005966,-0.00563296
0.00027730,0.00015955,-0.00581714
0.00027740,0.00016007,-0.00598202
0.00027750,-0.00012042,-0.00612691
0.00027760,0.00007433,-0.00625118
0.00027770,0.00002156,-0.00635428
0.00027780,-0.00001329,-0.00643574
0.00027790,-0.00009763,-0.00649519
0.00027800,-0.00004294,-0.00653233
0.00027810,-0.00004743,-0.00654695
0.00027820,-0.00012427,-0.00653896
0.00027830,-0.00014413,-0.00650832
0.00027840,-0.00035343,-0.00645511
0.00027850,-0.00031903,-0.00637947
0.00027860,-0.00031172,-0.00628167
0.00027870,-0.00013954,-0.00616205
0.00027880,-0.00009319,-0.00602102
0.00027890,-0.00021189,-0.00585910
0.00027900,-0.00035411,-0.00567689
0.00027910,-0.00032164,-0.00547508
0.00027920,-0.00035937,-0.00525440
0.00027930,-0.00054863,-0.00501571
0.00027940,-0.00047707,-0.00475991
0.00027950,-0.00049398,-0.00448796
0.00027960,-0.00026239,-0.00420092
0.00027970,-0.00034905,-0.00389987
0.00027980,-0.00030842,-0.00358597
0.00027990,-0.00029601,-0.00326043
0.00028000,-0.00036052,-0.00292448
0.00028010,-0.00022074,-0.00257941
0.00028020,-0.00048820,-0.00222655
0.00028030,-0.00045081,-0.00186724
0.00028040,-0.00041617,-0.00150285
0.00028050,-0.00030504,-0.00113476
0.00028060,-0.00036962,-0.00076436
0.00028070,-0.00030427,-0.00039307
0.00028080,-0.00035568,-0.00002226
0.00028090,-0.00038023,0.00034666
0.00028100,-0.00026006,0.00071232
0.00028110,-0.00041754,0.00107338
0.00028120,-0.00045688,0.00142849
0.00028130,-0.00056266,0.00177636
0.00028140,-0.00035750,0.00211573
0.00028150,-0.00034853,0.00244538
0.00028160,-0.00036999,0.00276413
0.00028170,-0.00014550,0.00307087
0.00028180,-0.00024394,0.00336452
0.00028190,-0.00003903,0.00364408
0.00028200,-0.00002366,0.00390861
0.00028210,-0.00018030,0.00415724
0.00028220,-0.00000654,0.00438915
0.00028230,-0.00021919,0.00460364
0.00028240,-0.00024237,0.00480004
0.00028250,0.00001324,0.00497778
0.00028260,-0.00009217,0.00513636
0.00028270,0.00011686,0.00527539
0.00028280,0.00000482,0.00539453
0.00028290,0.00018763,0.00549354
0.00028300,0.00022592,0.00557227
0.00028310,-0.00005564,0.00563063
0.00028320,-0.00008430,0.00566863
0.00028330,-0.00018894,0.00568638
0.00028340,0.00006334,0.00568404
0.00028350,-0.00005043,0.00566186
0.00028360,0.00006030,0.00562018
0.00028370,0.00003565,0.00555941
0.00028380,-0.00004946,0.00548003
0.00028390,0.00007543,0.00538259
0.00028400,-0.00000975,0.00526771
0.00028410,-0.00006247,0.00513607
0.00028420,0.00000324,0.00498841
0.00028430,0.00005733,0.00482555
0.00028440,0.00001463,0.00464832
0.00028450,0.00013974,0.00445762
0.00028460,0.00012172,0.00425441
0.00028470,0.00009151,0.00403965
0.00028480,0.00010120,0.00381436
0.00028490,-0.00001986,0.00357959
0.00028500,-0.00004624,0.00333640
0.00028510,0.00002078,0.00308586
0.00028520,-0.00009883,0.00282909
0.00028530,-0.00000900,0.00256718
0.00028540,0.00003414,0.00230124
0.00028550,-0.00002072,0.00203238
0.00028560,-0.00014897,0.00176169
0.00028570,-0.00006663,0.00149025
0.00028580,-0.00005128,0.00121915
0.00028590,-0.00011052,0.00094943
0.00028600,-0.00015990,0.00068210
0.00028610,-0.00026083,0.00041815
0.00028620,-0.00040203,0.00015856
0.00028630,-0.00026646,-0.00009578
0.00028640,-0.00021407,-0.00034396
0.00028650,-0.00032637,-0.00058518
0.00028660,-0.00041330,-0.00081863
0.00028670,-0.00043446,-0.00104359
0.00028680,-0.00030263,-0.00125937
0.00028690,-0.00024409,-0.00146534
0.00028700,-0.00007229,-0.00166094
0.00028710,-0.00034503,-0.00184566
0.00028720,-0.00035885,-0.00201905
0.00028730,-0.00030216,-0.00218070
0.00028740,-0.00032006,-0.00233031
0.00028750,-0.00032306,-0.00246760
0.00028760,-0.00035052,-0.00259236
0.00028770,-0.00032809,-0.00270446
0.00028780,-0.00059804,-0.00280381
0.00028790,-0.00047691,-0.00289039
0.00028800,-0.00055765,-0.00296424
0.00028810,-0.00052552,-0.00302545
0.00028820,-0.00027068,-0.00307418
0.00028830,-0.00034196,-0.00311063
0.00028840,-0.00033599,-0.00313505
0.00028850,-0.00049479,-0.00314777
0.00028860,-0.00046006,-0.00314913
0.00028870,-0.00028048,-0.00313954
0.00028880,-0.00014692,-0.00311944
0.00028890,-0.00008742,-0.00308931
0.00028900,-0.00023605,-0.00304968
0.00028910,-0.00019618,-0.00300108
0.00028920,-0.00019420,-0.00294411
0.00028930,-0.00021532,-0.00287936
0.00028940,-0.00016472,-0.00280745
0.00028950,-0.00021115,-0.00272902
0.00028960,-0.00030563,-0.00264473
0.00028970,-0.00004305,-0.00255524
0.00028980,-0.00007161,-0.00246121
0.00028990,-0.00028691,-0.00236331
0.00029000,-0.00031346,-0.00226219
0.00029010,-0.00034010,-0.00215853
0.00029020,-0.00039765,-0.00205295
0.00029030,-0.00053935,-0.00194610
0.00029040,-0.00051358,-0.00183858
0.00029050,-0.00037363,-0.00173099
0.00029060,-0.00046767,-0.00162390
0.00029070,-0.00017537,-0.00151784
0.00029080,-0.00000734,-0.00141333
0.00029090,-0.00011660,-0.00131086
0.00029100,-0.00008534,-0.00121086
0.00029110,-0.00006123,-0.00111376
0.00029120,0.00002614,-0.00101992
0.00029130,-0.00012612,-0.00092969
0.00029140,-0.00017104,-0.00084336
0.00029150,0.00004570,-0.00076120
0.00029160,0.00004168,-0.00068341
0.00029170,-0.00002255,-0.00061018
0.00029180,-0.00007108,-0.00054164
0.00029190,-0.00001130,-0.00047788
0.00029200,-0.00012276,-0.00041896
0.00029210,-0.00018332,-0.00036489
0.00029220,0.00010010,-0.00031564
0.00029230,0.00000672,-0.00027115
0.00029240,-0.00008592,-0.00023130
0.00029250,-0.00016305,-0.00019597
0.00029260,-0.00010108,-0.00016498
0.00029270,0.00002717,-0.00013811
0.00029280,-0.00024080,-0.00011513
0.00029290,-0.00028400,-0.00009578
0.00029300,-0.00032901,-0.00007975
0.00029310,-0.00033469,-0.00006674
0.00029320,-0.00019676,-0.00005639
0.00029330,-0.00019789,-0.00004834
0.00029340,-0.00012227,-0.00004224
0.00029350,-0.00020325,-0.00003767
0.00029360,-0.00021759,-0.00003425
0.00029370,0.00001014,-0.00003156
0.00029380,-0.00011009,-0.00002920
0.00029390,-0.00006672,-0.00002675
0.00029400,0.00003343,-0.00002381
0.00029410,-0.00005573,-0.00001995
0.00029420,-0.00009217,-0.00001480
0.00029430,0.00000053,-0.00000796
0.00029440,-0.00002126,0.00000094
0.00029450,-0.00004492,0.00001226
0.00029460,0.00007234,0.00002634
0.00029470,0.00000258,0.00004348
0.00029480,-0.00003785,0.00006398
0.00029490,-0.00016632,0.00008811
0.00029500,-0.00012095,0.00011609
0.00029510,-0.00006627,0.00014814
0.00029520,-0.00001874,0.00018443
0.00029530,-0.00002320,0.00022509
0.00029540,-0.00015125,0.00027022
0.00029550,0.00005023,0.00031991
0.00029560,0.00006831,0.00037417
0.00029570,0.00016678,0.00043300
0.00029580,-0.00000178,0.00049636
0.00029590,-0.00007356,0.00056415
0.00029600,-0.00004813,0.00063627
0.00029610,-0.00009638,0.00071254
0.00029620,0.00017589,0.00079276
0.00029630,0.00002804,0.00087670
0.00029640,0.00010613,0.00096409
0.00029650,0.00004006,0.00105460
0.00029660,-0.00018780,0.00114790
0.00029670,0.00000844,0.00124361
0.00029680,-0.00006318,0.00134130
0.00029690,0.00001762,0.00144054
0.00029700,-0.00022604,0.00154085
0.00029710,-0.00008403,0.00164174
0.00029720,-0.00002070,0.00174269
0.00029730,-0.00002119,0.00184315
0.00029740,0.00010897,0.00194257
0.00029750,0.00005276,0.00204036
0.00029760,0.00009371,0.00213595
0.00029770,-0.00012404,0.00222872
0.00029780,0.00012297,0.00231808
0.00029790,0.00006222,0.00240341
0.00029800,0.00004536,0.00248412
0.00029810,0.00004148,0.00255959
0.00029820,-0.00007260,0.00262923
0.00029830,0.00000037,0.00269246
0.00029840,0.00004691,0.00274870
0.00029850,0.00017769,0.00279739
0.00029860,-0.00000080,0.00283800
0.00029870,-0.00008116,0.00287003
0.00029880,-0.00006684,0.00289300
0.00029890,0.00001554,0.00290644
0.00029900,-0.00021166,0.00290994
0.00029910,-0.00015917,0.00290313
0.00029920,-0.00016643,0.00288566
0.00029930,-0.00020377,0.00285724
0.00029940,-0.00020884,0.00281761
0.00029950,-0.00024449,0.00276658
0.00029960,-0.00007319,0.00270398
0.00029970,-0.00024274,0.00262972
0.00029980,-0.00008789,0.00254375
0.00029990,0.00006122,0.00244608
0.00030000,-0.00009954,0.00233677
0.00030010,-0.00009810,0.00221595
0.00030020,-0.00022961,0.00208380
0.00030030,-0.00028328,0.00194055
0.00030040,-0.00043832,0.00178649
0.00030050,-0.00047114,0.00162199
0.00030060,-0.00050492,0.00144746
0.00030070,-0.00076563,0.00126336
0.00030080,-0.00064638,0.00107022
0.00030090,-0.00050770,0.00086861
0.00030100,-0.00047955,0.00065917
0.00030110,-0.00046853,0.00044258
0.00030120,-0.00046434,0.00021956
0.00030130,-0.00060623,-0.00000911
0.00030140,-0.00061238,-0.00024261
0.00030150,-0.00051537,-0.00048009
0.00030160,-0.00062396,-0.00072065
0.00030170,-0.00072092,-0.00096337
0.00030180,-0.00077823,-0.00120730
0.00030190,-0.00052010,-0.00145145
0.00030200,-0.00036625,-0.00169483
0.00030210,-0.00049009,-0.00193642
0.00030220,-0.00037157,-0.00217520
0.00030230,-0.00054053,-0.00241014
0.00030240,-0.00047416,-0.00264020
0.00030250,-0.00045201,-0.00286435
0.00030260,-0.00042794,-0.00308157
0.00030270,-0.00030960,-0.00329085
0.00030280,-0.00041654,-0.00349120
0.00030290,-0.00029259,-0.00368165
0.00030300,-0.00032124,-0.00386128
0.00030310,-0.00013091,-0.00402916
0.00030320,-0.00029499,-0.00418445
0.00030330,-0.00047390,-0.00432631
0.00030340,-0.00041411,-0.00445397
0.00030350,-0.00051868,-0.00456671
0.00030360,-0.00031346,-0.00466385
0.00030370,-0.00024314,-0.00474479
0.00030380,-0.00020577,-0.00480898
0.00030390,-0.00024027,-0.00485594
0.00030400,-0.00022737,-0.00488525
0.00030410,-0.00016140,-0.00489658
0.00030420,-0.00013844,-0.00488965
0.00030430,-0.00003096,-0.00486427
0.00030440,-0.00000579,-0.00482032
0.00030450,0.00013984,-0.00475777
0.00030460,0.00007644,-0.00467666
0.00030470,0.00003956,-0.00457710
0.00030480,0.00024963,-0.00445929
0.00030490,0.00026473,-0.00432351
0.00030500,0.00016968,-0.00417012
0.00030510,0.00014864,-0.00399955
0.00030520,-0.00000498,-0.00381231
0.00030530,0.00008665,-0.00360898
0.00030540,0.00020930,-0.00339022
0.00030550,0.00016633,-0.00315675
0.00030560,0.00028517,-0.00290938
0.00030570,0.00036869,-0.00264895
0.00030580,0.00029923,-0.00237638
0.00030590,0.00021415,-0.00209265
0.00030600,0.00011698,-0.00179879
0.00030610,0.00031703,-0.00149588
0.00030620,0.00035702,-0.00118504
0.00030630,0.00034171,-0.00086743
0.00030640,0.00035542,-0.00054426
0.00030650,0.00033554,-0.00021675
0.00030660,0.00030301,0.00011384
0.00030670,0.00021912,0.00044622
0.00030680,0.00020956,0.00077910
0.00030690,0.00012500,0.00111119
0.00030700,0.00021304,0.00144115
0.00030710,0.00010380,0.00176769
0.00030720,0.00016730,0.00208948
0.00030730,0.00014941,0.00240525
0.00030740,-0.00000728,0.00271369
0.00030750,0.00005188,0.00301356
0.00030760,0.00000691,0.00330361
0.00030770,-0.00009628,0.00358264
0.00030780,-0.00003358,0.00384948
0.00030790,-0.00023367,0.00410300
0.00030800,-0.00015723,0.00434212
0.00030810,-0.00006539,0.00456582
0.00030820,-0.00009118,0.00477310
0.00030830,-0.00032562,0.00496307
0.00030840,-0.00057319,0.00513486
0.00030850,-0.00030027,0.00528768
0.00030860,-0.00045124,0.00542084
0.00030870,-0.00029375,0.00553368
0.00030880,-0.00030581,0.00562564
0.00030890,-0.00066352,0.00569625
0.00030900,-0.00058077,0.00574511
0.00030910,-0.00069546,0.00577189
0.00030920,-0.00063310,0.00577639
0.00030930,-0.00064456,0.00575845
0.00030940,-0.00050692,0.00571803
0.00030950,-0.00061464,0.00565518
0.00030960,-0.00052825,0.00557002
0.00030970,-0.00054632,0.00546279
0.00030980,-0.00077265,0.00533379
0.00030990,-0.00080663,0.00518342
0.00031000,-0.00090331,0.00501219
0.00031010,-0.00074570,0.00482067
0.00031020,-0.00066459,0.00460951
0.00031030,-0.00070182,0.00437948
0.00031040,-0.00060068,0.00413139
0.00031050,-0.00066747,0.00386616
0.00031060,-0.00072318,0.00358475
0.00031070,-0.00083447,0.00328823
0.00031080,-0.00088306,0.00297771
0.00031090,-0.00081024,0.00265437
0.00031100,-0.00080707,0.00231945
0.00031110,-0.00066555,0.00197424
0.00031120,-0.00067875,0.00162008
0.00031130,-0.00068981,0.00125837
0.00031140,-0.00046124,0.00089052
0.00031150,-0.00054781,0.00051799
0.00031160,-0.00043425,0.00014227
0.00031170,-0.00048695,-0.00023515
0.00031180,-0.00047016,-0.00061274
0.00031190,-0.00037773,-0.00098897
0.00031200,-0.00044646,-0.00136233
0.00031210,-0.00030777,-0.00173129
0.00031220,-0.00016807,-0.00209434
0.00031230,-0.00018478,-0.00244997
0.00031240,-0.00015810,-0.00279673
0.00031250,0.00010318,-0.00313317
0.00031260,-0.00008216,-0.00345788
0.00031270,-0.00010365,-0.00376950
0.00031280,-0.00003360,-0.00406672
0.00031290,-0.00000350,-0.00434827
0.00031300,0.00000514,-0.00461295
0.00031310,-0.00006877,-0.00485963
0.00031320,0.00007156,-0.00508722
0.00031330,0.00012464,-0.00529474
0.00031340,0.00020333,-0.00548127
0.00031350,0.00027705,-0.00564597
0.00031360,0.00025696,-0.00578809
0.00031370,0.00030974,-0.00590697
0.00031380,0.00017994,-0.00600205
0.00031390,0.00025709,-0.00607285
0.00031400,0.00042371,-0.00611901
0.00031410,0.00052513,-0.00614025
0.00031420,0.00055941,-0.00613640
0.00031430,0.00047786,-0.00610740
0.00031440,0.00052655,-0.00605328
0.00031450,0.00062464,-0.00597419
0.00031460,0.00037418,-0.00587039
0.00031470,0.00056843,-0.00574221
0.00031480,0.00052593,-0.00559012
0.00031490,0.00033818,-0.00541467
0.00031500,0.00058206,-0.00521652
0.00031510,0.00055282,-0.00499642
0.00031520,0.00060849,-0.00475522
0.00031530,0.00058705,-0.00449386
0.00031540,0.00044853,-0.00421337
0.00031550,0.00049371,-0.00391485
0.00031560,0.00042311,-0.00359949
0.00031570,0.00045579,-0.00326856
0.00031580,0.00032189,-0.00292339
0.00031590,0.00019132,-0.00256538
0.00031600,0.00030238,-0.00219598
0.00031610,0.00038664,-0.00181669
0.00031620,0.00052694,-0.00142908
0.00031630,0.00033834,-0.00103473
0.00031640,0.00031393,-0.00063527
0.00031650,0.00032763,-0.00023234
0.00031660,0.00011555,0.00017237
0.00031670,0.00015128,0.00057719
0.00031680,0.00002489,0.00098044
0.00031690,0.00010254,0.00138041
0.00031700,-0.00017072,0.00177545
0.00031710,-0.00016692,0.00216389
0.00031720,-0.00002509,0.00254411
0.00031730,-0.00016223,0.00291448
0.00031740,-0.00034456,0.00327346
0.00031750,-0.00054557,0.00361951
0.00031760,-0.00039620,0.00395118
0.00031770,-0.00051059,0.00426705
0.00031780,-0.00061531,0.00456577
0.00031790,-0.00057349,0.00484607
0.00031800,-0.00077465,0.00510674
0.00031810,-0.00064878,0.00534667
0.00031820,-0.00084014,0.00556482
0.00031830,-0.00073506,0.00576026
0.00031840,-0.00079822,0.00593212
0.00031850,-0.00080142,0.00607966
0.00031860,-0.00089247,0.00620224
0.00031870,-0.00098873,0.00629930
0.00031880,-0.00091063,0.00637042
0.00031890,-0.00100013,0.00641526
0.00031900,-0.00112625,0.00643361
0.00031910,-0.00114314,0.00642538
0.00031920,-0.00098637,0.00639056
0.00031930,-0.00104504,0.00632928
0.00031940,-0.00098009,0.00624177
0.00031950,-0.00089805,0.00612839
0.00031960,-0.00093638,0.00598958
0.00031970,-0.00097719,0.00582591
0.00031980,-0.00093250,0.00563806
0.00031990,-0.00089714,0.00542679
0.00032000,-0.00085135,0.00519298
0.00032010,-0.00077951,0.00493761
0.00032020,-0.00085116,0.00466174
0.00032030,-0.00084800,0.00436651
0.00032040,-0.00082750,0.00405316
0.00032050,-0.00086408,0.00372300
0.00032060,-0.00081738,0.00337741
0.00032070,-0.00076484,0.00301784
0.00032080,-0.00088121,0.00264580
0.00032090,-0.00073486,0.00226284
0.00032100,-0.00070306,0.00187058
0.00032110,-0.00044144,0.00147065
0.00032120,-0.00042123,0.00106474
0.00032130,-0.00039656,0.00065454
0.00032140,-0.00046491,0.00024176
0.00032150,-0.00015444,-0.00017185
0.00032160,-0.00011340,-0.00058458
0.00032170,-0.00009488,-0.00099471
0.00032180,-0.00000747,-0.00140053
0.00032190,0.00004350,-0.00180034
0.00032200,0.00002667,-0.00219250
0.00032210,0.00009956,-0.00257539
0.00032220,0.00039358,-0.00294742
0.00032230,0.00029294,-0.00330707
0.00032240,0.00064077,-0.00365287
0.00032250,0.00057279,-0.00398341
0.00032260,0.00046275,-0.00429736
0.00032270,0.00049053,-0.00459345
0.00032280,0.00045000,-0.00487051
0.00032290,0.00046399,-0.00512743
0.00032300,0.00047782,-0.00536321
0.00032310,0.00058307,-0.00557694
0.00032320,0.00064906,-0.00576781
0.00032330,0.00079980,-0.00593511
0.00032340,0.00071054,-0.00607822
0.00032350,0.00052269,-0.00619665
0.00032360,0.00063707,-0.00629001
0.00032370,0.00070145,-0.00635800
0.00032380,0.00076466,-0.00640046
0.00032390,0.00074656,-0.00641732
0.00032400,0.00053962,-0.00640862
0.00032410,0.00060720,-0.00637452
0.00032420,0.00078294,-0.00631527
0.00032430,0.00060054,-0.00623125
0.00032440,0.00073140,-0.00612291
0.00032450,0.00064173,-0.00599084
0.00032460,0.00069076,-0.00583568
0.00032470,0.00071377,-0.00565821
0.00032480,0.00061181,-0.00545926
0.00032490,0.00063903,-0.00523978
0.00032500,0.00051761,-0.00500077
0.00032510,0.00048840,-0.00474333
0.00032520,0.00052291,-0.00446860
0.00032530,0.00036781,-0.00417783
0.00032540,0.00020083,-0.00387228
0.00032550,0.00016184,-0.00355328
0.00032560,0.00007077,-0.00322223
0.00032570,0.00013386,-0.00288054
0.00032580,0.00011239,-0.00252965
0.00032590,-0.00008242,-0.00217106
0.00032600,-0.00007787,-0.00180626
0.00032610,-0.00022716,-0.00143676
0.00032620,-0.00014430,-0.00106409
0.00032630,-0.00034277,-0.00068975
0.00032640,-0.00035578,-0.00031527
0.00032650,-0.00057665,0.00005785
0.00032660,-0.00063799,0.00042815
0.00032670,-0.00042004,0.00079415
0.00032680,-0.00046330,0.00115445
0.00032690,-0.00051550,0.00150766
0.00032700,-0.00066333,0.00185243
0.00032710,-0.00080401,0.00218748
0.00032720,-0.00090687,0.00251157
0.00032730,-0.00098986,0.00282352
0.00032740,-0.00117421,0.00312221
0.00032750,-0.00104499,0.00340659
0.00032760,-0.00094946,0.00367569
0.00032770,-0.00095778,0.00392860
0.00032780,-0.00111729,0.00416450
0.00032790,-0.00118144,0.00438263
0.00032800,-0.00122028,0.00458234
0.00032810,-0.00113192,0.00476305
0.00032820,-0.00104334,0.00492426
0.00032830,-0.00111938,0.00506557
0.00032840,-0.00101511,0.00518666
0.00032850,-0.00114504,0.00528730
0.00032860,-0.00099502,0.00536734
0.00032870,-0.00093368,0.00542674
0.00032880,-0.00100003,0.00546553
0.00032890,-0.00104492,0.00548381
0.00032900,-0.00102382,0.00548180
0.00032910,-0.00101415,0.00545976
0.00032920,-0.00100135,0.00541805
0.00032930,-0.00097171,0.00535712
0.00032940,-0.00086894,0.00527745
0.00032950,-0.00093818,0.00517962
0.00032960,-0.00078059,0.00506427
0.00032970,-0.00069629,0.00493210
0.00032980,-0.00067267,0.00478385
0.00032990,-0.00062163,0.00462032
0.00033000,-0.00070537,0.00444237
0.00033010,-0.00036647,0.00425088
0.00033020,-0.00045106,0.00404679
0.00033030,-0.00037021,0.00383106
0.00033040,-0.00039603,0.00360467
0.00033050,-0.00034748,0.00336865
0.00033060,-0.00013251,0.00312401
0.00033070,-0.00015822,0.00287181
0.00033080,-0.00001195,0.00261310
0.00033090,-0.00002460,0.00234893
0.00033100,0.00000030,0.00208037
0.00033110,-0.00004895,0.00180846
0.00033120,0.00020345,0.00153425
0.00033130,0.00037260,0.00125878
0.00033140,0.00028025,0.00098305
0.00033150,0.00041041,0.00070807
0.00033160,0.00043546,0.00043480
0.00033170,0.00042163,0.00016419
0.00033180,0.00056322,-0.00010286
0.00033190,0.00052355,-0.00036545
0.00033200,0.00059557,-0.00062276
0.00033210,0.00054416,-0.00087396
0.00033220,0.00065446,-0.00111831
0.00033230,0.00080985,-0.00135508
0.00033240,0.00057142,-0.00158359
0.00033250,0.00079642,-0.00180322
0.00033260,0.00077830,-0.00201339
0.00033270,0.00072558,-0.00221356
0.00033280,0.00076899,-0.00240326
0.00033290,0.00077648,-0.00258205
0.00033300,0.00082017,-0.00274955
0.00033310,0.00079778,-0.00290543
0.00033320,0.00058894,-0.00304940
0.00033330,0.00058619,-0.00318124
0.00033340,0.00056545,-0.00330076
0.00033350,0.00067068,-0.00340783
0.00033360,0.00064218,-0.00350235
0.00033370,0.00046877,-0.00358428
0.00033380,0.00043104,-0.00365363
0.00033390,0.00016058,-0.00371043
0.00033400,0.00036907,-0.00375477
0.00033410,0.00040846,-0.00378677
0.00033420,0.00027810,-0.00380659
0.00033430,0.00018868,-0.00381441
0.00033440,0.00019291,-0.00381047
0.00033450,0.00033962,-0.00379502
0.00033460,0.00021064,-0.00376834
0.00033470,0.00029205,-0.00373074
0.00033480,0.00015542,-0.00368255
0.00033490,-0.00004564,-0.00362413
0.00033500,0.00003812,-0.00355586
0.00033510,-0.00032799,-0.00347811
0.00033520,-0.00013311,-0.00339132
0.00033530,-0.00035176,-0.00329588
0.00033540,-0.00033339,-0.00319225
0.00033550,-0.00016195,-0.00308085
0.00033560,-0.00047909,-0.00296216
0.00033570,-0.00043422,-0.00283662
0.00033580,-0.00060353,-0.00270470
0.00033590,-0.00051278,-0.00256687
0.00033600,-0.00057259,-0.00242361
0.00033610,-0.00072192,-0.00227539
0.00033620,-0.00076844,-0.00212269
0.00033630,-0.00070447,-0.00196598
0.00033640,-0.00068080,-0.00180574
0.00033650,-0.00086457,-0.00164245
0.00033660,-0.00091353,-0.00147656
0.00033670,-0.00100936,-0.00130856
0.00033680,-0.00095539,-0.00113890
0.00033690,-0.00075081,-0.00096805
0.00033700,-0.00083541,-0.00079644
0.00033710,-0.00088242,-0.00062454
0.00033720,-0.00080950,-0.00045278
0.00033730,-0.00109902,-0.00028160
0.00033740,-0.00105556,-0.00011142
0.00033750,-0.00110371,0.00005734
0.00033760,-0.00099970,0.00022426
0.00033770,-0.00092445,0.00038894
0.00033780,-0.00090085,0.00055099
0.00033790,-0.00092037,0.00071001
0.00033800,-0.00084582,0.00086563
0.00033810,-0.00097739,0.00101747
0.00033820,-0.00101422,0.00116518
0.00033830,-0.00101932,0.00130839
0.00033840,-0.00098555,0.00144678
0.00033850,-0.00089728,0.00157999
0.00033860,-0.00091720,0.00170771
0.00033870,-0.00099585,0.00182963
0.00033880,-0.00075133,0.00194544
0.00033890,-0.00056279,0.00205484
0.00033900,-0.00072657,0.00215756
0.00033910,-0.00053012,0.00225333
0.00033920,-0.00047312,0.00234190
0.00033930,-0.00050313,0.00242301
0.00033940,-0.00049801,0.00249645
0.00033950,-0.00066598,0.00256199
0.00033960,-0.00049802,0.00261946
0.00033970,-0.00034061,0.00266865
0.00033980,-0.00014054,0.00270943
0.00033990,-0.00023160,0.00274164
0.00034000,-0.00012279,0.00276517
0.00034010,-0.00007216,0.00277992
0.00034020,-0.00010442,0.00278581
0.00034030,-0.00008817,0.00278279
0.00034040,0.00006585,0.00277083
0.00034050,0.00022995,0.00274993
0.00034060,0.00027910,0.00272011
0.00034070,0.00024902,0.00268143
0.00034080,0.00023627,0.00263395
0.00034090,0.00014977,0.00257780
0.00034100,0.00011891,0.00251309
0.00034110,0.00032668,0.00244000
0.00034120,0.00043971,0.00235873
0.00034130,0.00036010,0.00226949
0.00034140,0.00020129,0.00217254
0.00034150,0.00036481,0.00206817
0.00034160,0.00049380,0.00195669
0.00034170,0.00043279,0.00183844
0.00034180,0.00042827,0.00171379
0.00034190,0.00038827,0.00158316
0.00034200,0.00026030,0.00144696
0.00034210,0.00025059,0.00130565
0.00034220,0.00044251,0.00115973
0.00034230,0.00057258,0.00100968
0.00034240,0.00054250,0.00085606
0.00034250,0.00046802,0.00069942
0.00034260,0.00056478,0.00054032
0.00034270,0.00044097,0.00037937
0.00034280,0.00026870,0.00021717
0.00034290,0.00041730,0.00005436
0.00034300,0.00041285,-0.00010843
0.00034310,0.00031835,-0.00027055
0.00034320,0.00020039,-0.00043133
0.00034330,0.00025593,-0.00059012
0.00034340,0.00014338,-0.00074625
0.00034350,0.00031867,-0.00089906
0.00034360,0.00029457,-0.00104789
0.00034370,0.00022843,-0.00119208
0.00034380,0.00029066,-0.00133099
0.00034390,0.00027003,-0.00146400
0.00034400,0.00032992,-0.00159048
0.00034410,0.00016039,-0.00170984
0.00034420,0.00017023,-0.00182151
0.00034430,0.00018819,-0.00192495
0.00034440,0.00005190,-0.00201964
0.00034450,0.00001510,-0.00210509
0.00034460,0.00015852,-0.00218086
0.00034470,0.00006801,-0.00224654
0.00034480,0.00003493,-0.00230176
0.00034490,-0.00010957,-0.00234619
0.00034500,-0.00016701,-0.00237957
0.00034510,-0.00016512,-0.00240166
0.00034520,-0.00020013,-0.00241228
0.00034530,-0.00029322,-0.00241132
0.00034540,-0.00051932,-0.00239870
0.00034550,-0.00031484,-0.00237442
0.00034560,-0.00022506,-0.00233851
0.00034570,-0.00017834,-0.00229108
0.00034580,-0.00039230,-0.00223229
0.00034590,-0.00057275,-0.00216236
0.00034600,-0.00054852,-0.00208157
0.00034610,-0.00065298,-0.00199024
0.00034620,-0.00047886,-0.00188877
0.00034630,-0.00041309,-0.00177760
0.00034640,-0.00048286,-0.00165723
0.00034650,-0.00053113,-0.00152821
0.00034660,-0.00062268,-0.00139115
0.00034670,-0.00049213,-0.00124669
0.00034680,-0.00080025,-0.00109553
0.00034690,-0.00066755,-0.00093840
0.00034700,-0.00066284,-0.00077609
0.00034710,-0.00057951,-0.00060941
0.00034720,-0.00058123,-0.00043920
0.00034730,-0.00069721,-0.00026634
0.00034740,-0.00058850,-0.00009172
0.00034750,-0.00081405,0.00008373
0.00034760,-0.00071664,0.00025908
0.00034770,-0.00058490,0.00043339
0.00034780,-0.00061119,0.00060570
0.00034790,-0.00050054,0.00077507
0.00034800,-0.00058135,0.00094053
0.00034810,-0.00062325,0.00110116
0.00034820,-0.00067277,0.00125603
0.00034830,-0.00044371,0.00140423
0.00034840,-0.00031671,0.00154488
0.00034850,-0.00053066,0.00167714
0.00034860,-0.00047136,0.00180019
0.00034870,-0.00051225,0.00191326
0.00034880,-0.00040899,0.00201562
0.00034890,-0.00062507,0.00210660
0.00034900,-0.00036711,0.00218556
0.00034910,-0.00003545,0.00225195
0.00034920,-0.00008923,0.00230526
0.00034930,-0.00009630,0.00234506
0.00034940,-0.00039398,0.00237098
0.00034950,-0.00030984,0.00238274
0.00034960,-0.00032671,0.00238010
0.00034970,-0.00012701,0.00236293
0.00034980,-0.00006099,0.00233117
0.00034990,-0.00000308,0.00228483
0.00035000,0.00007707,0.00222403
0.00035010,0.00005529,0.00214893
0.00035020,0.00016083,0.00205980
0.00035030,0.00015700,0.00195698
0.00035040,0.00022219,0.00184091
0.00035050,0.00035577,0.00171209
0.00035060,0.00015779,0.00157109
0.00035070,0.00036236,0.00141858
0.00035080,0.00038335,0.00125528
0.00035090,0.00021292,0.00108200
0.00035100,0.00026980,0.00089959
0.00035110,0.00034896,0.00070899
0.00035120,0.00034046,0.00051118
0.00035130,0.00023446,0.00030720
0.00035140,-0.00009389,0.00009813
0.00035150,0.00013318,-0.00011490
0.00035160,0.00020107,-0.00033072
0.00035170,0.00012087,-0.00054813
0.00035180,0.00032812,-0.00076592
0.00035190,0.00024935,-0.00098284
0.00035200,0.00019171,-0.00119763
0.00035210,0.00038544,-0.00140903
0.00035220,0.00044115,-0.00161579
0.00035230,0.00055866,-0.00181664
0.00035240,0.00028416,-0.00201035
0.00035250,0.00009867,-0.00219569
0.00035260,0.00020973,-0.00237148
0.00035270,0.00017906,-0.00253656
0.00035280,0.00007941,-0.00268982
0.00035290,0.00031835,-0.00283018
0.00035300,0.00034151,-0.00295663
0.00035310,0.00038795,-0.00306823
0.00035320,0.00025420,-0.00316409
0.00035330,0.00021139,-0.00324339
0.00035340,0.00022594,-0.00330541
0.00035350,0.00007439,-0.00334949
0.00035360,0.00007991,-0.00337509
0.00035370,-0.00004756,-0.00338172
0.00035380,0.00017497,-0.00336903
0.00035390,0.00029531,-0.00333675
0.00035400,-0.00038268,-0.00328470
0.00035410,-0.00035055,-0.00321285
0.00035420,-0.00021213,-0.00312124
0.00035430,-0.00020354,-0.00301004
0.00035440,-0.00005262,-0.00287952
0.00035450,0.00004841,-0.00273007
0.00035460,-0.00006070,-0.00256219
0.00035470,-0.00017744,-0.00237649
0.00035480,-0.00006763,-0.00217369
0.00035490,0.00007531,-0.00195462
0.00035500,-0.00019798,-0.00172020
0.00035510,-0.00043662,-0.00147146
0.00035520,-0.00033860,-0.00120953
0.00035530,-0.00018457,-0.00093562
0.00035540,-0.00020697,-0.00065103
0.00035550,-0.00029093,-0.00035714
0.00035560,-0.00025537,-0.00005540
0.00035570,-0.00029578,0.00025266
0.00035580,-0.00052102,0.00056547
0.00035590,-0.00032423,0.00088140
0.00035600,-0.00056224,0.00119878
0.00035610,-0.00052368,0.00151589
0.00035620,-0.00055512,0.00183101
0.00035630,-0.00055461,0.00214238
0.00035640,-0.00050185,0.00244825
0.00035650,-0.00059128,0.00274686
0.00035660,-0.00065653,0.00303647
0.00035670,-0.00054484,0.00331535
0.00035680,-0.00040901,0.00358182
0.00035690,-0.00060955,0.00383423
0.00035700,-0.00048455,0.00407096
0.00035710,-0.00056842,0.00429050
0.00035720,-0.00047310,0.00449135
0.00035730,-0.00047760,0.00467214
0.00035740,-0.00048802,0.00483155
0.00035750,-0.00050110,0.00496837
0.00035760,-0.00055640,0.00508150
0.00035770,-0.00042153,0.00516993
0.00035780,-0.00039987,0.00523280
0.00035790,-0.00056993,0.00526935
0.00035800,-0.00061622,0.00527895
0.00035810,-0.00035252,0.00526112
0.00035820,-0.00033509,0.00521551
0.00035830,-0.00020307,0.00514191
0.00035840,-0.00028236,0.00504026
0.00035850,-0.00035950,0.00491066
0.00035860,-0.00046286,0.00475336
0.00035870,-0.00041741,0.00456873
0.00035880,-0.00007163,0.00435734
0.00035890,-0.00014507,0.00411987
0.00035900,-0.00022448,0.00385717
0.00035910,-0.00002154,0.00357024
0.00035920,-0.00017261,0.00326020
0.00035930,-0.00014453,0.00292833
0.00035940,-0.00017867,0.00257604
0.00035950,0.00000282,0.00220486
0.00035960,-0.00003934,0.00181645
0.00035970,0.00009116,0.00141257
0.00035980,0.00023254,0.00099510
0.00035990,0.00025115,0.00056600
0.00036000,0.00015206,0.00012735
0.00036010,0.00008432,-0.00031873
0.00036020,0.00019099,-0.00077003
0.00036030,0.00008033,-0.00122429
0.00036040,0.00017266,-0.00167921
0.00036050,0.00009784,-0.00213244
0.00036060,0.00006260,-0.00258164
0.00036070,0.00014996,-0.00302442
0.00036080,0.00030219,-0.00345843
0.00036090,0.00011745,-0.00388132
0.00036100,0.00018557,-0.00429075
0.00036110,0.00010682,-0.00468446
0.00036120,0.00029758,-0.00506021
0.00036130,0.00027833,-0.00541584
0.00036140,0.00010604,-0.00574926
0.00036150,0.00036489,-0.00605848
0.00036160,0.00013578,-0.00634160
0.00036170,0.00033625,-0.00659683
0.00036180,0.00031750,-0.00682251
0.00036190,0.00038738,-0.00701710
0.00036200,0.00024259,-0.00717923
0.00036210,0.00014207,-0.00730765
0.00036220,0.00036856,-0.00740128
0.00036230,0.00014619,-0.00745921
0.00036240,0.00012216,-0.00748070
0.00036250,0.00011783,-0.00746518
0.00036260,0.00011497,-0.00741228
0.00036270,0.00021864,-0.00732180
0.00036280,0.00007558,-0.00719374
0.00036290,0.00004264,-0.00702830
0.00036300,-0.00004724,-0.00682585
0.00036310,0.00005557,-0.00658698
0.00036320,0.00007959,-0.00631245
0.00036330,0.00009400,-0.00600322
0.00036340,0.00001431,-0.00566044
0.00036350,-0.00011253,-0.00528543
0.00036360,-0.00001994,-0.00487971
0.00036370,-0.00022564,-0.00444495
0.00036380,-0.00027885,-0.00398300
0.00036390,-0.00022412,-0.00349585
0.00036400,-0.00032266,-0.00298566
0.00036410,-0.00033648,-0.00245472
0.00036420,-0.00047589,-0.00190544
0.00036430,-0.00041219,-0.00134035
0.00036440,-0.00040300,-0.00076211
0.00036450,-0.00045523,-0.00017343
0.00036460,-0.00070854,0.00042287
0.00036470,-0.00089688,0.00102390
0.00036480,-0.00081844,0.00162673
0.00036490,-0.00079363,0.00222838
0.00036500,-0.00080821,0.00282587
0.00036510,-0.00089736,0.00341619
0.00036520,-0.00076092,0.00399632
0.00036530,-0.00073331,0.00456331
0.00036540,-0.00081101,0.00511420
0.00036550,-0.00098765,0.00564611
0.00036560,-0.00110888,0.00615621
0.00036570,-0.00099221,0.00664177
0.00036580,-0.00105769,0.00710013
0.00036590,-0.00110788,0.00752877
0.00036600,-0.00097788,0.00792529
0.00036610,-0.00095294,0.00828740
0.00036620,-0.00098245,0.00861299
0.00036630,-0.00088972,0.00890010
0.00036640,-0.00091853,0.00914697
0.00036650,-0.00072881,0.00935197
0.00036660,-0.00087616,0.00951372
0.00036670,-0.00098974,0.00963102
0.00036680,-0.00088744,0.00970287
0.00036690,-0.00076429,0.00972851
0.00036700,-0.00066286,0.00970738
0.00036710,-0.00081987,0.00963916
0.00036720,-0.00079426,0.00952376
0.00036730,-0.00069287,0.00936131
0.00036740,-0.00062008,0.00915221
0.00036750,-0.00075614,0.00889704
0.00036760,-0.00044735,0.00859665
0.00036770,-0.00043728,0.00825212
0.00036780,-0.00032550,0.00786472
0.00036790,-0.00031054,0.00743599
0.00036800,-0.00034017,0.00696765
0.00036810,-0.00012239,0.00646164
0.00036820,-0.00025628,0.00592009
0.00036830,0.00005828,0.00534534
0.00036840,0.00004602,0.00473989
0.00036850,0.00007862,0.00410641
0.00036860,0.00022035,0.00344774
0.00036870,0.00031779,0.00276686
0.00036880,0.00050977,0.00206687
0.00036890,0.00048435,0.00135099
0.00036900,0.00047935,0.00062254
0.00036910,0.00048698,-0.00011507
0.00036920,0.00040530,-0.00085837
0.00036930,0.00056101,-0.00160384
0.00036940,0.00061822,-0.00234791
0.00036950,0.00057015,-0.00308701
0.00036960,0.00047922,-0.00381757
0.00036970,0.00056221,-0.00453602
0.00036980,0.00065265,-0.00523885
0.00036990,0.00067608,-0.00592259
0.00037000,0.00059961,-0.00658384
0.00037010,0.00047286,-0.00721928
0.00037020,0.00061456,-0.00782572
0.00037030,0.00067586,-0.00840006
0.00037040,0.00062058,-0.00893937
0.00037050,0.00070581,-0.00944084
0.00037060,0.00058598,-0.00990185
0.00037070,0.00054763,-0.01031994
0.00037080,0.00081392,-0.01069286
0.00037090,0.00077029,-0.01101856
0.00037100,0.00073514,-0.01129519
0.00037110,0.00047743,-0.01152115
0.00037120,0.00033710,-0.01169506
0.00037130,0.00052344,-0.01181579
0.00037140,0.00043969,-0.01188244
0.00037150,0.00044860,-0.01189439
0.00037160,0.00045346,-0.01185125
0.00037170,0.00047379,-0.01175291
0.00037180,0.00022361,-0.01159951
0.00037190,0.00011577,-0.01139147
0.00037200,0.00021405,-0.01112944
0.00037210,0.00039320,-0.01081435
0.00037220,0.00045378,-0.01044739
0.00037230,0.00017795,-0.01002999
0.00037240,-0.00007043,-0.00956383
0.00037250,-0.00021143,-0.00905081
0.00037260,-0.00023084,-0.00849307
0.00037270,-0.00031942,-0.00789299
0.00037280,-0.00027662,-0.00725313
0.00037290,-0.00023994,-0.00657626
0.00037300,-0.00032106,-0.00586532
0.00037310,-0.00027914,-0.00512344
0.00037320,-0.00029380,-0.00435389
0.00037330,-0.00051456,-0.00356010
0.00037340,-0.00050373,-0.00274560
0.00037350,-0.00057307,-0.00191405
0.00037360,-0.00083361,-0.00106920
0.00037370,-0.00081774,-0.00021485
0.00037380,-0.00085200,0.00064511
0.00037390,-0.00086951,0.00150677
0.00037400,-0.00081936,0.00236619
0.00037410,-0.00065734,0.00321944
0.00037420,-0.00088121,0.00406260
0.00037430,-0.00105089,0.00489180
0.00037440,-0.00128389,0.00570319
0.00037450,-0.00142173,0.00649302
0.00037460,-0.00127796,0.00725762
0.00037470,-0.00133262,0.00799343
0.00037480,-0.00135273,0.00869702
0.00037490,-0.00127240,0.00936508
0.00037500,-0.00130999,0.00999446
0.00037510,-0.00137976,0.01058221
0.00037520,-0.00146021,0.01112552
0.00037530,-0.00142668,0.01162182
0.00037540,-0.00131458,0.01206870
0.00037550,-0.00113983,0.01246402
0.00037560,-0.00094158,0.01280585
0.00037570,-0.00099004,0.01309249
0.00037580,-0.00108193,0.01332251
0.00037590,-0.00097469,0.01349471
0.00037600,-0.00111153,0.01360818
0.00037610,-0.00109212,0.01366225
0.00037620,-0.00085999,0.01365652
0.00037630,-0.00075768,0.01359088
0.00037640,-0.00071787,0.01346546
0.00037650,-0.00082880,0.01328070
0.00037660,-0.00061922,0.01303726
0.00037670,-0.00032550,0.01273611
0.00037680,-0.00015937,0.01237846
0.00037690,-0.00020824,0.01196576
0.00037700,-0.00025817,0.01149974
0.00037710,-0.00020372,0.01098235
0.00037720,-0.00025879,0.01041577
0.00037730,-0.00031199,0.00980242
0.00037740,0.00005922,0.00914491
0.00037750,0.00014565,0.00844607
0.00037760,0.00035096,0.00770888
0.00037770,0.00019792,0.00693653
0.00037780,0.00027154,0.00613234
0.00037790,0.00024744,0.00529980
0.00037800,0.00036241,0.00444249
0.00037810,0.00050544,0.00356413
0.00037820,0.00043475,0.00266853
0.00037830,0.00063652,0.00175955
0.00037840,0.00059141,0.00084114
0.00037850,0.00073998,-0.00008274
0.00037860,0.00074867,-0.00100808
0.00037870,0.00076693,-0.00193087
0.00037880,0.00082716,-0.00284714
0.00037890,0.00076279,-0.00375293
0.00037900,0.00087778,-0.00464432
0.00037910,0.00088686,-0.00551748
0.00037920,0.00097841,-0.00636864
0.00037930,0.00077353,-0.00719416
0.00037940,0.00089232,-0.00799049
0.00037950,0.00081697,-0.00875422
0.00037960,0.00090537,-0.00948209
0.00037970,0.00110244,-0.01017099
0.00037980,0.00085816,-0.01081799
0.00037990,0.00083065,-0.01142035
0.00038000,0.00080629,-0.01197553
0.00038010,0.00074513,-0.01248119
0.00038020,0.00096777,-0.01293521
0.00038030,0.00084966,-0.01333570
0.00038040,0.00075617,-0.01368101
0.00038050,0.00064682,-0.01396972
0.00038060,0.00040590,-0.01420066
0.00038070,0.00053470,-0.01437291
0.00038080,0.00035435,-0.01448582
0.00038090,0.00019578,-0.01453898
0.00038100,0.00013841,-0.01453223
0.00038110,-0.00009140,-0.01446569
0.00038120,-0.00000838,-0.01433973
0.00038130,-0.00003792,-0.01415494
0.00038140,-0.00011647,-0.01391221
0.00038150,-0.00005070,-0.01361264
0.00038160,-0.00021786,-0.01325757
0.00038170,-0.00035834,-0.01284859
0.00038180,-0.00051245,-0.01238749
0.00038190,-0.00073155,-0.01187629
0.00038200,-0.00060160,-0.01131722
0.00038210,-0.00086879,-0.01071268
0.00038220,-0.00080577,-0.01006528
0.00038230,-0.00092373,-0.00937778
0.00038240,-0.00102354,-0.00865312
0.00038250,-0.00100345,-0.00789436
0.00038260,-0.00125468,-0.00710471
0.00038270,-0.00118872,-0.00628749
0.00038280,-0.00123716,-0.00544612
0.00038290,-0.00148546,-0.00458411
0.00038300,-0.00144752,-0.00370504
0.00038310,-0.00136469,-0.00281255
0.00038320,-0.00129173,-0.00191032
0.00038330,-0.00133315,-0.00100205
0.00038340,-0.00144041,-0.00009145
0.00038350,-0.00132273,0.00081777
0.00038360,-0.00136060,0.00172193
0.00038370,-0.00131422,0.00261738
0.00038380,-0.00114802,0.00350053
0.00038390,-0.00102143,0.00436787
0.00038400,-0.00109664,0.00521593
0.00038410,-0.00129348,0.00604139
0.00038420,-0.00123467,0.00684100
0.00038430,-0.00120781,0.00761165
0.00038440,-0.00107416,0.00835036
0.00038450,-0.00094952,0.00905430
0.00038460,-0.00089974,0.00972079
0.00038470,-0.00097064,0.01034732
0.00038480,-0.00067613,0.01093157
0.00038490,-0.00063533,0.01147138
0.00038500,-0.00057152,0.01196481
0.00038510,-0.00051103,0.01241011
0.00038520,-0.00056132,0.01280572
0.00038530,-0.00028163,0.01315031
0.00038540,-0.00037190,0.01344277
0.00038550,-0.00042722,0.01368217
0.00038560,-0.00027092,0.01386785
0.00038570,-0.00016744,0.01399934
0.00038580,-0.00009185,0.01407640
0.00038590,0.00018862,0.01409900
0.00038600,0.00032386,0.01406734
0.00038610,0.00035923,0.01398184
0.00038620,0.00037219,0.01384312
0.00038630,0.00037897,0.01365201
0.00038640,0.00039754,0.01340957
0.00038650,0.00058816,0.01311701
0.00038660,0.00067080,0.01277577
0.00038670,0.00066702,0.01238746
0.00038680,0.00088447,0.01195386
0.00038690,0.00074069,0.01147693
0.00038700,0.00084050,0.01095876
0.00038710,0.00072436,0.01040163
0.00038720,0.00098199,0.00980792
0.00038730,0.00101502,0.00918015
0.00038740,0.00096176,0.00852095
0.00038750,0.00087527,0.00783306
0.00038760,0.00086786,0.00711931
0.00038770,0.00096282,0.00638260
0.00038780,0.00111001,0.00562592
0.00038790,0.00133342,0.00485228
0.00038800,0.00122067,0.00406477
0.00038810,0.00132386,0.00326647
0.00038820,0.00117214,0.00246051
0.00038830,0.00087562,0.00165001
0.00038840,0.00091567,0.00083808
0.00038850,0.00083340,0.00002782
0.00038860,0.00079807,-0.00077772
0.00038870,0.00072847,-0.00157552
0.00038880,0.00076717,-0.00236262
0.00038890,0.00077345,-0.00313613
0.00038900,0.00053330,-0.00389324
0.00038910,0.00049468,-0.00463122
0.00038920,0.00049697,-0.00534743
0.00038930,0.00037081,-0.00603937
0.00038940,0.00037126,-0.00670463
0.00038950,0.00017606,-0.00734094
0.00038960,0.00012693,-0.00794613
0.00038970,0.00006567,-0.00851822
0.00038980,-0.00006513,-0.00905533
0.00038990,-0.00011347,-0.00955575
0.00039000,-0.00023982,-0.01001794
0.00039010,-0.00021354,-0.01044049
0.00039020,-0.00028312,-0.01082218
0.00039030,-0.00033558,-0.01116194
0.00039040,-0.00056166,-0.01145887
0.00039050,-0.00072775,-0.01171226
0.00039060,-0.00075406,-0.01192155
0.00039070,-0.00095206,-0.01208636
0.00039080,-0.00107348,-0.01220648
0.00039090,-0.00107144,-0.01228186
0.00039100,-0.00103478,-0.01231264
0.00039110,-0.00133416,-0.01229910
0.00039120,-0.00128665,-0.01224171
0.00039130,-0.00145591,-0.01214107
0.00039140,-0.00145409,-0.01199796
0.00039150,-0.00132175,-0.01181330
0.00039160,-0.00148727,-0.01158815
0.00039170,-0.00153859,-0.01132373
0.00039180,-0.00154900,-0.01102138
0.00039190,-0.00139869,-0.01068255
0.00039200,-0.00148772,-0.01030884
0.00039210,-0.00154479,-0.00990195
0.00039220,-0.00142764,-0.00946369
0.00039230,-0.00147154,-0.00899594
0.00039240,-0.00149227,-0.00850071
0.00039250,-0.00145755,-0.00798006
0.00039260,-0.00152126,-0.00743613
0.00039270,-0.00151851,-0.00687111
0.00039280,-0.00151402,-0.00628727
0.00039290,-0.00152216,-0.00568688
0.00039300,-0.00134769,-0.00507228
0.00039310,-0.00106108,-0.00444583
0.00039320,-0.00113383,-0.00380988
0.00039330,-0.00093383,-0.00316680
0.00039340,-0.00088307,-0.00251897
0.00039350,-0.00112903,-0.00186873
0.00039360,-0.00103324,-0.00121843
0.00039370,-0.00103330,-0.00057036
0.00039380,-0.00082990,0.00007321
0.00039390,-0.00079782,0.00071006
0.00039400,-0.00059879,0.00133803
0.00039410,-0.00029559,0.00195500
0.00039420,-0.00025915,0.00255895
0.00039430,-0.00018085,0.00314791
0.00039440,-0.00032207,0.00372000
0.00039450,-0.00032647,0.00427341
0.00039460,-0.00009549,0.00480645
0.00039470,0.00032342,0.00531750
0.00039480,0.00047533,0.00580505
0.00039490,0.00041319,0.00626769
0.00039500,0.00035118,0.00670414
0.00039510,0.00038617,0.00711320
0.00039520,0.00030918,0.00749379
0.00039530,0.00052165,0.00784496
0.00039540,0.00085215,0.00816586
0.00039550,0.00081891,0.00845578
0.00039560,0.00109506,0.00871410
0.00039570,0.00120671,0.00894034
0.00039580,0.00129426,0.00913414
0.00039590,0.00114935,0.00929526
0.00039600,0.00114254,0.00942355
0.00039610,0.00134482,0.00951901
0.00039620,0.00121913,0.00958175
0.00039630,0.00121652,0.00961197
0.00039640,0.00131568,0.00961002
0.00039650,0.00133235,0.00957631
0.00039660,0.00135171,0.00951139
0.00039670,0.00135567,0.00941590
0.00039680,0.00116907,0.00929057
0.00039690,0.00118097,0.00913623
0.00039700,0.00094757,0.00895379
0.00039710,0.00103027,0.00874426
0.00039720,0.00107480,0.00850871
0.00039730,0.00096097,0.00824829
0.00039740,0.00092894,0.00796421
0.00039750,0.00096697,0.00765777
0.00039760,0.00085515,0.00733028
0.00039770,0.00055606,0.00698314
0.00039780,0.00076976,0.00661779
0.00039790,0.00072023,0.00623569
0.00039800,0.00065498,0.00583834
0.00039810,0.00051980,0.00542730
0.00039820,0.00034703,0.00500410
0.00039830,0.00031006,0.00457032
0.00039840,0.00010789,0.00412756
0.00039850,0.00009085,0.00367738
0.00039860,0.00005147,0.00322140
0.00039870,-0.00009211,0.00276118
0.00039880,-0.00010483,0.00229831
0.00039890,-0.00040197,0.00183433
0.00039900,-0.00044179,0.00137079
0.00039910,-0.00054572,0.00090919
0.00039920,-0.00080772,0.00045100
0.00039930,-0.00061947,-0.00000233
0.00039940,-0.00068840,-0.00044940
0.00039950,-0.00084993,-0.00088886
0.00039960,-0.00095194,-0.00131940
0.00039970,-0.00110751,-0.00173977
0.00039980,-0.00099841,-0.00214878
0.00039990,-0.00097399,-0.00254528
0.00040000,-0.00125413,-0.00292820
0.00040010,-0.00138211,-0.00329653
0.00040020,-0.00141197,-0.00364933
0.00040030,-0.00151233,-0.00398573
0.00040040,-0.00161851,-0.00430492
0.00040050,-0.00155162,-0.00460618
0.00040060,-0.00165496,-0.00488884
0.00040070,-0.00157480,-0.00515233
0.00040080,-0.00155296,-0.00539614
0.00040090,-0.00164190,-0.00561983
0.00040100,-0.00160603,-0.00582305
0.00040110,-0.00175998,-0.00600552
0.00040120,-0.00178311,-0.00616702
0.00040130,-0.00190557,-0.00630741
0.00040140,-0.00164411,-0.00642663
0.00040150,-0.00163632,-0.00652469
0.00040160,-0.00168193,-0.00660166
0.00040170,-0.00156779,-0.00665767
0.00040180,-0.00168098,-0.00669294
0.00040190,-0.00145995,-0.00670772
0.00040200,-0.00157364,-0.00670236
0.00040210,-0.00131162,-0.00667723
0.00040220,-0.00133236,-0.00663277
0.00040230,-0.00132054,-0.00656949
0.00040240,-0.00127614,-0.00648792
0.00040250,-0.00143418,-0.00638865
0.00040260,-0.00101857,-0.00627231
0.00040270,-0.00093422,-0.00613958
0.00040280,-0.00071990,-0.00599117
0.00040290,-0.00067204,-0.00582782
0.00040300,-0.00062115,-0.00565030
0.00040310,-0.00051245,-0.00545940
0.00040320,-0.00037077,-0.00525596
0.00040330,-0.00016251,-0.00504081
0.00040340,-0.00026180,-0.00481480
0.00040350,-0.00017848,-0.00457882
0.00040360,-0.00004344,-0.00433373
0.00040370,0.00000623,-0.00408043
0.00040380,0.00003860,-0.00381979
0.00040390,0.00017448,-0.00355272
0.00040400,0.00035860,-0.00328009
0.00040410,0.00031988,-0.00300280
0.00040420,0.00042369,-0.00272170
0.00040430,0.00041033,-0.00243767
0.00040440,0.00058673,-0.00215155
0.00040450,0.00067720,-0.00186417
0.00040460,0.00064876,-0.00157637
0.00040470,0.00074914,-0.00128892
0.00040480,0.00098463,-0.00100261
0.00040490,0.00092925,-0.00071820
0.00040500,0.00098008,-0.00043640
0.00040510,0.00107280,-0.00015793
0.00040520,0.00108296,0.00011653
0.00040530,0.00109726,0.00038635
0.00040540,0.00121454,0.00065091
0.00040550,0.00115796,0.00090961
0.00040560,0.00111149,0.00116190
0.00040570,0.00125506,0.00140725
0.00040580,0.00126375,0.00164519
0.00040590,0.00124660,0.00187523
0.00040600,0.00123011,0.00209697
0.00040610,0.00126455,0.00231001
0.00040620,0.00102747,0.00251398
0.00040630,0.00083110,0.00270857
0.00040640,0.00088491,0.00289347
0.00040650,0.00067794,0.00306844
0.00040660,0.00094133,0.00323322
0.00040670,0.00106714,0.00338764
0.00040680,0.00095259,0.00353152
0.00040690,0.00089190,0.00366471
0.00040700,0.00069517,0.00378712
0.00040710,0.00049444,0.00389865
0.00040720,0.00055344,0.00399924
0.00040730,0.00054351,0.00408888
0.00040740,0.00060041,0.00416754
0.00040750,0.00038469,0.00423525
0.00040760,0.00031966,0.00429204
0.00040770,0.00010236,0.00433798
0.00040780,0.00004252,0.00437314
0.00040790,0.00007189,0.00439763
0.00040800,-0.00003375,0.00441157
0.00040810,-0.00013963,0.00441509
0.00040820,-0.00024684,0.00440835
0.00040830,-0.00029822,0.00439151
0.00040840,-0.00050312,0.00436476
0.00040850,-0.00032526,0.00432829
0.00040860,-0.00054664,0.00428232
0.00040870,-0.00062613,0.00422707
0.00040880,-0.00064084,0.00416276
0.00040890,-0.00082367,0.00408966
0.00040900,-0.00081826,0.00400800
0.00040910,-0.00088090,0.00391806
0.00040920,-0.00080209,0.00382010
0.00040930,-0.00102354,0.00371441
0.00040940,-0.00095343,0.00360127
0.00040950,-0.00099435,0.00348097
0.00040960,-0.00102988,0.00335382
0.00040970,-0.00107300,0.00322013
0.00040980,-0.00109326,0.00308019
0.00040990,-0.00109903,0.00293434
0.00041000,-0.00130265,0.00278289
0.00041010,-0.00137549,0.00262617
0.00041020,-0.00138869,0.00246452
0.00041030,-0.00146154,0.00229827
0.00041040,-0.00141197,0.00212777
0.00041050,-0.00152712,0.00195336
0.00041060,-0.00146413,0.00177539
0.00041070,-0.00140273,0.00159423
0.00041080,-0.00126955,0.00141022
0.00041090,-0.00121135,0.00122374
0.00041100,-0.00132346,0.00103515
0.00041110,-0.00132497,0.00084483
0.00041120,-0.00125151,0.00065315
0.00041130,-0.00111859,0.00046050
0.00041140,-0.00120215,0.00026727
0.00041150,-0.00121999,0.00007384
0.00041160,-0.00121847,-0.00011939
0.00041170,-0.00109654,-0.00031203
0.00041180,-0.00112459,-0.00050366
0.00041190,-0.00106282,-0.00069389
0.00041200,-0.00099036,-0.00088230
0.00041210,-0.00067294,-0.00106848
0.00041220,-0.00059311,-0.00125201
0.00041230,-0.00065907,-0.00143249
0.00041240,-0.00067672,-0.00160948
0.00041250,-0.00055902,-0.00178258
0.00041260,-0.00042520,-0.00195135
0.00041270,-0.00023839,-0.00211538
0.00041280,-0.00031085,-0.00227424
0.00041290,-0.00051258,-0.00242753
0.00041300,-0.00026035,-0.00257484
0.00041310,-0.00019921,-0.00271575
0.00041320,-0.00019050,-0.00284986
0.00041330,-0.00007474,-0.00297679
0.00041340,-0.00011468,-0.00309616
0.00041350,0.00019299,-0.00320759
0.00041360,0.00031980,-0.00331073
0.00041370,0.00038841,-0.00340525
0.00041380,0.00025725,-0.00349081
0.00041390,0.00038421,-0.00356711
0.00041400,0.00041268,-0.00363388
0.00041410,0.00051912,-0.00369084
0.00041420,0.00072425,-0.00373778
0.00041430,0.00050508,-0.00377448
0.00041440,0.00040807,-0.00380075
0.00041450,0.00031656,-0.00381645
0.00041460,0.00034919,-0.00382146
0.00041470,0.00061520,-0.00381569
0.00041480,0.00065919,-0.00379909
0.00041490,0.00073515,-0.00377163
0.00041500,0.00077345,-0.00373335
0.00041510,0.00053045,-0.00368428
0.00041520,0.00057236,-0.00362452
0.00041530,0.00053206,-0.00355420
0.00041540,0.00070082,-0.00347348
0.00041550,0.00063211,-0.00338258
0.00041560,0.00055204,-0.00328172
0.00041570,0.00064966,-0.00317119
0.00041580,0.00051515,-0.00305130
0.00041590,0.00047132,-0.00292240
0.00041600,0.00044618,-0.00278488
0.00041610,0.00065866,-0.00263915
0.00041620,0.00049970,-0.00248568
0.00041630,0.00039958,-0.00232494
0.00041640,0.00048865,-0.00215744
0.00041650,0.00044782,-0.00198374
0.00041660,0.00039687,-0.00180439
0.00041670,0.00032174,-0.00161999
0.00041680,0.00015315,-0.00143116
0.00041690,0.00045550,-0.00123853
0.00041700,0.00044940,-0.00104275
0.00041710,0.00028283,-0.00084449
0.00041720,0.00029779,-0.00064443
0.00041730,0.00018541,-0.00044327
0.00041740,0.00004482,-0.00024169
0.00041750,0.00002503,-0.00004040
0.00041760,0.00009621,0.00015990
0.00041770,-0.00000690,0.00035852
0.00041780,-0.00004171,0.00055475
0.00041790,-0.00017773,0.00074792
0.00041800,-0.00032333,0.00093734
0.00041810,-0.00038793,0.00112237
0.00041820,-0.00028465,0.00130235
0.00041830,-0.00037743,0.00147666
0.00041840,-0.00037704,0.00164470
0.00041850,-0.00040527,0.00180590
0.00041860,-0.00060978,0.00195970
0.00041870,-0.00067411,0.00210560
0.00041880,-0.00060126,0.00224309
0.00041890,-0.00049522,0.00237173
0.00041900,-0.00066130,0.00249111
0.00041910,-0.00055714,0.00260083
0.00041920,-0.00047719,0.00270057
0.00041930,-0.00031428,0.00279002
0.00041940,-0.00040818,0.00286893
0.00041950,-0.00044147,0.00293709
0.00041960,-0.00057389,0.00299432
0.00041970,-0.00071746,0.00304050
0.00041980,-0.00079738,0.00307555
0.00041990,-0.00077770,0.00309945
0.00042000,-0.00065424,0.00311220
0.00042010,-0.00066974,0.00311386
0.00042020,-0.00054532,0.00310454
0.00042030,-0.00079716,0.00308440
0.00042040,-0.00070744,0.00305361
0.00042050,-0.00073280,0.00301243
0.00042060,-0.00067041,0.00296113
0.00042070,-0.00074738,0.00290002
0.00042080,-0.00095619,0.00282947
0.00042090,-0.00071364,0.00274988
0.00042100,-0.00068447,0.00266167
0.00042110,-0.00066468,0.00256530
0.00042120,-0.00075614,0.00246128
0.00042130,-0.00067969,0.00235011
0.00042140,-0.00080466,0.00223235
0.00042150,-0.00085168,0.00210857
0.00042160,-0.00059167,0.00197936
0.00042170,-0.00062285,0.00184533
0.00042180,-0.00057260,0.00170710
0.00042190,-0.00076482,0.00156531
0.00042200,-0.00080817,0.00142060
0.00042210,-0.00070243,0.00127362
0.00042220,-0.00071441,0.00112502
0.00042230,-0.00070540,0.00097546
0.00042240,-0.00068897,0.00082559
0.00042250,-0.00036548,0.00067605
0.00042260,-0.00042184,0.00052748
0.00042270,-0.00055879,0.00038050
0.00042280,-0.00057052,0.00023571
0.00042290,-0.00054002,0.00009371
0.00042300,-0.00025865,-0.00004493
0.00042310,-0.00024065,-0.00017967
0.00042320,-0.00030435,-0.00030998
0.00042330,-0.00016764,-0.00043536
0.00042340,-0.00020059,-0.00055536
0.00042350,0.00003946,-0.00066955
0.00042360,0.00006163,-0.00077751
0.00042370,-0.00006426,-0.00087890
0.00042380,-0.00004850,-0.00097339
0.00042390,-0.00022203,-0.00106068
0.00042400,-0.00011901,-0.00114054
0.00042410,-0.00001712,-0.00121277
0.00042420,0.00011485,-0.00127718
0.00042430,0.00015732,-0.00133368
0.00042440,0.00016758,-0.00138217
0.00042450,0.00017063,-0.00142262
0.00042460,0.00012268,-0.00145503
0.00042470,0.00030844,-0.00147946
0.00042480,0.00023844,-0.00149599
0.00042490,0.00026299,-0.00150476
0.00042500,0.00028918,-0.00150593
0.00042510,0.00033297,-0.00149971
0.00042520,0.00041824,-0.00148634
0.00042530,0.00054291,-0.00146612
0.00042540,0.00044441,-0.00143934
0.00042550,0.00039844,-0.00140636
0.00042560,0.00042291,-0.00136754
0.00042570,0.00026483,-0.00132329
0.00042580,0.00052172,-0.00127402
0.00042590,0.00042673,-0.00122019
0.00042600,0.00040633,-0.00116226
0.00042610,0.00050028,-0.00110071
0.00042620,0.00056101,-0.00103603
0.00042630,0.00052914,-0.00096872
0.00042640,0.00047712,-0.00089929
0.00042650,0.00044955,-0.00082827
0.00042660,0.00040673,-0.00075616
0.00042670,0.00036730,-0.00068349
0.00042680,0.00035119,-0.00061075
0.00042690,0.00018355,-0.00053847
0.00042700,0.00028389,-0.00046711
0.00042710,0.00032886,-0.00039718
0.00042720,0.00033465,-0.00032913
0.00042730,0.00026171,-0.00026341
0.00042740,0.00027101,-0.00020044
0.00042750,0.00013484,-0.00014062
0.00042760,0.00014432,-0.00008434
0.00042770,0.00020934,-0.00003195
0.00042780,0.00004661,0.00001624
0.00042790,0.00012723,0.00005993
0.00042800,0.00007563,0.00009887
0.00042810,0.00023674,0.00013282
0.00042820,0.00009243,0.00016161
0.00042830,0.00000517,0.00018508
0.00042840,-0.00007355,0.00020310
0.00042850,-0.00030901,0.00021561
0.00042860,-0.00027841,0.00022257
0.00042870,-0.00051734,0.00022397
0.00042880,-0.00049340,0.00021985
0.00042890,-0.00045108,0.00021028
0.00042900,-0.00031056,0.00019539
0.00042910,-0.00043472,0.00017531
0.00042920,-0.00048797,0.00015025
0.00042930,-0.00048897,0.00012042
0.00042940,-0.00062592,0.00008607
0.00042950,-0.00069482,0.00004751
0.00042960,-0.00070401,0.00000505
0.00042970,-0.00052861,-0.00004095
0.00042980,-0.00065798,-0.00009013
0.00042990,-0.00071516,-0.00014207
0.00043000,-0.00071460,-0.00019634
0.00043010,-0.00074200,-0.00025251
0.00043020,-0.00077488,-0.00031011
0.00043030,-0.00094419,-0.00036866
0.00043040,-0.00077484,-0.00042768
0.00043050,-0.00083528,-0.00048666
0.00043060,-0.00082899,-0.00054511
0.00043070,-0.00084822,-0.00060253
0.00043080,-0.00090061,-0.00065840
0.00043090,-0.00084031,-0.00071224
0.00043100,-0.00094870,-0.00076355
0.00043110,-0.00077255,-0.00081185
0.00043120,-0.00085430,-0.00085667
0.00043130,-0.00089005,-0.00089757
0.00043140,-0.00063576,-0.00093412
0.00043150,-0.00067675,-0.00096590
0.00043160,-0.00061329,-0.00099254
0.00043170,-0.00067396,-0.00101367
0.00043180,-0.00074399,-0.00102897
0.00043190,-0.00073365,-0.00103814
0.00043200,-0.00078611,-0.00104092
0.00043210,-0.00061237,-0.00103709
0.00043220,-0.00062917,-0.00102646
0.00043230,-0.00061177,-0.00100888
0.00043240,-0.00051290,-0.00098425
0.00043250,-0.00044237,-0.00095248
0.00043260,-0.00025611,-0.00091357
0.00043270,-0.00028710,-0.00086752
0.00043280,-0.00031327,-0.00081441
0.00043290,-0.00036597,-0.00075432
0.00043300,-0.00050820,-0.00068742
0.00043310,-0.00036683,-0.00061390
0.00043320,-0.00017411,-0.00053399
0.00043330,-0.00009203,-0.00044797
0.00043340,-0.00016801,-0.00035615
0.00043350,0.00008521,-0.00025891
0.00043360,0.00004475,-0.00015662
0.00043370,0.00008401,-0.00004974
0.00043380,0.00028017,0.00006127
0.00043390,0.00018972,0.00017591
0.00043400,0.00013719,0.00029364
0.00043410,0.00015351,0.00041390
0.00043420,0.00036667,0.00053610
0.00043430,0.00037625,0.00065964
0.00043440,0.00038391,0.00078387
0.00043450,0.00048524,0.00090815
0.00043460,0.00047571,0.00103183
0.00043470,0.00055234,0.00115424
0.00043480,0.00058649,0.00127471
0.00043490,0.00051417,0.00139255
0.00043500,0.00059025,0.00150711
0.00043510,0.00074657,0.00161772
0.00043520,0.00059768,0.00172372
0.00043530,0.00061502,0.00182448
0.00043540,0.00079453,0.00191937
0.00043550,0.00047371,0.00200780
0.00043560,0.00054741,0.00208918
0.00043570,0.00049415,0.00216298
0.00043580,0.00042078,0.00222867
0.00043590,0.00065346,0.00228579
0.00043600,0.00060985,0.00233388
0.00043610,0.00071585,0.00237256
0.00043620,0.00066488,0.00240145
0.00043630,0.00070362,0.00242025
0.00043640,0.00070930,0.00242870
0.00043650,0.00053776,0.00242658
0.00043660,0.00059831,0.00241371
0.00043670,0.00063542,0.00239000
0.00043680,0.00048510,0.00235537
0.00043690,0.00029951,0.00230982
0.00043700,0.00018023,0.00225339
0.00043710,0.00014460,0.00218618
0.00043720,0.00041704,0.00210834
0.00043730,0.00021175,0.00202009
0.00043740,0.00020956,0.00192168
0.00043750,0.00013410,0.00181343
0.00043760,-0.00003353,0.00169569
0.00043770,-0.00008544,0.00156889
0.00043780,-0.00012045,0.00143349
0.00043790,-0.00010663,0.00128999
0.00043800,-0.00032433,0.00113895
0.00043810,-0.00016645,0.00098097
0.00043820,-0.00026659,0.00081669
0.00043830,-0.00041181,0.00064678
0.00043840,-0.00042451,0.00047194
0.00043850,-0.00041246,0.00029292
0.00043860,-0.00045322,0.00011050
0.00043870,-0.00056909,-0.00007455
0.00043880,-0.00057714,-0.00026140
0.00043890,-0.00071421,-0.00044923
0.00043900,-0.00084039,-0.00063719
0.00043910,-0.00081189,-0.00082443
0.00043920,-0.00065281,-0.00101010
0.00043930,-0.00085072,-0.00119333
0.00043940,-0.00099622,-0.00137327
0.00043950,-0.00084994,-0.00154908
0.00043960,-0.00089190,-0.00171993
0.00043970,-0.00087039,-0.00188499
0.00043980,-0.00090182,-0.00204347
0.00043990,-0.00096007,-0.00219461
0.00044000,-0.00089447,-0.00233765
0.00044010,-0.00107834,-0.00247188
0.00044020,-0.00095489,-0.00259664
0.00044030,-0.00110460,-0.00271127
0.00044040,-0.00107237,-0.00281519
0.00044050,-0.00099510,-0.00290785
0.00044060,-0.00087308,-0.00298875
0.00044070,-0.00079921,-0.00305744
0.00044080,-0.00105290,-0.00311353
0.00044090,-0.00097288,-0.00315668
0.00044100,-0.00105848,-0.00318660
0.00044110,-0.00113847,-0.00320309
0.00044120,-0.00106954,-0.00320597
0.00044130,-0.00105745,-0.00319517
0.00044140,-0.00110891,-0.00317064
0.00044150,-0.00100673,-0.00313242
0.00044160,-0.00078444,-0.00308061
0.00044170,-0.00082425,-0.00301537
0.00044180,-0.00070897,-0.00293693
0.00044190,-0.00075383,-0.00284558
0.00044200,-0.00068003,-0.00274168
0.00044210,-0.00077217,-0.00262564
0.00044220,-0.00073515,-0.00249793
0.00044230,-0.00062432,-0.00235909
0.00044240,-0.00052680,-0.00220970
0.00044250,-0.00049232,-0.00205041
0.00044260,-0.00023775,-0.00188189
0.00044270,-0.00014977,-0.00170489
0.00044280,-0.00010034,-0.00152017
0.00044290,-0.00010114,-0.00132855
0.00044300,-0.00013992,-0.00113088
0.00044310,-0.00013297,-0.00092803
0.00044320,-0.00002038,-0.00072091
0.00044330,0.00015504,-0.00051045
0.00044340,0.00028252,-0.00029758
0.00044350,0.00030877,-0.00008327
0.00044360,0.00020441,0.00013152
0.00044370,0.00056657,0.00034583
0.00044380,0.00049819,0.00055868
0.00044390,0.00034642,0.00076913
0.00044400,0.00033812,0.00097621
0.00044410,0.00036358,0.00117900
0.00044420,0.00058058,0.00137657
0.00044430,0.00036235,0.00156805
0.00044440,0.00053757,0.00175257
0.00044450,0.00058029,0.00192930
0.00044460,0.00067660,0.00209746
0.00044470,0.00075681,0.00225628
0.00044480,0.00063568,0.00240508
0.00044490,0.00047494,0.00254319
0.00044500,0.00064133,0.00267000
0.00044510,0.00083208,0.00278498
0.00044520,0.00094444,0.00288761
0.00044530,0.00100555,0.00297748
0.00044540,0.00084263,0.00305420
0.00044550,0.00076972,0.00311747
0.00044560,0.00074118,0.00316703
0.00044570,0.00101465,0.00320272
0.00044580,0.00086423,0.00322441
0.00044590,0.00088148,0.00323207
0.00044600,0.00087743,0.00322569
0.00044610,0.00074894,0.00320538
0.00044620,0.00060653,0.00317127
0.00044630,0.00060010,0.00312359
0.00044640,0.00045478,0.00306262
0.00044650,0.00061639,0.00298868
0.00044660,0.00053991,0.00290219
0.00044670,0.00043319,0.00280359
0.00044680,0.00035048,0.00269341
0.00044690,0.00008042,0.00257220
0.00044700,0.00023438,0.00244059
0.00044710,0.00021586,0.00229923
0.00044720,0.00018427,0.00214884
0.00044730,-0.00013436,0.00199015
0.00044740,-0.00024709,0.00182395
0.00044750,-0.00031138,0.00165105
0.00044760,-0.00013814,0.00147229
0.00044770,-0.00008913,0.00128853
0.00044780,-0.00015186,0.00110065
0.00044790,-0.00035821,0.00090956
0.00044800,-0.00070291,0.00071615
0.00044810,-0.00058350,0.00052133
0.00044820,-0.00060663,0.00032602
0.00044830,-0.00069250,0.00013112
0.00044840,-0.00075358,-0.00006247
0.00044850,-0.00083238,-0.00025387
0.00044860,-0.00078524,-0.00044221
0.00044870,-0.00079731,-0.00062665
0.00044880,-0.00106736,-0.00080638
0.00044890,-0.00124746,-0.00098060
0.00044900,-0.00129066,-0.00114856
0.00044910,-0.00118835,-0.00130954
0.00044920,-0.00120358,-0.00146287
0.00044930,-0.00128943,-0.00160792
0.00044940,-0.00125293,-0.00174409
0.00044950,-0.00112071,-0.00187086
0.00044960,-0.00116685,-0.00198774
0.00044970,-0.00110957,-0.00209429
0.00044980,-0.00128003,-0.00219015
0.00044990,-0.00120491,-0.00227499
0.00045000,-0.00118257,-0.00234855
0.00045010,-0.00107567,-0.00241063
0.00045020,-0.00115892,-0.00246109
0.00045030,-0.00126167,-0.00249984
0.00045040,-0.00116398,-0.00252685
0.00045050,-0.00126833,-0.00254217
0.00045060,-0.00108234,-0.00254588
0.00045070,-0.00115173,-0.00253813
0.00045080,-0.00096374,-0.00251913
0.00045090,-0.00111751,-0.00248913
0.00045100,-0.00089202,-0.00244845
0.00045110,-0.00094199,-0.00239744
0.00045120,-0.00085471,-0.00233651
0.00045130,-0.00073429,-0.00226611
0.00045140,-0.00085854,-0.00218673
0.00045150,-0.00066212,-0.00209890
0.00045160,-0.00055041,-0.00200318
0.00045170,-0.00047862,-0.00190017
0.00045180,-0.00036957,-0.00179049
0.00045190,-0.00041794,-0.00167478
0.00045200,-0.00055139,-0.00155370
0.00045210,-0.00028907,-0.00142795
0.00045220,-0.00011639,-0.00129822
0.00045230,0.00008675,-0.00116520
0.00045240,-0.00005761,-0.00102960
0.00045250,0.00017849,-0.00089214
0.00045260,0.00012708,-0.00075352
0.00045270,0.00017091,-0.00061445
0.00045280,0.00024041,-0.00047560
0.00045290,0.00013275,-0.00033765
0.00045300,0.00043816,-0.00020127
0.00045310,0.00043150,-0.00006710
0.00045320,0.00056564,0.00006426
0.00045330,0.00048799,0.00019221
0.00045340,0.00059598,0.00031618
0.00045350,0.00060174,0.00043566
0.00045360,0.00070419,0.00055014
0.00045370,0.00072377,0.00065916
0.00045380,0.00056743,0.00076231
0.00045390,0.00064158,0.00085920
0.00045400,0.00089765,0.00094949
0.00045410,0.00111428,0.00103287
0.00045420,0.00114317,0.00110911
0.00045430,0.00124666,0.00117798
0.00045440,0.00128529,0.00123931
0.00045450,0.00114592,0.00129299
0.00045460,0.00104869,0.00133893
0.00045470,0.00096876,0.00137709
0.00045480,0.00095408,0.00140749
0.00045490,0.00088831,0.00143017
0.00045500,0.00079210,0.00144523
0.00045510,0.00091590,0.00145279
0.00045520,0.00085764,0.00145302
0.00045530,0.00093830,0.00144612
0.00045540,0.00077513,0.00143234
0.00045550,0.00066939,0.00141195
0.00045560,0.00071429,0.00138524
0.00045570,0.00060408,0.00135254
0.00045580,0.00072816,0.00131422
0.00045590,0.00037397,0.00127063
0.00045600,0.00036375,0.00122218
0.00045610,0.00054004,0.00116929
0.00045620,0.00046420,0.00111237
0.00045630,0.00023357,0.00105188
0.00045640,0.00019373,0.00098826
0.00045650,0.00026708,0.00092196
0.00045660,-0.00017491,0.00085345
0.00045670,0.00004175,0.00078319
0.00045680,-0.00010921,0.00071164
0.00045690,-0.00013390,0.00063924
0.00045700,-0.00005978,0.00056645
0.00045710,-0.00033269,0.00049370
0.00045720,-0.00028991,0.00042142
0.00045730,-0.00033737,0.00035001
0.00045740,-0.00036046,0.00027987
0.00045750,-0.00051051,0.00021136
0.00045760,-0.00063589,0.00014484
0.00045770,-0.00075744,0.00008063
0.00045780,-0.00102138,0.00001903
0.00045790,-0.00095783,-0.00003967
0.00045800,-0.00123042,-0.00009524
0.00045810,-0.00103693,-0.00014745
0.00045820,-0.00101569,-0.00019610
0.00045830,-0.00101875,-0.00024104
0.00045840,-0.00093356,-0.00028214
0.00045850,-0.00118083,-0.00031928
0.00045860,-0.00106838,-0.00035240
0.00045870,-0.00127286,-0.00038145
0.00045880,-0.00131293,-0.00040642
0.00045890,-0.00123993,-0.00042732
0.00045900,-0.00123533,-0.00044418
0.00045910,-0.00130963,-0.00045708
0.00045920,-0.00151137,-0.00046611
0.00045930,-0.00136937,-0.00047137
0.00045940,-0.00140754,-0.00047302
0.00045950,-0.00136075,-0.00047120
0.00045960,-0.00119441,-0.00046611
0.00045970,-0.00115072,-0.00045792
0.00045980,-0.00118651,-0.00044686
0.00045990,-0.00126338,-0.00043316
0.00046000,-0.00127506,-0.00041705
0.00046010,-0.00134062,-0.00039878
0.00046020,-0.00122495,-0.00037860
0.00046030,-0.00106244,-0.00035679
0.00046040,-0.00090197,-0.00033361
0.00046050,-0.00072145,-0.00030932
0.00046060,-0.00085528,-0.00028420
0.00046070,-0.00076817,-0.00025851
0.00046080,-0.00077157,-0.00023251
0.00046090,-0.00060971,-0.00020646
0.00046100,-0.00070792,-0.00018061
0.00046110,-0.00063852,-0.00015519
0.00046120,-0.00065416,-0.00013044
0.00046130,-0.00055155,-0.00010656
0.00046140,-0.00037241,-0.00008377
0.00046150,-0.00023010,-0.00006223
0.00046160,-0.00001111,-0.00004213
0.00046170,-0.00024118,-0.00002362
0.00046180,0.00001503,-0.00000682
0.00046190,0.00001387,0.00000813
0.00046200,0.00023677,0.00002116
0.00046210,0.00021674,0.00003217
0.00046220,0.00027779,0.00004111
0.00046230,0.00020036,0.00004795
0.00046240,0.00019574,0.00005266
0.00046250,0.00017793,0.00005524
0.00046260,0.00023931,0.00005572
0.00046270,0.00054195,0.00005413
0.00046280,0.00060622,0.00005054
0.00046290,0.00072135,0.00004501
0.00046300,0.00065759,0.00003764
0.00046310,0.00068542,0.00002853
0.00046320,0.00083449,0.00001780
0.00046330,0.00104554,0.00000560
0.00046340,0.00093366,-0.00000794
0.00046350,0.00097267,-0.00002266
0.00046360,0.00099210,-0.00003840
0.00046370,0.00088590,-0.00005498
0.00046380,0.00083343,-0.00007223
0.00046390,0.00058292,-0.00008995
0.00046400,0.00072079,-0.00010797
0.00046410,0.00081075,-0.00012610
0.00046420,0.00088048,-0.00014413
0.00046430,0.00092224,-0.00016189
0.00046440,0.00076470,-0.00017919
0.00046450,0.00070281,-0.00019585
0.00046460,0.00069579,-0.00021168
0.00046470,0.00075198,-0.00022651
0.00046480,0.00082081,-0.00024018
0.00046490,0.00076098,-0.00025253
0.00046500,0.00075417,-0.00026341
0.00046510,0.00067233,-0.00027269
0.00046520,0.00051005,-0.00028024
0.00046530,0.00046733,-0.00028596
0.00046540,0.00049506,-0.00028973
0.00046550,0.00066538,-0.00029149
0.00046560,0.00046969,-0.00029116
0.00046570,0.00037260,-0.00028870
0.00046580,0.00013257,-0.00028406
0.00046590,0.00001445,-0.00027724
0.00046600,0.00009294,-0.00026823
0.00046610,-0.00002397,-0.00025705
0.00046620,0.00010814,-0.00024374
0.00046630,-0.00013248,-0.00022835
0.00046640,-0.00020969,-0.00021097
0.00046650,-0.00026503,-0.00019168
0.00046660,-0.00049071,-0.00017058
0.00046670,-0.00016272,-0.00014781
0.00046680,-0.00030463,-0.00012350
0.00046690,-0.00039956,-0.00009780
0.00046700,-0.00051742,-0.00007088
0.00046710,-0.00061655,-0.00004293
0.00046720,-0.00050812,-0.00001412
0.00046730,-0.00061684,0.00001534
0.00046740,-0.00053286,0.00004524
0.00046750,-0.00080188,0.00007539
0.00046760,-0.00084347,0.00010555
0.00046770,-0.00077251,0.00013552
0.00046780,-0.00088321,0.00016508
0.00046790,-0.00094649,0.00019400
0.00046800,-0.00116458,0.00022207
0.00046810,-0.00120112,0.00024909
0.00046820,-0.00114474,0.00027485
0.00046830,-0.00111778,0.00029915
0.00046840,-0.00114603,0.00032181
0.00046850,-0.00137276,0.00034266
0.00046860,-0.00109853,0.00036152
0.00046870,-0.00126015,0.00037826
0.00046880,-0.00136534,0.00039272
0.00046890,-0.00133600,0.00040481
0.00046900,-0.00130213,0.00041441
0.00046910,-0.00112729,0.00042145
0.00046920,-0.00113979,0.00042585
0.00046930,-0.00102373,0.00042758
0.00046940,-0.00094397,0.00042661
0.00046950,-0.00081023,0.00042293
0.00046960,-0.00096360,0.00041657
0.00046970,-0.00100523,0.00040756
0.00046980,-0.00077729,0.00039596
0.00046990,-0.00095333,0.00038184
0.00047000,-0.00093826,0.00036531
0.00047010,-0.00095471,0.00034649
0.00047020,-0.00069488,0.00032550
0.00047030,-0.00056174,0.00030251
0.00047040,-0.00067761,0.00027769
0.00047050,-0.00060292,0.00025121
0.00047060,-0.00069007,0.00022328
0.00047070,-0.00054414,0.00019411
0.00047080,-0.00025631,0.00016391
0.00047090,-0.00040883,0.00013292
0.00047100,-0.00015498,0.00010137
0.00047110,-0.00015864,0.00006950
0.00047120,-0.00026294,0.00003755
0.00047130,-0.00034549,0.00000576
0.00047140,-0.00027814,-0.00002561
0.00047150,-0.00000692,-0.00005635
0.00047160,0.00001959,-0.00008620
0.00047170,-0.00005075,-0.00011495
0.00047180,0.00001721,-0.00014237
0.00047190,0.00010019,-0.00016825
0.00047200,0.00012614,-0.00019241
0.00047210,0.00044206,-0.00021464
0.00047220,0.00017568,-0.00023479
0.00047230,0.00027558,-0.00025269
0.00047240,0.00036146,-0.00026821
0.00047250,0.00012747,-0.00028123
0.00047260,0.00008137,-0.00029164
0.00047270,0.00013298,-0.00029937
0.00047280,0.00035868,-0.00030435
0.00047290,0.00034435,-0.00030654
0.00047300,0.00033438,-0.00030592
0.00047310,0.00029685,-0.00030249
0.00047320,0.00033499,-0.00029627
0.00047330,0.00018402,-0.00028731
0.00047340,0.00024049,-0.00027567
0.00047350,0.00020041,-0.00026143
0.00047360,0.00027384,-0.00024471
0.00047370,0.00033898,-0.00022562
0.00047380,0.00033768,-0.00020432
0.00047390,0.00023667,-0.00018096
0.00047400,0.00035804,-0.00015572
0.00047410,0.00056540,-0.00012879
0.00047420,0.00059590,-0.00010039
0.00047430,0.00057418,-0.00007074
0.00047440,0.00032457,-0.00004006
0.00047450,0.00027689,-0.00000861
0.00047460,0.00010551,0.00002337
0.00047470,0.00004130,0.00005562
0.00047480,0.00027347,0.00008788
0.00047490,0.00026309,0.00011987
0.00047500,0.00005960,0.00015134
0.00047510,0.00006969,0.00018202
0.00047520,0.00005279,0.00021164
0.00047530,0.00001770,0.00023995
0.00047540,-0.00012238,0.00026669
0.00047550,-0.00011405,0.00029161
0.00047560,-0.00015486,0.00031450
0.00047570,-0.00024153,0.00033511
0.00047580,-0.00014868,0.00035325
0.00047590,-0.00009365,0.00036872
0.00047600,-0.00001730,0.00038135
0.00047610,-0.00005062,0.00039096
0.00047620,0.00002388,0.00039744
0.00047630,-0.00020905,0.00040065
0.00047640,-0.00036585,0.00040050
0.00047650,-0.00025785,0.00039693
0.00047660,-0.00044892,0.00038987
0.00047670,-0.00037095,0.00037930
0.00047680,-0.00037319,0.00036523
0.00047690,-0.00043573,0.00034767
0.00047700,-0.00029060,0.00032668
0.00047710,-0.00051086,0.00030233
0.00047720,-0.00048542,0.00027472
0.00047730,-0.00060680,0.00024397
0.00047740,-0.00058520,0.00021024
0.00047750,-0.00059075,0.00017369
0.00047760,-0.00064427,0.00013452
0.00047770,-0.00046150,0.00009293
0.00047780,-0.00055120,0.00004918
0.00047790,-0.00049474,0.00000351
0.00047800,-0.00047157,-0.00004382
0.00047810,-0.00059809,-0.00009251
0.00047820,-0.00052204,-0.00014226
0.00047830,-0.00049765,-0.00019277
0.00047840,-0.00055357,-0.00024370
0.00047850,-0.00051237,-0.00029474
0.00047860,-0.00054101,-0.00034555
0.00047870,-0.00058578,-0.00039579
0.00047880,-0.00035923,-0.00044511
0.00047890,-0.00042815,-0.00049317
0.00047900,-0.00035731,-0.00053965
0.00047910,-0.00037750,-0.00058421
0.00047920,-0.00040960,-0.00062651
0.00047930,-0.00024076,-0.00066625
0.00047940,-0.00045333,-0.00070313
0.00047950,-0.00040700,-0.00073684
0.00047960,-0.00033410,-0.00076712
0.00047970,-0.00027266,-0.00079371
0.00047980,-0.00029841,-0.00081638
0.00047990,-0.00039027,-0.00083490
0.00048000,-0.00055952,-0.00084908
0.00048010,-0.00028810,-0.00085876
0.00048020,-0.00016724,-0.00086379
0.00048030,-0.00005925,-0.00086406
0.00048040,0.00000363,-0.00085949
0.00048050,-0.00005526,-0.00085000
0.00048060,0.00011464,-0.00083559
0.00048070,-0.00009139,-0.00081624
0.00048080,0.00005369,-0.00079200
0.00048090,-0.00011696,-0.00076293
0.00048100,-0.00001396,-0.00072911
0.00048110,-0.00005536,-0.00069069
0.00048120,0.00008336,-0.00064781
0.00048130,0.00015363,-0.00060066
0.00048140,0.00023828,-0.00054945
0.00048150,0.00021994,-0.00049442
0.00048160,-0.00016219,-0.00043584
0.00048170,0.00009770,-0.00037400
0.00048180,-0.00013768,-0.00030921
0.00048190,-0.00002141,-0.00024181
0.00048200,0.00000599,-0.00017214
0.00048210,0.00003176,-0.00010058
0.00048220,0.00008540,-0.00002752
0.00048230,0.00006447,0.00004664
0.00048240,0.00004373,0.00012151
0.00048250,0.00003504,0.00019666
0.00048260,0.00002900,0.00027168
0.00048270,0.00004413,0.00034613
0.00048280,0.00008503,0.00041960
0.00048290,0.00005979,0.00049166
0.00048300,0.00002401,0.00056190
0.00048310,-0.00001652,0.00062990
0.00048320,-0.00003710,0.00069527
0.00048330,-0.00017953,0.00075762
0.00048340,-0.00005602,0.00081658
0.00048350,-0.00003207,0.00087179
0.00048360,-0.00004407,0.00092291
0.00048370,-0.00010241,0.00096963
0.00048380,-0.00005456,0.00101165
0.00048390,-0.00018726,0.00104870
0.00048400,-0.00030178,0.00108056
0.00048410,-0.00010156,0.00110699
0.00048420,-0.00025734,0.00112781
0.00048430,-0.00034405,0.00114288
0.00048440,-0.00044957,0.00115207
0.00048450,-0.00043532,0.00115529
0.00048460,-0.00022339,0.00115248
0.00048470,-0.00029843,0.00114363
0.00048480,-0.00032430,0.00112876
0.00048490,-0.00037712,0.00110790
0.00048500,-0.00037011,0.00108115
0.00048510,-0.00041914,0.00104862
0.00048520,-0.00028402,0.00101048
0.00048530,-0.00017304,0.00096691
0.00048540,-0.00031158,0.00091814
0.00048550,-0.00018604,0.00086442
0.00048560,-0.00023023,0.00080604
0.00048570,-0.00025031,0.00074332
0.00048580,-0.00033939,0.00067660
0.00048590,-0.00033062,0.00060626
0.00048600,-0.00032664,0.00053270
0.00048610,-0.00046647,0.00045632
0.00048620,-0.00048009,0.00037757
0.00048630,-0.00060012,0.00029690
0.00048640,-0.00054009,0.00021479
0.00048650,-0.00039256,0.00013171
0.00048660,-0.00037139,0.00004817
0.00048670,-0.00033322,-0.00003535
0.00048680,-0.00044973,-0.00011835
0.00048690,-0.00032876,-0.00020031
0.00048700,-0.00035003,-0.00028075
0.00048710,-0.00027033,-0.00035918
0.00048720,-0.00015722,-0.00043510
0.00048730,-0.00014480,-0.00050805
0.00048740,0.00001238,-0.00057757
0.00048750,-0.00029277,-0.00064323
0.00048760,-0.00017122,-0.00070461
0.00048770,-0.00011665,-0.00076131
0.00048780,-0.00013705,-0.00081297
0.00048790,-0.00017278,-0.00085924
0.00048800,-0.00036670,-0.00089983
0.00048810,0.00001894,-0.00093445
0.00048820,-0.00014361,-0.00096287
0.00048830,0.00004744,-0.00098489
0.00048840,-0.00007143,-0.00100034
0.00048850,0.00005027,-0.00100911
0.00048860,0.00014383,-0.00101111
0.00048870,0.00007657,-0.00100632
0.00048880,0.00015579,-0.00099473
0.00048890,0.00005137,-0.00097640
0.00048900,0.00018511,-0.00095143
0.00048910,0.00024403,-0.00091995
0.00048920,0.00031976,-0.00088215
0.00048930,0.00009526,-0.00083826
0.00048940,0.00009787,-0.00078855
0.00048950,0.00017463,-0.00073332
0.00048960,0.00028872,-0.00067293
0.00048970,0.00010552,-0.00060776
0.00048980,-0.00010731,-0.00053824
0.00048990,-0.00007473,-0.00046481
0.00049000,-0.00005439,-0.00038796
0.00049010,0.00013087,-0.00030821
0.00049020,0.00003996,-0.00022608
0.00049030,0.00007273,-0.00014214
0.00049040,-0.00001376,-0.00005696
0.00049050,-0.00006818,0.00002888
0.00049060,0.00027547,0.00011478
0.00049070,-0.00000020,0.00020013
0.00049080,0.00016184,0.00028435
0.00049090,-0.00010108,0.00036681
0.00049100,-0.00018219,0.00044694
0.00049110,0.00001160,0.00052414
0.00049120,-0.00007736,0.00059785
0.00049130,0.00002791,0.00066750
0.00049140,-0.00016965,0.00073258
0.00049150,0.00000509,0.00079258
0.00049160,-0.00008363,0.00084702
0.00049170,-0.00020679,0.00089546
0.00049180,-0.00012683,0.00093750
0.00049190,-0.00018374,0.00097276
0.00049200,-0.00006613,0.00100092
0.00049210,-0.00008783,0.00102170
0.00049220,-0.00018070,0.00103487
0.00049230,-0.00029365,0.00104022
0.00049240,-0.00036529,0.00103763
0.00049250,-0.00047855,0.00102700
0.00049260,-0.00037576,0.00100831
0.00049270,-0.00021128,0.00098156
0.00049280,-0.00031316,0.00094682
0.00049290,-0.00038639,0.00090423
0.00049300,-0.00050551,0.00085394
0.00049310,-0.00048891,0.00079620
0.00049320,-0.00035739,0.00073128
0.00049330,-0.00061668,0.00065951
0.00049340,-0.00051234,0.00058127
0.00049350,-0.00034978,0.00049697
0.00049360,-0.00039960,0.00040710
0.00049370,-0.00041121,0.00031215
0.00049380,-0.00036713,0.00021269
0.00049390,-0.00037494,0.00010929
0.00049400,-0.00029877,0.00000256
0.00049410,-0.00045007,-0.00010683
0.00049420,-0.00069260,-0.00021822
0.00049430,-0.00076616,-0.00033093
0.00049440,-0.00066800,-0.00044423
0.00049450,-0.00058459,-0.00055741
0.00049460,-0.00055812,-0.00066974
0.00049470,-0.00056013,-0.00078049
0.00049480,-0.00079413,-0.00088892
0.00049490,-0.00060802,-0.00099430
0.00049500,-0.00039696,-0.00109592
0.00049510,-0.00052007,-0.00119308
0.00049520,-0.00057924,-0.00128510
0.00049530,-0.00060538,-0.00137131
0.00049540,-0.00038149,-0.00145108
0.00049550,-0.00035368,-0.00152381
0.00049560,-0.00033157,-0.00158893
0.00049570,-0.00024942,-0.00164593
0.00049580,-0.00027219,-0.00169431
0.00049590,-0.00013087,-0.00173364
0.00049600,-0.00012004,-0.00176353
0.00049610,-0.00008841,-0.00178364
0.00049620,-0.00008097,-0.00179369
0.00049630,0.00000781,-0.00179345
0.00049640,-0.00007781,-0.00178276
0.00049650,-0.00008585,-0.00176150
0.00049660,-0.00005515,-0.00172963
0.00049670,0.00012709,-0.00168715
0.00049680,0.00006909,-0.00163416
0.00049690,0.00011506,-0.00157078
0.00049700,-0.00009902,-0.00149722
0.00049710,-0.00027474,-0.00141373
0.00049720,0.00002288,-0.00132065
0.00049730,0.00014220,-0.00121835
0.00049740,0.00016594,-0.00110728
0.00049750,0.00019955,-0.00098792
0.00049760,0.00027364,-0.00086084
0.00049770,0.00009146,-0.00072663
0.00049780,0.00021521,-0.00058595
0.00049790,0.00016234,-0.00043948
0.00049800,0.00008477,-0.00028796
0.00049810,0.00019040,-0.00013216
0.00049820,0.00016955,0.00002710
0.00049830,0.00023396,0.00018900
0.00049840,0.00018262,0.00035266
0.00049850,0.00016486,0.00051722
0.00049860,-0.00001226,0.00068177
0.00049870,0.00017405,0.00084540
0.00049880,0.00013047,0.00100721
0.00049890,0.00017065,0.00116626
0.00049900,0.00026867,0.00132167
0.00049910,0.00012748,0.00147252
0.00049920,0.00018529,0.00161794
0.00049930,0.00014320,0.00175705
0.00049940,-0.00002938,0.00188903
0.00049950,0.00003562,0.00201307
0.00049960,0.00013092,0.00212839
0.00049970,0.00004998,0.00223427
0.00049980,-0.00009312,0.00233002
0.00049990,-0.00010066,0.00241501
0.00050000,0.00000060,0.00248865
0.00050010,-0.00008581,0.00255042
0.00050020,-0.00000630,0.00259985
0.00050030,0.00002802,0.00263656
0.00050040,-0.00030932,0.00266020
0.00050050,-0.00028937,0.00267052
0.00050060,-0.00017084,0.00266731
0.00050070,-0.00001393,0.00265047
0.00050080,-0.00007888,0.00261995
0.00050090,-0.00028452,0.00257578
0.00050100,-0.00048350,0.00251806
0.00050110,-0.00045715,0.00244697
0.00050120,-0.00049790,0.00236277
0.00050130,-0.00030691,0.00226578
0.00050140,-0.00041114,0.00215640
0.00050150,-0.00049990,0.00203511
0.00050160,-0.00025050,0.00190243
0.00050170,-0.00036232,0.00175899
0.00050180,-0.00037922,0.00160544
0.00050190,-0.00057590,0.00144250
0.00050200,-0.00060918,0.00127097
0.00050210,-0.00046151,0.00109167
0.00050220,-0.00061475,0.00090549
0.00050230,-0.00035674,0.00071335
0.00050240,-0.00039366,0.00051621
0.00050250,-0.00043743,0.00031508
0.00050260,-0.00038875,0.00011096
0.00050270,-0.00054537,-0.00009508
0.00050280,-0.00047127,-0.00030198
0.00050290,-0.00055875,-0.00050868
0.00050300,-0.00057500,-0.00071409
0.00050310,-0.00067987,-0.00091713
0.00050320,-0.00065971,-0.00111673
0.00050330,-0.00073130,-0.00131182
0.00050340,-0.00055487,-0.00150136
0.00050350,-0.00040256,-0.00168433
0.00050360,-0.00046780,-0.00185975
0.00050370,-0.00047772,-0.00202665
0.00050380,-0.00048700,-0.00218412
0.00050390,-0.00052813,-0.00233128
0.00050400,-0.00061123,-0.00246733
0.00050410,-0.00059652,-0.00259150
0.00050420,-0.00076355,-0.00270307
0.00050430,-0.00074287,-0.00280142
0.00050440,-0.00058196,-0.00288597
0.00050450,-0.00041847,-0.00295622
0.00050460,-0.00037285,-0.00301173
0.00050470,-0.00036806,-0.00305216
0.00050480,-0.00037820,-0.00307724
0.00050490,-0.00045957,-0.00308678
0.00050500,-0.00035331,-0.00308065
0.00050510,-0.00016769,-0.00305884
0.00050520,-0.00024559,-0.00302141
0.00050530,-0.00017817,-0.00296848
0.00050540,-0.00013148,-0.00290028
0.00050550,-0.00017357,-0.00281712
0.00050560,-0.00011530,-0.00271936
0.00050570,-0.00003823,-0.00260749
0.00050580,-0.00005499,-0.00248203
0.00050590,-0.00024074,-0.00234359
0.00050600,-0.00028525,-0.00219285
0.00050610,-0.00026360,-0.00203057
0.00050620,-0.00013437,-0.00185755
0.00050630,-0.00002390,-0.00167468
0.00050640,0.00001571,-0.00148286
0.00050650,0.00002786,-0.00128308
0.00050660,-0.00005312,-0.00107636
0.00050670,0.00005156,-0.00086376
0.00050680,0.00007454,-0.00064637
0.00050690,0.00018464,-0.00042532
0.00050700,0.00006728,-0.00020175
0.00050710,0.00012602,0.00002318
0.00050720,0.00022311,0.00024830
0.00050730,0.00012525,0.00047242
0.00050740,0.00010457,0.00069439
0.00050750,0.00015656,0.00091303
0.00050760,0.00017516,0.00112719
0.00050770,0.00022034,0.00133574
0.00050780,0.00022453,0.00153758
0.00050790,0.00019993,0.00173163
0.00050800,0.00012744,0.00191687
0.00050810,0.00014196,0.00209231
0.00050820,0.00013698,0.00225701
0.00050830,0.00007740,0.00241008
0.00050840,0.00009953,0.00255070
0.00050850,0.00027899,0.00267811
0.00050860,0.00013635,0.00279161
0.00050870,0.00023502,0.00289059
0.00050880,0.00006617,0.00297451
0.00050890,0.00003618,0.00304288
0.00050900,-0.00002147,0.00309534
0.00050910,-0.00010741,0.00313158
0.00050920,-0.00003618,0.00315139
0.00050930,-0.00030808,0.00315464
0.00050940,-0.00003199,0.00314129
0.00050950,-0.00002675,0.00311139
0.00050960,-0.00010206,0.00306508
0.00050970,-0.00011549,0.00300258
0.00050980,-0.00024409,0.00292422
0.00050990,-0.00017854,0.00283039
0.00051000,-0.00020980,0.00272158
0.00051010,-0.00020190,0.00259834
0.00051020,-0.00015955,0.00246132
0.00051030,-0.00015717,0.00231123
0.00051040,-0.00033712,0.00214887
0.00051050,-0.00032893,0.00197508
0.00051060,-0.00049308,0.00179078
0.00051070,-0.00039927,0.00159695
0.00051080,-0.00051420,0.00139459
0.00051090,-0.00055508,0.00118479
0.00051100,-0.00032459,0.00096865
0.00051110,-0.00016664,0.00074731
0.00051120,-0.00013431,0.00052194
0.00051130,-0.00030577,0.00029373
0.00051140,-0.00047563,0.00006389
0.00051150,-0.00047678,-0.00016637
0.00051160,-0.00039423,-0.00039583
0.00051170,-0.00025340,-0.00062328
0.00051180,-0.00023262,-0.00084752
0.00051190,-0.00030661,-0.00106737
0.00051200,-0.00037164,-0.00128168
0.00051210,-0.00049135,-0.00148932
0.00051220,-0.00056623,-0.00168920
0.00051230,-0.00055470,-0.00188026
0.00051240,-0.00051774,-0.00206152
0.00051250,-0.00058383,-0.00223202
0.00051260,-0.00047004,-0.00239088
0.00051270,-0.00039673,-0.00253728
0.00051280,-0.00055225,-0.00267044
0.00051290,-0.00056314,-0.00278969
0.00051300,-0.00073694,-0.00289442
0.00051310,-0.00046101,-0.00298409
0.00051320,-0.00035575,-0.00305825
0.00051330,-0.00045540,-0.00311652
0.00051340,-0.00056811,-0.00315861
0.00051350,-0.00047243,-0.00318434
0.00051360,-0.00051421,-0.00319357
0.00051370,-0.00043949,-0.00318629
0.00051380,-0.00041548,-0.00316255
0.00051390,-0.00043727,-0.00312249
0.00051400,-0.00022461,-0.00306634
0.00051410,-0.00052178,-0.00299442
0.00051420,-0.00042598,-0.00290712
0.00051430,-0.00046042,-0.00280491
0.00051440,-0.00033081,-0.00268833
0.00051450,-0.00025106,-0.00255802
0.00051460,-0.00021571,-0.00241466
0.00051470,-0.00007014,-0.00225901
0.00051480,-0.00038739,-0.00209188
0.00051490,-0.00033298,-0.00191416
0.00051500,-0.00033064,-0.00172676
0.00051510,-0.00032440,-0.00153066
0.00051520,-0.00009269,-0.00132688
0.00051530,-0.00006940,-0.00111646
0.00051540,-0.00031286,-0.00090049
0.00051550,-0.00032062,-0.00068006
0.00051560,-0.00034148,-0.00045632
0.00051570,-0.00032487,-0.00023038
0.00051580,-0.00049110,-0.00000341
0.00051590,-0.00030867,0.00022346
0.00051600,-0.00027301,0.00044910
0.00051610,-0.00037790,0.00067236
0.00051620,-0.00018687,0.00089213
0.00051630,-0.00024296,0.00110734
0.00051640,-0.00006674,0.00131691
0.00051650,-0.00005949,0.00151981
0.00051660,-0.00002117,0.00171506
0.00051670,-0.00000275,0.00190170
0.00051680,-0.00031496,0.00207885
0.00051690,-0.00043295,0.00224564
0.00051700,-0.00041126,0.00240129
0.00051710,-0.00037245,0.00254506
0.00051720,-0.00021457,0.00267630
0.00051730,-0.00028451,0.00279438
0.00051740,-0.00014873,0.00289879
0.00051750,-0.00032723,0.00298906
0.00051760,-0.00029405,0.00306480
0.00051770,-0.00007275,0.00312569
0.00051780,-0.00019453,0.00317150
0.00051790,-0.00016192,0.00320206
0.00051800,-0.00034970,0.00321729
0.00051810,-0.00014438,0.00321718
0.00051820,-0.00041158,0.00320179
0.00051830,-0.00027568,0.00317126
0.00051840,-0.00010887,0.00312581
0.00051850,-0.00021612,0.00306572
0.00051860,-0.00000798,0.00299134
0.00051870,-0.00020147,0.00290311
0.00051880,-0.00031817,0.00280150
0.00051890,-0.00047746,0.00268707
0.00051900,-0.00023880,0.00256042
0.00051910,-0.00038182,0.00242220
0.00051920,-0.00040913,0.00227315
0.00051930,-0.00029064,0.00211400
0.00051940,-0.00049714,0.00194557
0.00051950,-0.00039120,0.00176868
0.00051960,-0.00022474,0.00158422
0.00051970,-0.00021408,0.00139309
0.00051980,-0.00009623,0.00119620
0.00051990,-0.00004385,0.00099450
0.00052000,-0.00014031,0.00078895
0.00052010,-0.00007990,0.00058052
0.00052020,-0.00003602,0.00037018
0.00052030,-0.00006018,0.00015891
0.00052040,-0.00016398,-0.00005232
0.00052050,-0.00013372,-0.00026256
0.00052060,-0.00013833,-0.00047086
0.00052070,-0.00008165,-0.00067627
0.00052080,0.00012046,-0.00087790
0.00052090,-0.00005467,-0.00107486
0.00052100,0.00010155,-0.00126629
0.00052110,-0.00005804,-0.00145138
0.00052120,-0.00010700,-0.00162933
0.00052130,0.00010811,-0.00179941
0.00052140,-0.00001953,-0.00196090
0.00052150,-0.00003685,-0.00211315
0.00052160,-0.00000453,-0.00225554
0.00052170,-0.00004174,-0.00238753
0.00052180,-0.00006419,-0.00250859
0.00052190,-0.00002093,-0.00261827
0.00052200,0.00008692,-0.00271619
0.00052210,-0.00000419,-0.00280198
0.00052220,-0.00002744,-0.00287536
0.00052230,-0.00016289,-0.00293611
0.00052240,-0.00005167,-0.00298406
0.00052250,0.00003900,-0.00301908
0.00052260,0.00015335,-0.00304114
0.00052270,0.00015944,-0.00305022
0.00052280,-0.00005034,-0.00304639
0.00052290,-0.00008355,-0.00302976
0.00052300,-0.00016509,-0.00300050
0.00052310,-0.00007062,-0.00295883
0.00052320,-0.00016316,-0.00290503
0.00052330,-0.00050155,-0.00283941
0.00052340,-0.00040887,-0.00276235
0.00052350,-0.00036128,-0.00267425
0.00052360,-0.00018596,-0.00257559
0.00052370,-0.00003391,-0.00246684
0.00052380,-0.00012536,-0.00234856
0.00052390,-0.00017956,-0.00222130
0.00052400,-0.00035191,-0.00208567
0.00052410,-0.00038999,-0.00194230
0.00052420,-0.00041429,-0.00179185
0.00052430,-0.00034912,-0.00163498
0.00052440,-0.00023854,-0.00147241
0.00052450,-0.00036479,-0.00130484
0.00052460,-0.00044660,-0.00113301
0.00052470,-0.00044463,-0.00095764
0.00052480,-0.00045931,-0.00077948
0.00052490,-0.00062335,-0.00059928
0.00052500,-0.00047358,-0.00041779
0.00052510,-0.00059522,-0.00023574
0.00052520,-0.00060556,-0.00005388
0.00052530,-0.00076821,0.00012707
0.00052540,-0.00087427,0.00030640
0.00052550,-0.00062170,0.00048339
0.00052560,-0.00068679,0.00065737
0.00052570,-0.00061830,0.00082768
0.00052580,-0.00074141,0.00099366
0.00052590,-0.00075828,0.00115471
0.00052600,-0.00063873,0.00131022
0.00052610,-0.00060084,0.00145965
0.00052620,-0.00053376,0.00160246
0.00052630,-0.00085059,0.00173815
0.00052640,-0.00079797,0.00186625
0.00052650,-0.00057157,0.00198635
0.00052660,-0.00064417,0.00209804
0.00052670,-0.00047123,0.00220098
0.00052680,-0.00067758,0.00229484
0.00052690,-0.00068442,0.00237936
0.00052700,-0.00060953,0.00245430
0.00052710,-0.00054110,0.00251947
0.00052720,-0.00040287,0.00257470
0.00052730,-0.00043677,0.00261989
0.00052740,-0.00048696,0.00265497
0.00052750,-0.00070764,0.00267989
0.00052760,-0.00041600,0.00269467
0.00052770,-0.00042398,0.00269936
0.00052780,-0.00041676,0.00269403
0.00052790,-0.00032929,0.00267880
0.00052800,-0.00033216,0.00265384
0.00052810,-0.00019601,0.00261932
0.00052820,-0.00021212,0.00257547
0.00052830,-0.00013721,0.00252255
0.00052840,-0.00023035,0.00246084
0.00052850,-0.00009561,0.00239065
0.00052860,-0.00019512,0.00231232
0.00052870,-0.00025213,0.00222621
0.00052880,-0.00014240,0.00213271
0.00052890,-0.00007594,0.00203222
0.00052900,-0.00002757,0.00192517
0.00052910,0.00024194,0.00181200
0.00052920,0.00033613,0.00169316
0.00052930,0.00005332,0.00156913
0.00052940,0.00020651,0.00144037
0.00052950,0.00006201,0.00130739
0.00052960,0.00026659,0.00117066
0.00052970,0.00017292,0.00103069
0.00052980,0.00025738,0.00088799
0.00052990,0.00051667,0.00074305
0.00053000,0.00031599,0.00059638
0.00053010,0.00032242,0.00044848
0.00053020,0.00020757,0.00029985
0.00053030,0.00040304,0.00015098
0.00053040,0.00034421,0.00000237
0.00053050,0.00030977,-0.00014551
0.00053060,0.00054884,-0.00029218
0.00053070,0.00043558,-0.00043718
0.00053080,0.00034758,-0.00058006
0.00053090,0.00034620,-0.00072036
0.00053100,0.00008669,-0.00085767
0.00053110,0.00024311,-0.00099156
0.00053120,0.00052558,-0.00112163
0.00053130,0.00044347,-0.00124750
0.00053140,0.00044556,-0.00136878
0.00053150,0.00030422,-0.00148513
0.00053160,0.00022187,-0.00159620
0.00053170,0.00005073,-0.00170168
0.00053180,0.00002692,-0.00180125
0.00053190,0.00014187,-0.00189464
0.00053200,0.00007625,-0.00198159
0.00053210,0.00029318,-0.00206184
0.00053220,0.00029743,-0.00213518
0.00053230,0.00029860,-0.00220140
0.00053240,0.00003695,-0.00226031
0.00053250,-0.00003673,-0.00231177
0.00053260,-0.00019890,-0.00235562
0.00053270,-0.00031904,-0.00239174
0.00053280,-0.00040291,-0.00242005
0.00053290,-0.00044431,-0.00244046
0.00053300,-0.00025818,-0.00245291
0.00053310,-0.00046680,-0.00245738
0.00053320,-0.00044829,-0.00245386
0.00053330,-0.00059126,-0.00244235
0.00053340,-0.00054325,-0.00242289
0.00053350,-0.00060162,-0.00239554
0.00053360,-0.00071134,-0.00236036
0.00053370,-0.00066970,-0.00231747
0.00053380,-0.00077865,-0.00226697
0.00053390,-0.00070719,-0.00220901
0.00053400,-0.00073173,-0.00214376
0.00053410,-0.00057803,-0.00207139
0.00053420,-0.00065780,-0.00199210
0.00053430,-0.00070335,-0.00190613
0.00053440,-0.00090106,-0.00181370
0.00053450,-0.00079657,-0.00171510
0.00053460,-0.00079860,-0.00161058
0.00053470,-0.00095365,-0.00150047
0.00053480,-0.00081509,-0.00138506
0.00053490,-0.00082466,-0.00126469
0.00053500,-0.00082428,-0.00113972
0.00053510,-0.00095128,-0.00101052
0.00053520,-0.00084526,-0.00087745
0.00053530,-0.00094846,-0.00074092
0.00053540,-0.00092762,-0.00060135
0.00053550,-0.00083054,-0.00045915
0.00053560,-0.00092478,-0.00031476
0.00053570,-0.00080789,-0.00016864
0.00053580,-0.00071127,-0.00002124
0.00053590,-0.00080869,0.00012698
0.00053600,-0.00097583,0.00027553
0.00053610,-0.00073959,0.00042392
0.00053620,-0.00094888,0.00057168
0.00053630,-0.00097783,0.00071830
0.00053640,-0.00068256,0.00086328
0.00053650,-0.00063600,0.00100614
0.00053660,-0.00041906,0.00114636
0.00053670,-0.00052392,0.00128345
0.00053680,-0.00039562,0.00141692
0.00053690,-0.00044821,0.00154627
0.00053700,-0.00056410,0.00167104
0.00053710,-0.00046305,0.00179074
0.00053720,-0.00040509,0.00190492
0.00053730,-0.00047154,0.00201313
0.00053740,-0.00052446,0.00211492
0.00053750,-0.00031069,0.00220989
0.00053760,-0.00021952,0.00229764
0.00053770,-0.00023615,0.00237778
0.00053780,-0.00018488,0.00244996
0.00053790,-0.00012494,0.00251384
0.00053800,-0.00029822,0.00256912
0.00053810,-0.00019850,0.00261551
0.00053820,-0.00000982,0.00265275
0.00053830,0.00011755,0.00268064
0.00053840,0.00018269,0.00269896
0.00053850,0.00023554,0.00270758
0.00053860,0.00045469,0.00270635
0.00053870,0.00033920,0.00269520
0.00053880,0.00042567,0.00267407
0.00053890,0.00035793,0.00264295
0.00053900,0.00022254,0.00260186
0.00053910,0.00040563,0.00255087
0.00053920,0.00044286,0.00249008
0.00053930,0.00041229,0.00241962
0.00053940,0.00060018,0.00233969
0.00053950,0.00056806,0.00225050
0.00053960,0.00051956,0.00215231
0.00053970,0.00040583,0.00204541
0.00053980,0.00034344,0.00193014
0.00053990,0.00027709,0.00180688
0.00054000,0.00031462,0.00167602
0.00054010,0.00038930,0.00153802
0.00054020,0.00064482,0.00139334
0.00054030,0.00053171,0.00124249
0.00054040,0.00053329,0.00108600
0.00054050,0.00058243,0.00092445
0.00054060,0.00051404,0.00075843
0.00054070,0.00044290,0.00058854
0.00054080,0.00039114,0.00041542
0.00054090,0.00039197,0.00023973
0.00054100,0.00052043,0.00006214
0.00054110,0.00044138,-0.00011666
0.00054120,0.00022105,-0.00029599
0.00054130,0.00010009,-0.00047513
0.00054140,-0.00001318,-0.00065337
0.00054150,0.00007847,-0.00083001
0.00054160,-0.00002593,-0.00100433
0.00054170,0.00025669,-0.00117563
0.00054180,-0.00007894,-0.00134320
0.00054190,-0.00024187,-0.00150635
0.00054200,-0.00020110,-0.00166441
0.00054210,-0.00040752,-0.00181671
0.00054220,-0.00022085,-0.00196261
0.00054230,-0.00034308,-0.00210148
0.00054240,-0.00034406,-0.00223273
0.00054250,-0.00051261,-0.00235578
0.00054260,-0.00054018,-0.00247009
0.00054270,-0.00052585,-0.00257515
0.00054280,-0.00053251,-0.00267049
0.00054290,-0.00052470,-0.00275566
0.00054300,-0.00060126,-0.00283028
0.00054310,-0.00069362,-0.00289397
0.00054320,-0.00072174,-0.00294643
0.00054330,-0.00095035,-0.00298738
0.00054340,-0.00097639,-0.00301661
0.00054350,-0.00094579,-0.00303393
0.00054360,-0.00105967,-0.00303922
0.00054370,-0.00094061,-0.00303241
0.00054380,-0.00089708,-0.00301347
0.00054390,-0.00079079,-0.00298241
0.00054400,-0.00098918,-0.00293933
0.00054410,-0.00114101,-0.00288435
0.00054420,-0.00102533,-0.00281763
0.00054430,-0.00109141,-0.00273942
0.00054440,-0.00111370,-0.00264999
0.00054450,-0.00120757,-0.00254967
0.00054460,-0.00125932,-0.00243883
0.00054470,-0.00110992,-0.00231789
0.00054480,-0.00109083,-0.00218732
0.00054490,-0.00103951,-0.00204763
0.00054500,-0.00106745,-0.00189937
0.00054510,-0.00106585,-0.00174312
0.00054520,-0.00113056,-0.00157952
0.00054530,-0.00119846,-0.00140923
0.00054540,-0.00103063,-0.00123292
0.00054550,-0.00110803,-0.00105134
0.00054560,-0.00094780,-0.00086521
0.00054570,-0.00099384,-0.00067530
0.00054580,-0.00083115,-0.00048241
0.00054590,-0.00072269,-0.00028733
0.00054600,-0.00084642,-0.00009088
0.00054610,-0.00079546,0.00010612
0.00054620,-0.00069384,0.00030285
0.00054630,-0.00065064,0.00049848
0.00054640,-0.00062196,0.00069218
0.00054650,-0.00043830,0.00088314
0.00054660,-0.00032711,0.00107055
0.00054670,-0.00032928,0.00125360
0.00054680,-0.00038478,0.00143154
0.00054690,-0.00034231,0.00160360
0.00054700,-0.00045615,0.00176904
0.00054710,-0.00018335,0.00192718
0.00054720,-0.00040555,0.00207733
0.00054730,-0.00049243,0.00221885
0.00054740,-0.00045779,0.00235116
0.00054750,-0.00026473,0.00247368
0.00054760,0.00001005,0.00258590
0.00054770,-0.00000260,0.00268734
0.00054780,0.00004011,0.00277759
0.00054790,-0.00002611,0.00285627
0.00054800,0.00005038,0.00292305
0.00054810,0.00026203,0.00297765
0.00054820,0.00022819,0.00301987
0.00054830,0.00016207,0.00304955
0.00054840,0.00013095,0.00306657
0.00054850,0.00032671,0.00307088
0.00054860,0.00041617,0.00306250
0.00054870,0.00044330,0.00304148
0.00054880,0.00053854,0.00300795
0.00054890,0.00062959,0.00296207
0.00054900,0.00040334,0.00290408
0.00054910,0.00043403,0.00283427
0.00054920,0.00024230,0.00275296
0.00054930,0.00024078,0.00266053
0.00054940,0.00040807,0.00255743
0.00054950,0.00045580,0.00244413
0.00054960,0.00050001,0.00232115
0.00054970,0.00037370,0.00218906
0.00054980,0.00038801,0.00204846
0.00054990,0.00034634,0.00189998
0.00055000,0.00042498,0.00174430
0.00055010,0.00036348,0.00158211
0.00055020,0.00031012,0.00141413
0.00055030,0.00039413,0.00124112
0.00055040,0.00031299,0.00106383
0.00055050,0.00043468,0.00088305
0.00055060,0.00018330,0.00069956
0.00055070,0.00014869,0.00051416
0.00055080,0.00026643,0.00032765
0.00055090,0.00000581,0.00014084
0.00055100,0.00014498,-0.00004549
0.00055110,-0.00001969,-0.00023054
0.00055120,-0.00018596,-0.00041353
0.00055130,-0.00022222,-0.00059370
0.00055140,-0.00028182,-0.00077030
0.00055150,-0.00023922,-0.00094261
0.00055160,-0.00029952,-0.00110993
0.00055170,-0.00018922,-0.00127158
0.00055180,-0.00024622,-0.00142691
0.00055190,-0.00025636,-0.00157532
0.00055200,-0.00025529,-0.00171623
0.00055210,-0.00033314,-0.00184909
0.00055220,-0.00022543,-0.00197342
0.00055230,-0.00019446,-0.00208875
0.00055240,-0.00031203,-0.00219467
0.00055250,-0.00034387,-0.00229080
0.00055260,-0.00047751,-0.00237683
0.00055270,-0.00054152,-0.00245248
0.00055280,-0.00050267,-0.00251752
0.00055290,-0.00051955,-0.00257177
0.00055300,-0.00068956,-0.00261510
0.00055310,-0.00058264,-0.00264742
0.00055320,-0.00066002,-0.00266871
0.00055330,-0.00074066,-0.00267898
0.00055340,-0.00060850,-0.00267829
0.00055350,-0.00051373,-0.00266675
0.00055360,-0.00055569,-0.00264453
0.00055370,-0.00047320,-0.00261183
0.00055380,-0.00051437,-0.00256889
0.00055390,-0.00060490,-0.00251601
0.00055400,-0.00071081,-0.00245351
0.00055410,-0.00079397,-0.00238177
0.00055420,-0.00057051,-0.00230119
0.00055430,-0.00055448,-0.00221221
0.00055440,-0.00059796,-0.00211532
0.00055450,-0.00058993,-0.00201100
0.00055460,-0.00057257,-0.00189979
0.00055470,-0.00055190,-0.00178224
0.00055480,-0.00042311,-0.00165893
0.00055490,-0.00056507,-0.00153044
0.00055500,-0.00062584,-0.00139739
0.00055510,-0.00060801,-0.00126040
0.00055520,-0.00067093,-0.00112009
0.00055530,-0.00047525,-0.00097710
0.00055540,-0.00081831,-0.00083207
0.00055550,-0.00064208,-0.00068563
0.00055560,-0.00082937,-0.00053842
0.00055570,-0.00074047,-0.00039107
0.00055580,-0.00060415,-0.00024419
0.00055590,-0.00069001,-0.00009839
0.00055600,-0.00042853,0.00004574
0.00055610,-0.00060621,0.00018763
0.00055620,-0.00062100,0.00032672
0.00055630,-0.00061778,0.00046249
0.00055640,-0.00073798,0.00059443
0.00055650,-0.00045590,0.00072206
0.00055660,-0.00024977,0.00084494
0.00055670,-0.00028905,0.00096264
0.00055680,-0.00044921,0.00107477
0.00055690,-0.00034925,0.00118099
0.00055700,-0.00018108,0.00128098
0.00055710,-0.00016541,0.00137446
0.00055720,-0.00005836,0.00146117
0.00055730,-0.00026990,0.00154092
0.00055740,-0.00034577,0.00161352
0.00055750,-0.00026921,0.00167884
0.00055760,-0.00037428,0.00173679
0.00055770,-0.00026706,0.00178731
0.00055780,-0.00023381,0.00183036
0.00055790,-0.00021890,0.00186597
0.00055800,-0.00026881,0.00189416
0.00055810,-0.00006342,0.00191503
0.00055820,0.00000440,0.00192869
0.00055830,-0.00019956,0.00193526
0.00055840,-0.00012857,0.00193491
0.00055850,-0.00008503,0.00192785
0.00055860,-0.00002431,0.00191428
0.00055870,0.00015139,0.00189445
0.00055880,0.00008840,0.00186862
0.00055890,0.00010353,0.00183707
0.00055900,0.00015145,0.00180009
0.00055910,0.00011033,0.00175799
0.00055920,-0.00000496,0.00171109
0.00055930,-0.00002016,0.00165972
0.00055940,-0.00001631,0.00160422
0.00055950,-0.00003123,0.00154493
0.00055960,0.00005592,0.00148219
0.00055970,-0.00013496,0.00141635
0.00055980,-0.00030356,0.00134775
0.00055990,-0.00026374,0.00127674
0.00056000,-0.00023752,0.00120363
0.00056010,-0.00025151,0.00112877
0.00056020,-0.00034695,0.00105246
0.00056030,-0.00030215,0.00097501
0.00056040,-0.00042013,0.00089672
0.00056050,-0.00034577,0.00081786
0.00056060,-0.00028687,0.00073869
0.00056070,-0.00026425,0.00065947
0.00056080,-0.00012344,0.00058041
0.00056090,-0.00023562,0.00050175
0.00056100,-0.00017515,0.00042366
0.00056110,-0.00028718,0.00034633
0.00056120,-0.00026363,0.00026991
0.00056130,-0.00021591,0.00019455
0.00056140,-0.00011418,0.00012036
0.00056150,-0.00001412,0.00004745
0.00056160,-0.00010695,-0.00002409
0.00056170,-0.00022471,-0.00009420
0.00056180,-0.00014399,-0.00016281
0.00056190,-0.00032949,-0.00022988
0.00056200,-0.00039677,-0.00029540
0.00056210,-0.00025011,-0.00035933
0.00056220,-0.00022456,-0.00042168
0.00056230,-0.00026195,-0.00048246
0.00056240,-0.00021000,-0.00054166
0.00056250,-0.00018311,-0.00059932
0.00056260,-0.00027780,-0.00065546
0.00056270,-0.00022434,-0.00071010
0.00056280,-0.00021286,-0.00076328
0.00056290,-0.00029276,-0.00081502
0.00056300,-0.00033509,-0.00086537
0.00056310,-0.00029885,-0.00091434
0.00056320,-0.00032750,-0.00096196
0.00056330,-0.00020135,-0.00100826
0.00056340,-0.00027113,-0.00105324
0.00056350,-0.00049664,-0.00109690
0.00056360,-0.00033190,-0.00113925
0.00056370,-0.00061664,-0.00118027
0.00056380,-0.00051327,-0.00121994
0.00056390,-0.00044996,-0.00125822
0.00056400,-0.00043621,-0.00129506
0.00056410,-0.00017918,-0.00133040
0.00056420,-0.00026471,-0.00136418
0.00056430,-0.00020813,-0.00139631
0.00056440,-0.00030136,-0.00142668
0.00056450,-0.00044504,-0.00145518
0.00056460,-0.00023948,-0.00148170
0.00056470,-0.00020151,-0.00150609
0.00056480,-0.00043546,-0.00152821
0.00056490,-0.00043162,-0.00154790
0.00056500,-0.00049403,-0.00156499
0.00056510,-0.00040824,-0.00157931
0.00056520,-0.00030483,-0.00159066
0.00056530,-0.00033456,-0.00159886
0.00056540,-0.00022269,-0.00160372
0.00056550,-0.00024055,-0.00160502
0.00056560,-0.00028197,-0.00160259
0.00056570,-0.00035500,-0.00159620
0.00056580,-0.00027943,-0.00158568
0.00056590,-0.00008051,-0.00157082
0.00056600,-0.00010149,-0.00155144
0.00056610,-0.00010054,-0.00152736
0.00056620,-0.00014413,-0.00149841
0.00056630,-0.00017921,-0.00146445
0.00056640,-0.00012764,-0.00142532
0.00056650,-0.00022139,-0.00138091
0.00056660,-0.00020883,-0.00133112
0.00056670,-0.00011496,-0.00127586
0.00056680,-0.00010798,-0.00121507
0.00056690,-0.00026591,-0.00114871
0.00056700,-0.00022547,-0.00107679
0.00056710,-0.00023062,-0.00099931
0.00056720,-0.00032942,-0.00091633
0.00056730,-0.00017613,-0.00082791
0.00056740,-0.00011635,-0.00073418
0.00056750,0.00008807,-0.00063526
0.00056760,-0.00008195,-0.00053134
0.00056770,-0.00000479,-0.00042261
0.00056780,-0.00016638,-0.00030933
0.00056790,-0.00026759,-0.00019175
0.00056800,-0.00026272,-0.00007019
0.00056810,-0.00010506,0.00005502
0.00056820,-0.00002451,0.00018350
0.00056830,-0.00023805,0.00031487
0.00056840,-0.00009713,0.00044867
0.00056850,-0.00034197,0.00058446
0.00056860,-0.00009989,0.00072174
0.00056870,-0.00001431,0.00086001
0.00056880,-0.00021921,0.00099872
0.00056890,-0.00021062,0.00113732
0.00056900,-0.00032516,0.00127523
0.00056910,-0.00025620,0.00141186
0.00056920,-0.00046532,0.00154659
0.00056930,-0.00026738,0.00167881
0.00056940,-0.00025152,0.00180789
0.00056950,-0.00029830,0.00193319
0.00056960,-0.00018654,0.00205409
0.00056970,-0.00023225,0.00216994
0.00056980,-0.00029689,0.00228012
0.00056990,-0.00046636,0.00238401
0.00057000,-0.00037651,0.00248100
0.00057010,-0.00016133,0.00257049
0.00057020,-0.00010089,0.00265192
0.00057030,-0.00016547,0.00272472
0.00057040,-0.00040359,0.00278837
0.00057050,-0.00028151,0.00284238
0.00057060,-0.00031658,0.00288628
0.00057070,-0.00037086,0.00291963
0.00057080,-0.00021222,0.00294204
0.00057090,-0.00031212,0.00295317
0.00057100,-0.00025039,0.00295271
0.00057110,-0.00026117,0.00294040
0.00057120,-0.00028441,0.00291604
0.00057130,-0.00038967,0.00287946
0.00057140,-0.00050352,0.00283056
0.00057150,-0.00041417,0.00276930
0.00057160,-0.00049062,0.00269568
0.00057170,-0.00046767,0.00260978
0.00057180,-0.00054870,0.00251171
0.00057190,-0.00050774,0.00240167
0.00057200,-0.00041913,0.00227989
0.00057210,-0.00049363,0.00214668
0.00057220,-0.00039173,0.00200240
0.00057230,-0.00037920,0.00184748
0.00057240,-0.00046275,0.00168238
0.00057250,-0.00050681,0.00150766
0.00057260,-0.00058989,0.00132388
0.00057270,-0.00060789,0.00113170
0.00057280,-0.00064736,0.00093180
0.00057290,-0.00055780,0.00072492
0.00057300,-0.00056094,0.00051185
0.00057310,-0.00051755,0.00029340
0.00057320,-0.00034294,0.00007045
0.00057330,-0.00028038,-0.00015612
0.00057340,-0.00027474,-0.00038536
0.00057350,-0.00045090,-0.00061633
0.00057360,-0.00050558,-0.00084805
0.00057370,-0.00038401,-0.00107951
0.00057380,-0.00029752,-0.00130971
0.00057390,-0.00025885,-0.00153760
0.00057400,-0.00016973,-0.00176218
0.00057410,0.00010791,-0.00198240
0.00057420,0.00015730,-0.00219724
0.00057430,0.00003465,-0.00240567
0.00057440,-0.00004286,-0.00260670
0.00057450,-0.00001513,-0.00279934
0.00057460,-0.00012223,-0.00298261
0.00057470,-0.00025291,-0.00315560
0.00057480,-0.00024991,-0.00331739
0.00057490,-0.00015496,-0.00346712
0.00057500,-0.00012199,-0.00360397
0.00057510,-0.00012222,-0.00372717
0.00057520,-0.00020735,-0.00383599
0.00057530,-0.00026641,-0.00392976
0.00057540,-0.00016171,-0.00400788
0.00057550,-0.00018645,-0.00406980
0.00057560,0.00002753,-0.00411504
0.00057570,-0.00007202,-0.00414319
0.00057580,-0.00009109,-0.00415391
0.00057590,-0.00012460,-0.00414694
0.00057600,-0.00027108,-0.00412210
0.00057610,-0.00011053,-0.00407929
0.00057620,-0.00016131,-0.00401847
0.00057630,-0.00002556,-0.00393971
0.00057640,-0.00003141,-0.00384315
0.00057650,-0.00007247,-0.00372901
0.00057660,-0.00005464,-0.00359760
0.00057670,0.00000480,-0.00344931
0.00057680,0.00003556,-0.00328462
0.00057690,-0.00001604,-0.00310407
0.00057700,-0.00002786,-0.00290831
0.00057710,0.00005991,-0.00269803
0.00057720,0.00000679,-0.00247404
0.00057730,-0.00016820,-0.00223718
0.00057740,-0.00027503,-0.00198838
0.00057750,-0.00033314,-0.00172863
0.00057760,-0.00021756,-0.00145898
0.00057770,-0.00017138,-0.00118055
0.00057780,-0.00009074,-0.00089449
0.00057790,-0.00032332,-0.00060202
0.00057800,-0.00040992,-0.00030438
0.00057810,-0.00026479,-0.00000286
0.00057820,-0.00026740,0.00030122
0.00057830,-0.00014594,0.00060651
0.00057840,-0.00022292,0.00091166
0.00057850,-0.00015055,0.00121529
0.00057860,-0.00025437,0.00151603
0.00057870,-0.00037970,0.00181249
0.00057880,-0.00018088,0.00210330
0.00057890,-0.00033349,0.00238710
0.00057900,-0.00043125,0.00266257
0.00057910,-0.00039073,0.00292839
0.00057920,-0.00016317,0.00318328
0.00057930,-0.00030742,0.00342602
0.00057940,-0.00039657,0.00365541
0.00057950,-0.00021077,0.00387032
0.00057960,-0.00037270,0.00406968
0.00057970,-0.00020931,0.00425247
0.00057980,-0.00051006,0.00441775
0.00057990,-0.00047389,0.00456465
0.00058000,-0.00026144,0.00469239
0.00058010,-0.00042632,0.00480026
0.00058020,-0.00051615,0.00488765
0.00058030,-0.00053373,0.00495401
0.00058040,-0.00049705,0.00499893
0.00058050,-0.00068115,0.00502205
0.00058060,-0.00061078,0.00502316
0.00058070,-0.00043581,0.00500209
0.00058080,-0.00058163,0.00495883
0.00058090,-0.00051702,0.00489343
0.00058100,-0.00054628,0.00480605
0.00058110,-0.00071911,0.00469698
0.00058120,-0.00069095,0.00456657
0.00058130,-0.00075611,0.00441530
0.00058140,-0.00046943,0.00424373
0.00058150,-0.00078793,0.00405253
0.00058160,-0.00082085,0.00384245
0.00058170,-0.00071841,0.00361435
0.00058180,-0.00070564,0.00336914
0.00058190,-0.00039122,0.00310785
0.00058200,-0.00038830,0.00283157
0.00058210,-0.00055943,0.00254147
0.00058220,-0.00055653,0.00223877
0.00058230,-0.00058155,0.00192477
0.00058240,-0.00052690,0.00160084
0.00058250,-0.00043448,0.00126836
0.00058260,-0.00050839,0.00092879
0.00058270,-0.00060335,0.00058362
0.00058280,-0.00057072,0.00023436
0.00058290,-0.00058610,-0.00011744
0.00058300,-0.00051158,-0.00047022
0.00058310,-0.00025025,-0.00082240
0.00058320,-0.00034657,-0.00117241
0.00058330,-0.00034549,-0.00151867
0.00058340,-0.00027424,-0.00185962
0.00058350,-0.00041979,-0.00219371
0.00058360,-0.00035435,-0.00251941
0.00058370,-0.00046895,-0.00283522
0.00058380,-0.00012769,-0.00313971
0.00058390,-0.00019417,-0.00343145
0.00058400,-0.00041107,-0.00370908
0.00058410,-0.00050675,-0.00397131
0.00058420,-0.00055450,-0.00421691
0.00058430,-0.00041501,-0.00444469
0.00058440,-0.00030910,-0.00465359
0.00058450,-0.00009057,-0.00484258
0.00058460,-0.00018672,-0.00501075
0.00058470,-0.00014180,-0.00515726
0.00058480,-0.00014321,-0.00528139
0.00058490,-0.00023294,-0.00538250
0.00058500,-0.00032756,-0.00546004
0.00058510,-0.00039338,-0.00551360
0.00058520,-0.00005472,-0.00554286
0.00058530,0.00002984,-0.00554759
0.00058540,-0.00007045,-0.00552772
0.00058550,0.00011213,-0.00548323
0.00058560,-0.00003780,-0.00541426
0.00058570,-0.00008267,-0.00532104
0.00058580,0.00004262,-0.00520392
0.00058590,0.00001052,-0.00506335
0.00058600,-0.00002863,-0.00489990
0.00058610,-0.00004893,-0.00471424
0.00058620,0.00004880,-0.00450713
0.00058630,-0.00006481,-0.00427946
0.00058640,-0.00003804,-0.00403219
0.00058650,0.00002745,-0.00376639
0.00058660,0.00005223,-0.00348320
0.00058670,-0.00002964,-0.00318385
0.00058680,-0.00005696,-0.00286966
0.00058690,0.00020653,-0.00254200
0.00058700,0.00029275,-0.00220232
0.00058710,0.00015811,-0.00185213
0.00058720,0.00017695,-0.00149297
0.00058730,0.00020709,-0.00112645
0.00058740,0.00013596,-0.00075422
0.00058750,0.00022750,-0.00037793
0.00058760,0.00011203,0.00000071
0.00058770,0.00008766,0.00038000
0.00058780,-0.00003061,0.00075824
0.00058790,0.00003029,0.00113370
0.00058800,0.00009869,0.00150468
0.00058810,-0.00002276,0.00186950
0.00058820,-0.00002741,0.00222650
0.00058830,-0.00000498,0.00257404
0.00058840,-0.00012437,0.00291053
0.00058850,-0.00026566,0.00323445
0.00058860,-0.00014989,0.00354429
0.00058870,-0.00019453,0.00383864
0.00058880,-0.00023506,0.00411614
0.00058890,-0.00021851,0.00437551
0.00058900,-0.00025734,0.00461555
0.00058910,-0.00023177,0.00483514
0.00058920,-0.00045199,0.00503328
0.00058930,-0.00036824,0.00520902
0.00058940,-0.00033925,0.00536156
0.00058950,-0.00039535,0.00549017
0.00058960,-0.00040164,0.00559426
0.00058970,-0.00055009,0.00567331
0.00058980,-0.00046184,0.00572696
0.00058990,-0.00043286,0.00575493
0.00059000,-0.00038666,0.00575707
0.00059010,-0.00049671,0.00573335
0.00059020,-0.00065480,0.00568386
0.00059030,-0.00059229,0.00560880
0.00059040,-0.00052955,0.00550849
0.00059050,-0.00052367,0.00538336
0.00059060,-0.00067253,0.00523396
0.00059070,-0.00086925,0.00506095
0.00059080,-0.00088154,0.00486508
0.00059090,-0.00080357,0.00464724
0.00059100,-0.00070210,0.00440839
0.00059110,-0.00067827,0.00414959
0.00059120,-0.00072247,0.00387200
0.00059130,-0.00072004,0.00357686
0.00059140,-0.00068791,0.00326550
0.00059150,-0.00069365,0.00293930
0.00059160,-0.00064976,0.00259973
0.00059170,-0.00085385,0.00224831
0.00059180,-0.00082755,0.00188663
0.00059190,-0.00066399,0.00151631
0.00059200,-0.00078288,0.00113901
0.00059210,-0.00089383,0.00075644
0.00059220,-0.00091655,0.00037032
0.00059230,-0.00090978,-0.00001762
0.00059240,-0.00099633,-0.00040562
0.00059250,-0.00093629,-0.00079193
0.00059260,-0.00100605,-0.00117481
0.00059270,-0.00080224,-0.00155253
0.00059280,-0.00072472,-0.00192338
0.00059290,-0.00071645,-0.00228570
0.00059300,-0.00074573,-0.00263783
0.00059310,-0.00070191,-0.00297820
0.00059320,-0.00082620,-0.00330526
0.00059330,-0.00082889,-0.00361754
0.00059340,-0.00053991,-0.00391362
0.00059350,-0.00059271,-0.00419217
0.00059360,-0.00060298,-0.00445192
0.00059370,-0.00064435,-0.00469172
0.00059380,-0.00031087,-0.00491046
0.00059390,-0.00019170,-0.00510718
0.00059400,-0.00012998,-0.00528097
0.00059410,-0.00019933,-0.00543106
0.00059420,-0.00031541,-0.00555677
0.00059430,-0.00012141,-0.00565754
0.00059440,-0.00033826,-0.00573291
0.00059450,-0.00037454,-0.00578254
0.00059460,-0.00027069,-0.00580622
0.00059470,-0.00014470,-0.00580383
0.00059480,-0.00004080,-0.00577540
0.00059490,-0.00014460,-0.00572105
0.00059500,-0.00027534,-0.00564103
0.00059510,0.00002803,-0.00553569
0.00059520,0.00011570,-0.00540551
0.00059530,-0.00004366,-0.00525109
0.00059540,0.00001999,-0.00507310
0.00059550,0.00000615,-0.00487236
0.00059560,0.00001447,-0.00464975
0.00059570,0.00026686,-0.00440628
0.00059580,0.00026456,-0.00414304
0.00059590,0.00044790,-0.00386120
0.00059600,0.00021577,-0.00356202
0.00059610,0.00017681,-0.00324684
0.00059620,0.00031537,-0.00291705
0.00059630,0.00037834,-0.00257415
0.00059640,0.00039180,-0.00221964
0.00059650,0.00035093,-0.00185511
0.00059660,0.00030193,-0.00148218
0.00059670,0.00039980,-0.00110251
0.00059680,0.00051013,-0.00071778
0.00059690,0.00027177,-0.00032970
0.00059700,0.00028064,0.00006001
0.00059710,0.00023426,0.00044963
0.00059720,0.00031419,0.00083743
0.00059730,0.00041025,0.00122170
0.00059740,0.00034121,0.00160075
0.00059750,0.00032959,0.00197291
0.00059760,0.00032088,0.00233654
0.00059770,0.00008476,0.00269005
0.00059780,0.00009774,0.00303190
0.00059790,0.00000426,0.00336059
0.00059800,0.00015879,0.00367468
0.00059810,0.00010746,0.00397282
0.00059820,0.00021278,0.00425371
0.00059830,-0.00001878,0.00451614
0.00059840,-0.00015899,0.00475898
0.00059850,-0.00000974,0.00498118
0.00059860,-0.00002363,0.00518181
0.00059870,0.00000605,0.00535999
0.00059880,-0.00011113,0.00551498
0.00059890,-0.00016712,0.00564613
0.00059900,-0.00028000,0.00575289
0.00059910,-0.00024184,0.00583481
0.00059920,-0.00033646,0.00589157
0.00059930,-0.00043490,0.00592294
0.00059940,-0.00039028,0.00592881
0.00059950,-0.00052851,0.00590918
0.00059960,-0.00066250,0.00586415
0.00059970,-0.00051764,0.00579393
0.00059980,-0.00046354,0.00569886
0.00059990,-0.00039814,0.00557936
0.00060000,-0.00043663,0.00543596
0.00060010,-0.00067560,0.00526930
0.00060020,-0.00082067,0.00508011
0.00060030,-0.00087414,0.00486921
0.00060040,-0.00072207,0.00463753
0.00060050,-0.00079858,0.00438608
0.00060060,-0.00056888,0.00411592
0.00060070,-0.00083302,0.00382824
0.00060080,-0.00081074,0.00352426
0.00060090,-0.00089483,0.00320530
0.00060100,-0.00087668,0.00287270
0.00060110,-0.00078997,0.00252788
0.00060120,-0.00095213,0.00217232
0.00060130,-0.00080431,0.00180752
0.00060140,-0.00102818,0.00143501
0.00060150,-0.00101706,0.00105638
0.00060160,-0.00107445,0.00067320
0.00060170,-0.00085243,0.00028710
0.00060180,-0.00081102,-0.00010033
0.00060190,-0.00083436,-0.00048746
0.00060200,-0.00079352,-0.00087268
0.00060210,-0.00101431,-0.00125439
0.00060220,-0.00086316,-0.00163102
0.00060230,-0.00099734,-0.00200102
0.00060240,-0.00083872,-0.00236285
0.00060250,-0.00063430,-0.00271504
0.00060260,-0.00060716,-0.00305615
0.00060270,-0.00057550,-0.00338478
0.00060280,-0.00058694,-0.00369961
0.00060290,-0.00060405,-0.00399935
0.00060300,-0.00055964,-0.00428279
0.00060310,-0.00069383,-0.00454881
0.00060320,-0.00073775,-0.00479632
0.00060330,-0.00075588,-0.00502435
0.00060340,-0.00056332,-0.00523199
0.00060350,-0.00073246,-0.00541843
0.00060360,-0.00085073,-0.00558293
0.00060370,-0.00054937,-0.00572485
0.00060380,-0.00048932,-0.00584366
0.00060390,-0.00031142,-0.00593889
0.00060400,-0.00033937,-0.00601021
0.00060410,-0.00045349,-0.00605735
0.00060420,-0.00044471,-0.00608016
0.00060430,-0.00021114,-0.00607858
0.00060440,-0.00034976,-0.00605266
0.00060450,-0.00034538,-0.00600252
0.00060460,-0.00001178,-0.00592842
0.00060470,-0.00004354,-0.00583067
0.00060480,0.00003283,-0.00570970
0.00060490,0.00001126,-0.00556604
0.00060500,0.00004986,-0.00540028
0.00060510,0.00005114,-0.00521312
0.00060520,0.00008056,-0.00500534
0.00060530,0.00006033,-0.00477779
0.00060540,0.00018452,-0.00453141
0.00060550,0.00016351,-0.00426721
0.00060560,0.00000735,-0.00398625
0.00060570,0.00014139,-0.00368968
0.00060580,0.00012267,-0.00337869
0.00060590,0.00023017,-0.00305454
0.00060600,0.00030606,-0.00271853
0.00060610,0.00030864,-0.00237199
0.00060620,0.00041702,-0.00201632
0.00060630,0.00041672,-0.00165293
0.00060640,0.00014739,-0.00128325
0.00060650,-0.00000069,-0.00090875
0.00060660,-0.00000077,-0.00053090
0.00060670,0.00019463,-0.00015118
0.00060680,0.00020667,0.00022891
0.00060690,0.00031613,0.00060790
0.00060700,0.00030668,0.00098430
0.00060710,0.00016721,0.00135667
0.00060720,0.00011498,0.00172356
0.00060730,0.00029518,0.00208355
0.00060740,0.00021218,0.00243527
0.00060750,0.00011070,0.00277737
0.00060760,0.00010100,0.00310854
0.00060770,0.00004078,0.00342752
0.00060780,-0.00001316,0.00373312
0.00060790,-0.00000129,0.00402417
0.00060800,0.00006926,0.00429959
0.00060810,-0.00011541,0.00455834
0.00060820,0.00003263,0.00479946
0.00060830,-0.00005898,0.00502206
0.00060840,-0.00027661,0.00522533
0.00060850,-0.00019077,0.00540852
0.00060860,-0.00046394,0.00557097
0.00060870,-0.00023456,0.00571209
0.00060880,-0.00034498,0.00583139
0.00060890,-0.00034351,0.00592845
0.00060900,-0.00030070,0.00600295
0.00060910,-0.00041770,0.00605464
0.00060920,-0.00032640,0.00608337
0.00060930,-0.00017211,0.00608907
0.00060940,-0.00022968,0.00607175
0.00060950,-0.00037663,0.00603153
0.00060960,-0.00017038,0.00596860
0.00060970,-0.00027892,0.00588323
0.00060980,-0.00009259,0.00577579
0.00060990,-0.00031736,0.00564672
0.00061000,-0.00032136,0.00549655
0.00061010,-0.00025838,0.00532587
0.00061020,-0.00048720,0.00513536
0.00061030,-0.00052810,0.00492577
0.00061040,-0.00062359,0.00469792
0.00061050,-0.00057423,0.00445270
0.00061060,-0.00066592,0.00419104
0.00061070,-0.00075603,0.00391396
0.00061080,-0.00069658,0.00362252
0.00061090,-0.00060886,0.00331783
0.00061100,-0.00069511,0.00300105
0.00061110,-0.00064591,0.00267338
0.00061120,-0.00060943,0.00233607
0.00061130,-0.00074728,0.00199038
0.00061140,-0.00062174,0.00163761
0.00061150,-0.00069889,0.00127910
0.00061160,-0.00059952,0.00091618
0.00061170,-0.00073442,0.00055021
0.00061180,-0.00044598,0.00018256
0.00061190,-0.00050304,-0.00018540
0.00061200,-0.00055216,-0.00055231
0.00061210,-0.00045091,-0.00091680
0.00061220,-0.00072077,-0.00127753
0.00061230,-0.00052476,-0.00163316
0.00061240,-0.00060321,-0.00198237
0.00061250,-0.00053651,-0.00232389
0.00061260,-0.00057651,-0.00265645
0.00061270,-0.00059984,-0.00297884
0.00061280,-0.00046466,-0.00328988
0.00061290,-0.00050383,-0.00358842
0.00061300,-0.00034720,-0.00387337
0.00061310,-0.00045420,-0.00414371
0.00061320,-0.00039842,-0.00439844
0.00061330,-0.00058972,-0.00463664
0.00061340,-0.00062179,-0.00485745
0.00061350,-0.00039255,-0.00506007
0.00061360,-0.00042683,-0.00524377
0.00061370,-0.00042588,-0.00540789
0.00061380,-0.00053342,-0.00555184
0.00061390,-0.00044078,-0.00567512
0.00061400,-0.00028091,-0.00577728
0.00061410,-0.00018840,-0.00585797
0.00061420,-0.00023526,-0.00591690
0.00061430,-0.00013302,-0.00595390
0.00061440,-0.00024051,-0.00596882
0.00061450,-0.00029617,-0.00596166
0.00061460,-0.00016248,-0.00593244
0.00061470,-0.00030076,-0.00588130
0.00061480,-0.00016467,-0.00580844
0.00061490,-0.00027040,-0.00571417
0.00061500,-0.00036672,-0.00559884
0.00061510,-0.00031760,-0.00546291
0.00061520,-0.00035397,-0.00530689
0.00061530,-0.00023236,-0.00513138
0.00061540,-0.00016536,-0.00493705
0.00061550,-0.00015185,-0.00472463
0.00061560,-0.00004407,-0.00449492
0.00061570,-0.00007940,-0.00424880
0.00061580,-0.00019975,-0.00398717
0.00061590,-0.00019270,-0.00371104
0.00061600,-0.00011852,-0.00342142
0.00061610,-0.00026286,-0.00311942
0.00061620,-0.00010716,-0.00280614
0.00061630,-0.00011479,-0.00248277
0.00061640,-0.00020488,-0.00215051
0.00061650,-0.00006375,-0.00181061
0.00061660,-0.00020846,-0.00146433
0.00061670,-0.00033152,-0.00111297
0.00061680,-0.00039019,-0.00075784
0.00061690,-0.00043411,-0.00040026
0.00061700,-0.00033052,-0.00004158
0.00061710,-0.00033414,0.00031686
0.00061720,-0.00038161,0.00067373
0.00061730,-0.00033584,0.00102767
0.00061740,-0.00037599,0.00137738
0.00061750,-0.00021262,0.00172153
0.00061760,-0.00016881,0.00205883
0.00061770,-0.00006517,0.00238803
0.00061780,0.00014050,0.00270787
0.00061790,0.00011612,0.00301717
0.00061800,0.00023266,0.00331476
0.00061810,0.00011054,0.00359952
0.00061820,0.00001885,0.00387039
0.00061830,0.00007177,0.00412636
0.00061840,-0.00000145,0.00436646
0.00061850,0.00007578,0.00458981
0.00061860,0.00007061,0.00479557
0.00061870,0.00014831,0.00498297
0.00061880,-0.00000906,0.00515132
0.00061890,-0.00016337,0.00530001
0.00061900,-0.00019930,0.00542850
0.00061910,-0.00025508,0.00553631
0.00061920,-0.00005953,0.00562306
0.00061930,-0.00028744,0.00568846
0.00061940,-0.00021364,0.00573227
0.00061950,-0.00011106,0.00575436
0.00061960,-0.00012593,0.00575469
0.00061970,0.00000903,0.00573327
0.00061980,-0.00014670,0.00569023
0.00061990,-0.00005027,0.00562576
0.00062000,0.00003078,0.00554015
0.00062010,0.00001419,0.00543376
0.00062020,-0.00001659,0.00530704
0.00062030,-0.00008994,0.00516050
0.00062040,0.00017395,0.00499476
0.00062050,0.00020270,0.00481048
0.00062060,0.00025085,0.00460841
0.00062070,-0.00010286,0.00438936
0.00062080,-0.00035967,0.00415422
0.00062090,-0.00025677,0.00390392
0.00062100,-0.00023993,0.00363945
0.00062110,-0.00018116,0.00336188
0.00062120,-0.00028279,0.00307231
0.00062130,-0.00030310,0.00277187
0.00062140,-0.00026385,0.00246176
0.00062150,-0.00033736,0.00214320
0.00062160,-0.00033996,0.00181745
0.00062170,-0.00039037,0.00148577
0.00062180,-0.00035512,0.00114948
0.00062190,-0.00011075,0.00080989
0.00062200,-0.00021871,0.00046832
0.00062210,-0.00026891,0.00012612
0.00062220,-0.00024553,-0.00021540
0.00062230,-0.00031056,-0.00055490
0.00062240,-0.00027027,-0.00089107
0.00062250,-0.00054958,-0.00122260
0.00062260,-0.00052260,-0.00154823
0.00062270,-0.00047210,-0.00186669
0.00062280,-0.00073102,-0.00217676
0.00062290,-0.00071681,-0.00247727
0.00062300,-0.00065737,-0.00276705
0.00062310,-0.00064606,-0.00304502
0.00062320,-0.00067621,-0.00331012
0.00062330,-0.00066771,-0.00356136
0.00062340,-0.00063319,-0.00379780
0.00062350,-0.00064950,-0.00401855
0.00062360,-0.00062365,-0.00422282
0.00062370,-0.00082266,-0.00440985
0.00062380,-0.00065492,-0.00457898
0.00062390,-0.00072664,-0.00472960
0.00062400,-0.00065009,-0.00486119
0.00062410,-0.00060702,-0.00497332
0.00062420,-0.00062793,-0.00506561
0.00062430,-0.00049667,-0.00513777
0.00062440,-0.00086247,-0.00518962
0.00062450,-0.00061013,-0.00522102
0.00062460,-0.00055127,-0.00523195
0.00062470,-0.00061537,-0.00522245
0.00062480,-0.00033774,-0.00519264
0.00062490,-0.00053867,-0.00514274
0.00062500,-0.00049221,-0.00507304
0.00062510,-0.00048147,-0.00498391
0.00062520,-0.00050351,-0.00487579
0.00062530,-0.00035065,-0.00474921
0.00062540,-0.00040818,-0.00460478
0.00062550,-0.00031044,-0.00444314
0.00062560,-0.00038699,-0.00426505
0.00062570,-0.00040372,-0.00407129
0.00062580,-0.00018904,-0.00386274
0.00062590,-0.00032501,-0.00364031
0.00062600,-0.00046699,-0.00340498
0.00062610,-0.00021448,-0.00315776
0.00062620,-0.00023124,-0.00289972
0.00062630,-0.00016897,-0.00263198
0.00062640,-0.00006081,-0.00235567
0.00062650,-0.00006111,-0.00207197
0.00062660,0.00005681,-0.00178208
0.00062670,-0.00015322,-0.00148723
0.00062680,-0.00002225,-0.00118864
0.00062690,-0.00006568,-0.00088757
0.00062700,-0.00004742,-0.00058526
0.00062710,-0.00004235,-0.00028296
0.00062720,-0.00006542,0.00001809
0.00062730,0.00018950,0.00031665
0.00062740,0.00021226,0.00061150
0.00062750,0.00029163,0.00090147
0.00062760,0.00012789,0.00118538
0.00062770,0.00018481,0.00146210
0.00062780,0.00005996,0.00173054
0.00062790,0.00000419,0.00198965
0.00062800,0.00005634,0.00223842
0.00062810,0.00011991,0.00247589
0.00062820,0.00015958,0.00270118
0.00062830,0.00007780,0.00291343
0.00062840,0.00009259,0.00311186
0.00062850,0.00015073,0.00329576
0.00062860,0.00017349,0.00346449
0.00062870,0.00012092,0.00361746
0.00062880,0.00012617,0.00375417
0.00062890,0.00020403,0.00387419
0.00062900,0.00015957,0.00397715
0.00062910,0.00020375,0.00406279
0.00062920,0.00010357,0.00413089
0.00062930,-0.00007457,0.00418134
0.00062940,-0.00005004,0.00421408
0.00062950,0.00003484,0.00422914
0.00062960,0.00006019,0.00422663
0.00062970,0.00004759,0.00420673
0.00062980,0.00013710,0.00416971
0.00062990,0.00013826,0.00411589
0.00063000,0.00012022,0.00404566
0.00063010,-0.00002629,0.00395952
0.00063020,-0.00006279,0.00385797
0.00063030,-0.00001162,0.00374164
0.00063040,0.00003141,0.00361118
0.00063050,0.00014079,0.00346730
0.00063060,-0.00022432,0.00331078
0.00063070,-0.00030414,0.00314243
0.00063080,-0.00021683,0.00296313
0.00063090,-0.00003211,0.00277377
0.00063100,-0.00005603,0.00257531
0.00063110,-0.00013121,0.00236872
0.00063120,-0.00032923,0.00215501
0.00063130,-0.00033660,0.00193520
0.00063140,-0.00046256,0.00171034
0.00063150,-0.00031152,0.00148149
0.00063160,-0.00020590,0.00124972
0.00063170,-0.00035553,0.00101609
0.00063180,-0.00045908,0.00078169
0.00063190,-0.00058647,0.00054757
0.00063200,-0.00059185,0.00031478
0.00063210,-0.00053431,0.00008436
0.00063220,-0.00033714,-0.00014269
0.00063230,-0.00039062,-0.00036537
0.00063240,-0.00064639,-0.00058273
0.00063250,-0.00074913,-0.00079385
0.00063260,-0.00075537,-0.00099786
0.00063270,-0.00067162,-0.00119392
0.00063280,-0.00060181,-0.00138124
0.00063290,-0.00078344,-0.00155908
0.00063300,-0.00063661,-0.00172675
0.00063310,-0.00055192,-0.00188364
0.00063320,-0.00043891,-0.00202916
0.00063330,-0.00030355,-0.00216282
0.00063340,-0.00035209,-0.00228416
0.00063350,-0.00039923,-0.00239282
0.00063360,-0.00038307,-0.00248848
0.00063370,-0.00042142,-0.00257090
0.00063380,-0.00059826,-0.00263989
0.00063390,-0.00038100,-0.00269536
0.00063400,-0.00052381,-0.00273725
0.00063410,-0.00038599,-0.00276561
0.00063420,-0.00038832,-0.00278052
0.00063430,-0.00042014,-0.00278216
0.00063440,-0.00028427,-0.00277074
0.00063450,-0.00039118,-0.00274656
0.00063460,-0.00026413,-0.00270997
0.00063470,-0.00020199,-0.00266138
0.00063480,-0.00029633,-0.00260125
0.00063490,-0.00037026,-0.00253012
0.00063500,-0.00043573,-0.00244854
0.00063510,-0.00040908,-0.00235714
0.00063520,-0.00034498,-0.00225657
0.00063530,-0.00036947,-0.00214753
0.00063540,-0.00043206,-0.00203075
0.00063550,-0.00014632,-0.00190699
0.00063560,0.00012690,-0.00177704
0.00063570,-0.00012520,-0.00164171
0.00063580,-0.00016268,-0.00150182
0.00063590,-0.00018811,-0.00135821
0.00063600,-0.00005385,-0.00121172
0.00063610,0.00000927,-0.00106320
0.00063620,-0.00018040,-0.00091349
0.00063630,-0.00020185,-0.00076343
0.00063640,-0.00013468,-0.00061385
0.00063650,-0.00020324,-0.00046556
0.00063660,-0.00000619,-0.00031934
0.00063670,0.00007348,-0.00017597
0.00063680,-0.00004265,-0.00003619
0.00063690,-0.00007888,0.00009929
0.00063700,-0.00002932,0.00022980
0.00063710,0.00003835,0.00035471
0.00063720,-0.00020080,0.00047342
0.00063730,0.00000132,0.00058539
0.00063740,0.00018774,0.00069012
0.00063750,0.00017137,0.00078715
0.00063760,0.00013216,0.00087608
0.00063770,0.00017766,0.00095658
0.00063780,0.00023843,0.00102836
0.00063790,0.00016347,0.00109117
0.00063800,0.00000872,0.00114484
0.00063810,0.00001459,0.00118926
0.00063820,0.00000122,0.00122436
0.00063830,-0.00002823,0.00125014
0.00063840,0.00000456,0.00126665
0.00063850,0.00009452,0.00127400
0.00063860,0.00010125,0.00127234
0.00063870,0.00003446,0.00126191
0.00063880,-0.00011477,0.00124297
0.00063890,-0.00004172,0.00121583
0.00063900,-0.00007454,0.00118085
0.00063910,-0.00006172,0.00113846
0.00063920,0.00009954,0.00108909
0.00063930,-0.00021401,0.00103324
0.00063940,-0.00018785,0.00097142
0.00063950,-0.00019921,0.00090420
0.00063960,-0.00025431,0.00083216
0.00063970,-0.00019235,0.00075591
0.00063980,-0.00037234,0.00067606
0.00063990,-0.00050407,0.00059328
0.00064000,-0.00068576,0.00050821
0.00064010,-0.00056857,0.00042152
0.00064020,-0.00036439,0.00033388
0.00064030,-0.00037701,0.00024596
0.00064040,-0.00029707,0.00015843
0.00064050,-0.00034797,0.00007194
0.00064060,-0.00017772,-0.00001286
0.00064070,-0.00015945,-0.00009534
0.00064080,-0.00024526,-0.00017490
0.00064090,-0.00039161,-0.00025095
0.00064100,-0.00034263,-0.00032292
0.00064110,-0.00036115,-0.00039030
0.00064120,-0.00041202,-0.00045258
0.00064130,-0.00025539,-0.00050931
0.00064140,-0.00039312,-0.00056008
0.00064150,-0.00045551,-0.00060451
0.00064160,-0.00041661,-0.00064226
0.00064170,-0.00032883,-0.00067306
0.00064180,-0.00035411,-0.00069667
0.00064190,-0.00060216,-0.00071290
0.00064200,-0.00055383,-0.00072162
0.00064210,-0.00040159,-0.00072274
0.00064220,-0.00038701,-0.00071623
0.00064230,-0.00023385,-0.00070212
0.00064240,-0.00039363,-0.00068048
0.00064250,-0.00044568,-0.00065142
0.00064260,-0.00044370,-0.00061514
0.00064270,-0.00053452,-0.00057185
0.00064280,-0.00054369,-0.00052182
0.00064290,-0.00053896,-0.00046538
0.00064300,-0.00035250,-0.00040290
0.00064310,-0.00022507,-0.00033477
0.00064320,-0.00019761,-0.00026145
0.00064330,-0.00024290,-0.00018341
0.00064340,-0.00021934,-0.00010119
0.00064350,-0.00002266,-0.00001531
0.00064360,-0.00014487,0.00007363
0.00064370,-0.00008533,0.00016505
0.00064380,-0.00016838,0.00025832
0.00064390,-0.00021305,0.00035281
0.00064400,0.00001996,0.00044787
0.00064410,-0.00024183,0.00054285
0.00064420,-0.00009214,0.00063709
0.00064430,-0.00002069,0.00072993
0.00064440,-0.00005730,0.00082070
0.00064450,-0.00002512,0.00090878
0.00064460,-0.00016861,0.00099350
0.00064470,0.00007200,0.00107427
0.00064480,0.00003766,0.00115047
0.00064490,0.00014043,0.00122154
0.00064500,0.00006558,0.00128691
0.00064510,0.00003981,0.00134607
0.00064520,0.00007590,0.00139853
0.00064530,0.00004784,0.00144385
0.00064540,0.00010181,0.00148161
0.00064550,0.00007130,0.00151144
0.00064560,0.00012494,0.00153302
0.00064570,-0.00003954,0.00154607
0.00064580,0.00001091,0.00155037
0.00064590,0.00015878,0.00154572
0.00064600,0.00001530,0.00153201
0.00064610,-0.00008361,0.00150916
0.00064620,-0.00006172,0.00147713
0.00064630,-0.00001847,0.00143598
0.00064640,-0.00014839,0.00138577
0.00064650,-0.00004006,0.00132664
0.00064660,-0.00010368,0.00125879
0.00064670,-0.00007065,0.00118246
0.00064680,0.00022259,0.00109793
0.00064690,0.00000530,0.00100556
0.00064700,-0.00001038,0.00090574
0.00064710,-0.00006003,0.00079890
0.00064720,-0.00021613,0.00068553
0.00064730,-0.00019884,0.00056615
0.00064740,-0.00011947,0.00044132
0.00064750,-0.00019354,0.00031165
0.00064760,-0.00022913,0.00017776
0.00064770,-0.00018990,0.00004033
0.00064780,-0.00053640,-0.00009997
0.00064790,-0.00034075,-0.00024242
0.00064800,-0.00059683,-0.00038629
0.00064810,-0.00060260,-0.00053084
0.00064820,-0.00042350,-0.00067532
0.00064830,-0.00031136,-0.00081897
0.00064840,-0.00036669,-0.00096102
0.00064850,-0.00057386,-0.00110072
0.00064860,-0.00049019,-0.00123731
0.00064870,-0.00072833,-0.00137006
0.00064880,-0.00052023,-0.00149824
0.00064890,-0.00059397,-0.00162113
0.00064900,-0.00061340,-0.00173806
0.00064910,-0.00039556,-0.00184836
0.00064920,-0.00053188,-0.00195141
0.00064930,-0.00067186,-0.00204661
0.00064940,-0.00062882,-0.00213339
0.00064950,-0.00062587,-0.00221125
0.00064960,-0.00067901,-0.00227971
0.00064970,-0.00068032,-0.00233834
0.00064980,-0.00072939,-0.00238675
0.00064990,-0.00068250,-0.00242461
0.00065000,-0.00039564,-0.00245164
0.00065010,-0.00037741,-0.00246761
0.00065020,-0.00051890,-0.00247236
0.00065030,-0.00059059,-0.00246575
0.00065040,-0.00073292,-0.00244774
0.00065050,-0.00064560,-0.00241832
0.00065060,-0.00046751,-0.00237754
0.00065070,-0.00036214,-0.00232551
0.00065080,-0.00042516,-0.00226240
0.00065090,-0.00051778,-0.00218843
0.00065100,-0.00046639,-0.00210388
0.00065110,-0.00043632,-0.00200909
0.00065120,-0.00031049,-0.00190443
0.00065130,-0.00042514,-0.00179034
0.00065140,-0.00061118,-0.00166730
0.00065150,-0.00036372,-0.00153584
0.00065160,-0.00036546,-0.00139654
0.00065170,-0.00038706,-0.00125001
0.00065180,-0.00048891,-0.00109690
0.00065190,-0.00046767,-0.00093790
0.00065200,-0.00038277,-0.00077372
0.00065210,-0.00035631,-0.00060512
0.00065220,-0.00024795,-0.00043287
0.00065230,-0.00026596,-0.00025775
0.00065240,-0.00029277,-0.00008058
0.00065250,-0.00050657,0.00009782
0.00065260,-0.00047777,0.00027662
0.00065270,-0.00041355,0.00045498
0.00065280,-0.00038991,0.00063207
0.00065290,-0.00025550,0.00080706
0.00065300,-0.00008478,0.00097913
0.00065310,-0.00006478,0.00114745
0.00065320,-0.00006926,0.00131124
0.00065330,0.00006677,0.00146973
0.00065340,0.00008553,0.00162215
0.00065350,0.00003948,0.00176779
0.00065360,-0.00003158,0.00190595
0.00065370,0.00002239,0.00203598
0.00065380,0.00007523,0.00215725
0.00065390,0.00014790,0.00226920
0.00065400,0.00018004,0.00237128
0.00065410,0.00026891,0.00246301
0.00065420,0.00005222,0.00254396
0.00065430,0.00000784,0.00261373
0.00065440,0.00000586,0.00267201
0.00065450,0.00010750,0.00271850
0.00065460,0.00014985,0.00275299
0.00065470,0.00006900,0.00277533
0.00065480,0.00014468,0.00278540
0.00065490,0.00023677,0.00278316
0.00065500,0.00025344,0.00276863
0.00065510,0.00025195,0.00274189
0.00065520,0.00032744,0.00270306
0.00065530,0.00011135,0.00265235
0.00065540,0.00002085,0.00259000
0.00065550,0.00005590,0.00251631
0.00065560,0.00012158,0.00243165
0.00065570,-0.00000369,0.00233643
0.00065580,0.00006186,0.00223111
0.00065590,0.00024570,0.00211620
0.00065600,0.00015764,0.00199225
0.00065610,0.00008696,0.00185987
0.00065620,-0.00008122,0.00171969
0.00065630,-0.00032348,0.00157238
0.00065640,-0.00022804,0.00141865
0.00065650,-0.00012627,0.00125923
0.00065660,-0.00021298,0.00109489
0.00065670,-0.00022026,0.00092640
0.00065680,-0.00012048,0.00075457
0.00065690,-0.00024390,0.00058021
0.00065700,-0.00026490,0.00040413
0.00065710,-0.00038567,0.00022718
0.00065720,-0.00022534,0.00005019
0.00065730,-0.00024276,-0.00012603
0.00065740,-0.00028782,-0.00030063
0.00065750,-0.00007927,-0.00047282
0.00065760,-0.00030956,-0.00064179
0.00065770,-0.00019133,-0.00080677
0.00065780,-0.00043663,-0.00096698
0.00065790,-0.00033244,-0.00112171
0.00065800,-0.00038969,-0.00127024
0.00065810,-0.00046726,-0.00141192
0.00065820,-0.00030686,-0.00154609
0.00065830,-0.00046038,-0.00167218
0.00065840,-0.00041332,-0.00178962
0.00065850,-0.00053619,-0.00189792
0.00065860,-0.00034571,-0.00199662
0.00065870,-0.00041503,-0.00208530
0.00065880,-0.00049722,-0.00216362
0.00065890,-0.00043613,-0.00223126
0.00065900,-0.00046164,-0.00228800
0.00065910,-0.00039605,-0.00233362
0.00065920,-0.00057672,-0.00236801
0.00065930,-0.00051596,-0.00239109
0.00065940,-0.00054947,-0.00240283
0.00065950,-0.00046028,-0.00240327
0.00065960,-0.00074294,-0.00239252
0.00065970,-0.00082940,-0.00237072
0.00065980,-0.00057114,-0.00233807
0.00065990,-0.00060923,-0.00229484
0.00066000,-0.00025690,-0.00224134
0.00066010,-0.00027073,-0.00217791
0.00066020,-0.00044390,-0.00210498
0.00066030,-0.00023268,-0.00202299
0.00066040,-0.00044671,-0.00193242
0.00066050,-0.00056507,-0.00183382
0.00066060,-0.00042870,-0.00172774
0.00066070,-0.00039942,-0.00161479
0.00066080,-0.00029179,-0.00149558
0.00066090,-0.00033519,-0.00137079
0.00066100,-0.00027712,-0.00124108
0.00066110,-0.00040758,-0.00110715
0.00066120,-0.00028614,-0.00096971
0.00066130,-0.00024802,-0.00082950
0.00066140,-0.00029096,-0.00068723
0.00066150,-0.00019041,-0.00054366
0.00066160,-0.00031386,-0.00039951
0.00066170,-0.00047979,-0.00025553
0.00066180,-0.00042073,-0.00011245
0.00066190,-0.00029540,0.00002901
0.00066200,-0.00027477,0.00016814
0.00066210,-0.00038534,0.00030425
0.00066220,-0.00033551,0.00043666
0.00066230,-0.00049507,0.00056474
0.00066240,-0.00043167,0.00068785
0.00066250,-0.00040085,0.00080540
0.00066260,-0.00048458,0.00091685
0.00066270,-0.00020978,0.00102166
0.00066280,-0.00025554,0.00111935
0.00066290,-0.00020690,0.00120948
0.00066300,-0.00033746,0.00129165
0.00066310,-0.00035512,0.00136550
0.00066320,-0.00009468,0.00143074
0.00066330,-0.00019238,0.00148709
0.00066340,-0.00016372,0.00153436
0.00066350,-0.00026203,0.00157237
0.00066360,-0.00026489,0.00160103
0.00066370,-0.00020199,0.00162028
0.00066380,-0.00017764,0.00163011
0.00066390,-0.00000065,0.00163058
0.00066400,-0.00020648,0.00162177
0.00066410,-0.00012419,0.00160383
0.00066420,-0.00010385,0.00157697
0.00066430,-0.00019208,0.00154143
0.00066440,-0.00021875,0.00149750
0.00066450,-0.00022897,0.00144552
0.00066460,-0.00012218,0.00138587
0.00066470,-0.00016460,0.00131897
0.00066480,0.00007570,0.00124527
0.00066490,0.00003314,0.00116527
0.00066500,-0.00001630,0.00107950
0.00066510,0.00001929,0.00098851
0.00066520,-0.00002138,0.00089287
0.00066530,0.00002972,0.00079321
0.00066540,-0.00001741,0.00069012
0.00066550,0.00005734,0.00058426
0.00066560,-0.00000233,0.00047627
0.00066570,-0.00003746,0.00036681
0.00066580,0.00004887,0.00025654
0.00066590,0.00000872,0.00014612
0.00066600,-0.00014827,0.00003621
0.00066610,-0.00021364,-0.00007254
0.00066620,-0.00020431,-0.00017949
0.00066630,-0.00012213,-0.00028401
0.00066640,0.00004492,-0.00038550
0.00066650,0.00012760,-0.00048335
0.00066660,0.00002663,-0.00057702
0.00066670,0.00007766,-0.00066595
0.00066680,0.00009818,-0.00074964
0.00066690,0.00022576,-0.00082760
0.00066700,0.00025549,-0.00089940
0.00066710,0.00027292,-0.00096463
0.00066720,0.00013101,-0.00102292
0.00066730,0.00015404,-0.00107394
0.00066740,0.00023170,-0.00111739
0.00066750,0.00002417,-0.00115305
0.00066760,-0.00001533,-0.00118070
0.00066770,-0.00005659,-0.00120020
0.00066780,0.00003675,-0.00121143
0.00066790,0.00004523,-0.00121432
0.00066800,0.00008346,-0.00120888
0.00066810,0.00005353,-0.00119511
0.00066820,-0.00008178,-0.00117310
0.00066830,-0.00031644,-0.00114298
0.00066840,-0.00022894,-0.00110489
0.00066850,-0.00000845,-0.00105907
0.00066860,0.00003323,-0.00100575
0.00066870,0.00004647,-0.00094524
0.00066880,0.00001456,-0.00087787
0.00066890,-0.00004321,-0.00080401
0.00066900,-0.00012320,-0.00072407
0.00066910,-0.00012582,-0.00063851
0.00066920,-0.00015727,-0.00054779
0.00066930,-0.00004160,-0.00045242
0.00066940,0.00001876,-0.00035295
0.00066950,-0.00009565,-0.00024992
0.00066960,-0.00013582,-0.00014391
0.00066970,-0.00025656,-0.00003554
0.00066980,-0.00035410,0.00007460
0.00066990,-0.00014155,0.00018586
0.00067000,-0.00005103,0.00029761
0.00067010,-0.00018591,0.00040921
0.00067020,-0.00004760,0.00052001
0.00067030,-0.00016398,0.00062936
0.00067040,-0.00036079,0.00073663
0.00067050,-0.00042254,0.00084119
0.00067060,-0.00046405,0.00094240
0.00067070,-0.00045389,0.00103966
0.00067080,-0.00044196,0.00113238
0.00067090,-0.00041361,0.00122000
0.00067100,-0.00035102,0.00130196
0.00067110,-0.00027441,0.00137776
0.00067120,-0.00024587,0.00144690
0.00067130,-0.00038638,0.00150894
0.00067140,-0.00029490,0.00156344
0.00067150,-0.00034505,0.00161004
0.00067160,-0.00049276,0.00164839
0.00067170,-0.00050788,0.00167820
0.00067180,-0.00054981,0.00169921
0.00067190,-0.00045133,0.00171122
0.00067200,-0.00047071,0.00171406
0.00067210,-0.00058230,0.00170762
0.00067220,-0.00056910,0.00169184
0.00067230,-0.00060709,0.00166670
0.00067240,-0.00055015,0.00163223
0.00067250,-0.00070928,0.00158853
0.00067260,-0.00071366,0.00153572
0.00067270,-0.00062855,0.00147399
0.00067280,-0.00062489,0.00140357
0.00067290,-0.00039171,0.00132472
0.00067300,-0.00046057,0.00123779
0.00067310,-0.00029993,0.00114312
0.00067320,-0.00037177,0.00104112
0.00067330,-0.00035502,0.00093225
0.00067340,-0.00038926,0.00081698
0.00067350,-0.00043441,0.00069583
0.00067360,-0.00040761,0.00056936
0.00067370,-0.00059525,0.00043815
0.00067380,-0.00047856,0.00030279
0.00067390,-0.00080008,0.00016393
0.00067400,-0.00051134,0.00002221
0.00067410,-0.00047413,-0.00012170
0.00067420,-0.00054106,-0.00026711
0.00067430,-0.00033396,-0.00041334
0.00067440,-0.00037172,-0.00055968
0.00067450,-0.00035964,-0.00070543
0.00067460,-0.00022991,-0.00084988
0.00067470,-0.00036281,-0.00099234
0.00067480,-0.00049941,-0.00113210
0.00067490,-0.00040294,-0.00126849
0.00067500,-0.00038467,-0.00140084
0.00067510,-0.00032578,-0.00152849
0.00067520,-0.00016373,-0.00165081
0.00067530,-0.00023774,-0.00176718
0.00067540,-0.00019870,-0.00187703
0.00067550,-0.00021312,-0.00197980
0.00067560,-0.00021437,-0.00207496
0.00067570,-0.00002457,-0.00216202
0.00067580,-0.00014600,-0.00224053
0.00067590,-0.00007802,-0.00231007
0.00067600,-0.00007646,-0.00237026
0.00067610,0.00000182,-0.00242078
0.00067620,0.00007915,-0.00246132
0.00067630,-0.00003339,-0.00249164
0.00067640,-0.00006098,-0.00251155
0.00067650,0.00003490,-0.00252088
0.00067660,0.00003524,-0.00251954
0.00067670,-0.00005918,-0.00250747
0.00067680,-0.00016530,-0.00248465
0.00067690,-0.00019759,-0.00245113
0.00067700,-0.00019824,-0.00240700
0.00067710,0.00008633,-0.00235238
0.00067720,0.00041081,-0.00228747
0.00067730,0.00023560,-0.00221248
0.00067740,0.00024771,-0.00212770
0.00067750,0.00022028,-0.00203345
0.00067760,0.00021667,-0.00193009
0.00067770,0.00019109,-0.00181801
0.00067780,0.00014919,-0.00169767
0.00067790,0.00029368,-0.00156954
0.00067800,0.00015096,-0.00143413
0.00067810,0.00021481,-0.00129201
0.00067820,0.00018112,-0.00114373
0.00067830,0.00007701,-0.00098992
0.00067840,0.00017788,-0.00083119
0.00067850,-0.00013946,-0.00066821
0.00067860,-0.00024829,-0.00050163
0.00067870,-0.00022978,-0.00033216
0.00067880,-0.00012876,-0.00016048
0.00067890,-0.00002743,0.00001270
0.00067900,-0.00008246,0.00018665
0.00067910,-0.00016623,0.00036067
0.00067920,-0.00028708,0.00053403
0.00067930,-0.00032067,0.00070602
0.00067940,-0.00036669,0.00087594
0.00067950,-0.00045568,0.00104309
0.00067960,-0.00028648,0.00120679
0.00067970,-0.00008979,0.00136636
0.00067980,-0.00007463,0.00152116
0.00067990,-0.00006673,0.00167057
0.00068000,-0.00023671,0.00181397
0.00068010,-0.00014764,0.00195079
0.00068020,-0.00023088,0.00208049
0.00068030,-0.00027075,0.00220254
0.00068040,-0.00030710,0.00231646
0.00068050,-0.00043295,0.00242180
0.00068060,-0.00034683,0.00251814
0.00068070,-0.00036091,0.00260511
0.00068080,-0.00039893,0.00268236
0.00068090,-0.00042430,0.00274960
0.00068100,-0.00041720,0.00280657
0.00068110,-0.00049821,0.00285305
0.00068120,-0.00047041,0.00288888
0.00068130,-0.00041348,0.00291391
0.00068140,-0.00057852,0.00292806
0.00068150,-0.00064761,0.00293129
0.00068160,-0.00036251,0.00292359
0.00068170,-0.00045536,0.00290501
0.00068180,-0.00048142,0.00287562
0.00068190,-0.00059822,0.00283556
0.00068200,-0.00059543,0.00278500
0.00068210,-0.00049008,0.00272413
0.00068220,-0.00062523,0.00265321
0.00068230,-0.00033084,0.00257252
0.00068240,-0.00029681,0.00248239
0.00068250,-0.00007526,0.00238315
0.00068260,-0.00033038,0.00227521
0.00068270,-0.00033083,0.00215899
0.00068280,-0.00035049,0.00203493
0.00068290,-0.00036210,0.00190351
0.00068300,-0.00035526,0.00176524
0.00068310,-0.00036662,0.00162064
0.00068320,-0.00020139,0.00147027
0.00068330,-0.00047872,0.00131469
0.00068340,-0.00037538,0.00115448
0.00068350,-0.00023807,0.00099026
0.00068360,-0.00046950,0.00082262
0.00068370,-0.00048363,0.00065220
0.00068380,-0.00016302,0.00047962
0.00068390,-0.00025929,0.00030553
0.00068400,-0.00023637,0.00013056
0.00068410,-0.00038348,-0.00004466
0.00068420,-0.00029270,-0.00021948
0.00068430,-0.00022431,-0.00039326
0.00068440,-0.00028076,-0.00056539
0.00068450,-0.00015585,-0.00073524
0.00068460,-0.00022973,-0.00090221
0.00068470,-0.00032286,-0.00106569
0.00068480,-0.00024191,-0.00122513
0.00068490,-0.00009327,-0.00137994
0.00068500,-0.00006176,-0.00152959
0.00068510,-0.00014831,-0.00167356
0.00068520,-0.00010132,-0.00181135
0.00068530,-0.00017790,-0.00194248
0.00068540,-0.00028779,-0.00206652
0.00068550,-0.00030022,-0.00218303
0.00068560,-0.00011510,-0.00229164
0.00068570,-0.00011105,-0.00239197
0.00068580,-0.00003460,-0.00248371
0.00068590,-0.00015810,-0.00256654
0.00068600,-0.00010295,-0.00264022
0.00068610,-0.00005511,-0.00270451
0.00068620,0.00003802,-0.00275922
0.00068630,0.00009492,-0.00280418
0.00068640,0.00023030,-0.00283927
0.00068650,0.00003913,-0.00286440
0.00068660,-0.00005361,-0.00287952
0.00068670,-0.00007921,-0.00288461
0.00068680,-0.00016064,-0.00287969
0.00068690,0.00005696,-0.00286482
0.00068700,0.00007092,-0.00284007
0.00068710,0.00003974,-0.00280558
0.00068720,-0.00023828,-0.00276150
0.00068730,-0.00021315,-0.00270802
0.00068740,-0.00004908,-0.00264537
0.00068750,-0.00021588,-0.00257378
0.00068760,-0.00014701,-0.00249356
0.00068770,-0.00025867,-0.00240500
0.00068780,-0.00021339,-0.00230844
0.00068790,-0.00002314,-0.00220426
0.00068800,-0.00003681,-0.00209284
0.00068810,-0.00012322,-0.00197459
0.00068820,-0.00006419,-0.00184995
0.00068830,-0.00002768,-0.00171937
0.00068840,-0.00015758,-0.00158333
0.00068850,-0.00013215,-0.00144231
0.00068860,-0.00019225,-0.00129682
0.00068870,0.00000334,-0.00114737
0.00068880,0.00003043,-0.00099451
0.00068890,-0.00005351,-0.00083876
0.00068900,-0.00006076,-0.00068067
0.00068910,0.00001468,-0.00052080
0.00068920,0.00010505,-0.00035971
0.00068930,-0.00005138,-0.00019795
0.00068940,-0.00001509,-0.00003609
0.00068950,-0.00024832,0.00012532
0.00068960,-0.00008782,0.00028571
0.00068970,0.00005311,0.00044454
0.00068980,0.00002063,0.00060127
0.00068990,0.00010993,0.00075537
0.00069000,-0.00011881,0.00090630
0.00069010,-0.00023958,0.00105358
0.00069020,-0.00036492,0.00119669
0.00069030,-0.00033760,0.00133516
0.00069040,-0.00026995,0.00146854
0.00069050,-0.00021632,0.00159638
0.00069060,-0.00013018,0.00171827
0.00069070,-0.00009283,0.00183380
0.00069080,-0.00023455,0.00194260
0.00069090,-0.00034457,0.00204432
0.00069100,-0.00035838,0.00213864
0.00069110,-0.00025466,0.00222526
0.00069120,-0.00024562,0.00230392
0.00069130,-0.00025798,0.00237437
0.00069140,-0.00032259,0.00243640
0.00069150,-0.00034948,0.00248982
0.00069160,-0.00031300,0.00253450
0.00069170,-0.00044211,0.00257032
0.00069180,-0.00046781,0.00259717
0.00069190,-0.00036428,0.00261501
0.00069200,-0.00037465,0.00262382
0.00069210,-0.00029750,0.00262361
0.00069220,-0.00055663,0.00261440
0.00069230,-0.00043361,0.00259629
0.00069240,-0.00043400,0.00256937
0.00069250,-0.00037260,0.00253377
0.00069260,-0.00021736,0.00248967
0.00069270,-0.00034829,0.00243725
0.00069280,-0.00025303,0.00237675
0.00069290,-0.00035002,0.00230840
0.00069300,-0.00054348,0.00223249
0.00069310,-0.00038680,0.00214933
0.00069320,-0.00039398,0.00205923
0.00069330,-0.00035487,0.00196256
0.00069340,-0.00026272,0.00185967
0.00069350,-0.00025661,0.00175096
0.00069360,-0.00039782,0.00163685
0.00069370,-0.00046084,0.00151775
0.00069380,-0.00032556,0.00139412
0.00069390,-0.00026806,0.00126639
0.00069400,-0.00033468,0.00113504
0.00069410,-0.00019004,0.00100055
0.00069420,-0.00014614,0.00086339
0.00069430,-0.00022367,0.00072405
0.00069440,-0.00034246,0.00058303
0.00069450,-0.00043377,0.00044083
0.00069460,-0.00040637,0.00029792
0.00069470,-0.00030673,0.00015482
0.00069480,-0.00010689,0.00001202
0.00069490,-0.00010659,-0.00013001
0.00069500,-0.00016002,-0.00027077
0.00069510,-0.00015081,-0.00040980
0.00069520,-0.00017309,-0.00054661
0.00069530,-0.00003072,-0.00068077
0.00069540,0.00000596,-0.00081182
0.00069550,-0.00001059,-0.00093933
0.00069560,-0.00008307,-0.00106288
0.00069570,-0.00011096,-0.00118208
0.00069580,-0.00008291,-0.00129653
0.00069590,-0.00007874,-0.00140587
0.00069600,0.00000438,-0.00150975
0.00069610,0.00011414,-0.00160784
0.00069620,0.00000223,-0.00169983
0.00069630,-0.00011229,-0.00178544
0.00069640,-0.00004126,-0.00186441
0.00069650,-0.00005661,-0.00193649
0.00069660,-0.00004255,-0.00200147
0.00069670,0.00005881,-0.00205916
0.00069680,0.00016699,-0.00210940
0.00069690,-0.00000092,-0.00215204
0.00069700,0.00003178,-0.00218698
0.00069710,0.00003550,-0.00221412
0.00069720,0.00009100,-0.00223341
0.00069730,-0.00004483,-0.00224482
0.00069740,-0.00004031,-0.00224833
0.00069750,0.00003949,-0.00224397
0.00069760,0.00017633,-0.00223179
0.00069770,0.00019589,-0.00221187
0.00069780,0.00010993,-0.00218430
0.00069790,0.00014440,-0.00214922
0.00069800,0.00015247,-0.00210678
0.00069810,-0.00001439,-0.00205717
0.00069820,-0.00012070,-0.00200060
0.00069830,-0.00002612,-0.00193728
0.00069840,-0.00004195,-0.00186749
0.00069850,0.00003270,-0.00179151
0.00069860,0.00004488,-0.00170963
0.00069870,0.00013002,-0.00162218
0.00069880,0.00023350,-0.00152952
0.00069890,0.00017570,-0.00143199
0.00069900,0.00008096,-0.00132999
0.00069910,0.00003832,-0.00122391
0.00069920,-0.00009402,-0.00111416
0.00069930,0.00006300,-0.00100117
0.00069940,0.00010613,-0.00088538
0.00069950,-0.00015563,-0.00076724
0.00069960,0.00002749,-0.00064719
0.00069970,-0.00004619,-0.00052571
0.00069980,-0.00004812,-0.00040324
0.00069990,-0.00012512,-0.00028026
0.00070000,-0.00015408,-0.00015724
0.00070010,-0.00015586,-0.00003463
0.00070020,-0.00029736,0.00008710
0.00070030,-0.00021922,0.00020749
0.00070040,-0.00029574,0.00032610
0.00070050,-0.00025445,0.00044248
0.00070060,-0.00011544,0.00055621
0.00070070,-0.00019971,0.00066687
0.00070080,-0.00015700,0.00077405
0.00070090,-0.00034635,0.00087737
0.00070100,-0.00032430,0.00097645
0.00070110,-0.00038559,0.00107094
0.00070120,-0.00045453,0.00116050
0.00070130,-0.00037199,0.00124482
0.00070140,-0.00044389,0.00132361
0.00070150,-0.00032699,0.00139660
0.00070160,-0.00049340,0.00146355
0.00070170,-0.00066050,0.00152423
0.00070180,-0.00050461,0.00157847
0.00070190,-0.00036492,0.00162609
0.00070200,-0.00040695,0.00166696
0.00070210,-0.00048000,0.00170097
0.00070220,-0.00036192,0.00172804
0.00070230,-0.00058721,0.00174812
0.00070240,-0.00065655,0.00176119
0.00070250,-0.00060555,0.00176725
0.00070260,-0.00064433,0.00176634
0.00070270,-0.00058365,0.00175852
0.00070280,-0.00043447,0.00174388
0.00070290,-0.00043481,0.00172254
0.00070300,-0.00033550,0.00169466
0.00070310,-0.00047913,0.00166039
0.00070320,-0.00037477,0.00161995
0.00070330,-0.00051244,0.00157355
0.00070340,-0.00046071,0.00152145
0.00070350,-0.00043870,0.00146390
0.00070360,-0.00062463,0.00140122
0.00070370,-0.00040299,0.00133370
0.00070380,-0.00061380,0.00126169
0.00070390,-0.00037804,0.00118552
0.00070400,-0.00033440,0.00110557
0.00070410,-0.00050327,0.00102223
0.00070420,-0.00026471,0.00093587
0.00070430,-0.00032154,0.00084691
0.00070440,-0.00040362,0.00075577
0.00070450,-0.00044650,0.00066286
0.00070460,-0.00038143,0.00056861
0.00070470,-0.00014247,0.00047346
0.00070480,-0.00007752,0.00037783
0.00070490,-0.00021530,0.00028215
0.00070500,-0.00012106,0.00018685
0.00070510,-0.00008254,0.00009237
0.00070520,-0.00017239,-0.00000090
0.00070530,-0.00000706,-0.00009254
0.00070540,-0.00006100,-0.00018216
0.00070550,-0.00011725,-0.00026938
0.00070560,-0.00027791,-0.00035382
0.00070570,-0.00021758,-0.00043515
0.00070580,0.00016652,-0.00051303
0.00070590,0.00003050,-0.00058715
0.00070600,0.00001049,-0.00065723
0.00070610,-0.00004112,-0.00072299
0.00070620,-0.00012458,-0.00078420
0.00070630,-0.00001378,-0.00084064
0.00070640,0.00010138,-0.00089213
0.00070650,0.00017722,-0.00093850
0.00070660,0.00002850,-0.00097961
0.00070670,0.00004413,-0.00101536
0.00070680,0.00009559,-0.00104568
0.00070690,0.00001647,-0.00107051
0.00070700,0.00002527,-0.00108984
0.00070710,0.00018560,-0.00110366
0.00070720,0.00024318,-0.00111202
0.00070730,0.00024539,-0.00111498
0.00070740,0.00011730,-0.00111262
0.00070750,0.00021480,-0.00110508
0.00070760,0.00000102,-0.00109247
0.00070770,0.00007170,-0.00107498
0.00070780,-0.00000918,-0.00105279
0.00070790,0.00001812,-0.00102610
0.00070800,0.00007886,-0.00099516
0.00070810,0.00015728,-0.00096020
0.00070820,0.00016814,-0.00092149
0.00070830,0.00001755,-0.00087932
0.00070840,0.00014793,-0.00083399
0.00070850,-0.00000689,-0.00078580
0.00070860,0.00008128,-0.00073507
0.00070870,0.00014047,-0.00068213
0.00070880,-0.00002297,-0.00062733
0.00070890,0.00009594,-0.00057099
0.00070900,-0.00000637,-0.00051346
0.00070910,0.00020408,-0.00045509
0.00070920,0.00007981,-0.00039621
0.00070930,-0.00016828,-0.00033718
0.00070940,-0.00016687,-0.00027832
0.00070950,-0.00013729,-0.00021997
0.00070960,-0.00005184,-0.00016244
0.00070970,-0.00026749,-0.00010605
0.00070980,-0.00008882,-0.00005108
0.00070990,-0.00028790,0.00000216
0.00071000,-0.00048880,0.00005341
0.00071010,-0.00019677,0.00010242
0.00071020,-0.00026003,0.00014895
0.00071030,-0.00039183,0.00019279
0.00071040,-0.00033786,0.00023372
0.00071050,-0.00039284,0.00027159
0.00071060,-0.00020896,0.00030623
0.00071070,-0.00014704,0.00033751
0.00071080,-0.00018523,0.00036532
0.00071090,-0.00044932,0.00038958
0.00071100,-0.00046644,0.00041022
0.00071110,-0.00037707,0.00042722
0.00071120,-0.00051688,0.00044054
0.00071130,-0.00037877,0.00045022
0.00071140,-0.00042447,0.00045626
0.00071150,-0.00030717,0.00045875
0.00071160,-0.00028021,0.00045775
0.00071170,-0.00042415,0.00045336
0.00071180,-0.00040247,0.00044571
0.00071190,-0.00051948,0.00043494
0.00071200,-0.00059551,0.00042121
0.00071210,-0.00061140,0.00040470
0.00071220,-0.00048706,0.00038560
0.00071230,-0.00033753,0.00036412
0.00071240,-0.00036033,0.00034048
0.00071250,-0.00044815,0.00031493
0.00071260,-0.00041519,0.00028770
0.00071270,-0.00048567,0.00025905
0.00071280,-0.00052363,0.00022924
0.00071290,-0.00040694,0.00019854
0.00071300,-0.00040787,0.00016722
0.00071310,-0.00032861,0.00013556
0.00071320,-0.00035000,0.00010382
0.00071330,-0.00012770,0.00007227
0.00071340,-0.00018876,0.00004119
0.00071350,-0.00037695,0.00001085
0.00071360,-0.00027190,-0.00001852
0.00071370,-0.00044500,-0.00004664
0.00071380,-0.00026363,-0.00007329
0.00071390,-0.00017634,-0.00009825
0.00071400,-0.00015722,-0.00012128
0.00071410,-0.00019523,-0.00014221
0.00071420,-0.00026961,-0.00016084
0.00071430,-0.00030876,-0.00017700
0.00071440,-0.00027534,-0.00019056
0.00071450,-0.00006012,-0.00020138
0.00071460,-0.00012872,-0.00020935
0.00071470,0.00004140,-0.00021440
0.00071480,0.00005357,-0.00021645
0.00071490,-0.00005257,-0.00021546
0.00071500,0.00007429,-0.00021141
0.00071510,-0.00006285,-0.00020432
0.00071520,-0.00012214,-0.00019421
0.00071530,-0.00019359,-0.00018112
0.00071540,-0.00008810,-0.00016514
0.00071550,-0.00026241,-0.00014635
0.00071560,-0.00018087,-0.00012489
0.00071570,-0.00012122,-0.00010088
0.00071580,-0.00004328,-0.00007449
0.00071590,0.00002919,-0.00004590
0.00071600,0.00007391,-0.00001532
0.00071610,0.00017332,0.00001706
0.00071620,0.00008702,0.00005098
0.00071630,0.00019875,0.00008621
0.00071640,0.00002932,0.00012249
0.00071650,0.00020402,0.00015954
0.00071660,0.00015676,0.00019708
0.00071670,0.00027925,0.00023483
0.00071680,0.00043071,0.00027249
0.00071690,0.00027800,0.00030976
0.00071700,0.00045653,0.00034634
0.00071710,0.00024861,0.00038194
0.00071720,0.00004150,0.00041625
0.00071730,0.00016612,0.00044899
0.00071740,-0.00002812,0.00047986
0.00071750,0.00006329,0.00050857
0.00071760,0.00004860,0.00053487
0.00071770,0.00024131,0.00055850
0.00071780,0.00010648,0.00057919
0.00071790,-0.00009127,0.00059673
0.00071800,0.00005639,0.00061090
0.00071810,-0.00020082,0.00062150
0.00071820,-0.00018216,0.00062836
0.00071830,-0.00021026,0.00063133
0.00071840,-0.00023976,0.00063026
0.00071850,-0.00011174,0.00062506
0.00071860,-0.00028530,0.00061564
0.00071870,-0.00027690,0.00060194
0.00071880,-0.00028275,0.00058393
0.00071890,-0.00025370,0.00056161
0.00071900,-0.00010465,0.00053501
0.00071910,-0.00016516,0.00050417
0.00071920,-0.00021967,0.00046917
0.00071930,-0.00022937,0.00043013
0.00071940,-0.00036678,0.00038718
0.00071950,-0.00038819,0.00034047
0.00071960,-0.00023632,0.00029020
0.00071970,-0.00034540,0.00023658
0.00071980,-0.00033544,0.00017984
0.00071990,-0.00050095,0.00012024
0.00072000,-0.00041075,0.00005807
0.00072010,-0.00021058,-0.00000637
0.00072020,-0.00040656,-0.00007278
0.00072030,-0.00059261,-0.00014080
0.00072040,-0.00056890,-0.00021008
0.00072050,-0.00050669,-0.00028027
0.00072060,-0.00047685,-0.00035098
0.00072070,-0.00048298,-0.00042182
0.00072080,-0.00059560,-0.00049241
0.00072090,-0.00072868,-0.00056234
0.00072100,-0.00053299,-0.00063121
0.00072110,-0.00048601,-0.00069861
0.00072120,-0.00061679,-0.00076414
0.00072130,-0.00062232,-0.00082739
0.00072140,-0.00064598,-0.00088798
0.00072150,-0.00053846,-0.00094552
0.00072160,-0.00040560,-0.00099962
0.00072170,-0.00039350,-0.00104992
0.00072180,-0.00048401,-0.00109608
0.00072190,-0.00056703,-0.00113774
0.00072200,-0.00060173,-0.00117461
0.00072210,-0.00056414,-0.00120638
0.00072220,-0.00050940,-0.00123278
0.00072230,-0.00041381,-0.00125356
0.00072240,-0.00034290,-0.00126849
0.00072250,-0.00042276,-0.00127738
0.00072260,-0.00035792,-0.00128007
0.00072270,-0.00041622,-0.00127641
0.00072280,-0.00020482,-0.00126630
0.00072290,-0.00028660,-0.00124968
0.00072300,-0.00030992,-0.00122648
0.00072310,-0.00010364,-0.00119673
0.00072320,-0.00015429,-0.00116043
0.00072330,-0.00022097,-0.00111766
0.00072340,-0.00004992,-0.00106852
0.00072350,-0.00001718,-0.00101313
0.00072360,-0.00007655,-0.00095168
0.00072370,0.00005514,-0.00088436
0.00072380,0.00009916,-0.00081141
0.00072390,0.00013820,-0.00073310
0.00072400,0.00024176,-0.00064975
0.00072410,0.00014626,-0.00056167
0.00072420,0.00000021,-0.00046924
0.00072430,0.00007705,-0.00037285
0.00072440,0.00002741,-0.00027291
0.00072450,0.00013165,-0.00016987
0.00072460,0.00007098,-0.00006420
0.00072470,-0.00003663,0.00004363
0.00072480,0.00019840,0.00015311
0.00072490,0.00031150,0.00026372
0.00072500,0.00033580,0.00037494
0.00072510,0.00022694,0.00048622
0.00072520,0.00013147,0.00059702
0.00072530,0.00011813,0.00070678
0.00072540,0.00019005,0.00081496
0.00072550,0.00021219,0.00092101
0.00072560,0.00010648,0.00102436
0.00072570,0.00026950,0.00112449
0.00072580,0.00025661,0.00122085
0.00072590,0.00011387,0.00131294
0.00072600,0.00011732,0.00140024
0.00072610,0.00011294,0.00148227
0.00072620,0.00015932,0.00155856
0.00072630,0.00023900,0.00162867
0.00072640,0.00018802,0.00169219
0.00072650,0.00015073,0.00174871
0.00072660,0.00017902,0.00179789
0.00072670,0.00032748,0.00183940
0.00072680,0.00016856,0.00187293
0.00072690,-0.00000990,0.00189824
0.00072700,-0.00001677,0.00191511
0.00072710,-0.00008551,0.00192334
0.00072720,0.00002115,0.00192281
0.00072730,-0.00007519,0.00191341
0.00072740,-0.00009288,0.00189507
0.00072750,-0.00016765,0.00186780
0.00072760,-0.00012693,0.00183160
0.00072770,-0.00006435,0.00178655
0.00072780,-0.00021132,0.00173277
0.00072790,-0.00031187,0.00167041
0.00072800,-0.00039996,0.00159967
0.00072810,-0.00013441,0.00152078
0.00072820,-0.00022202,0.00143403
0.00072830,-0.00031708,0.00133974
0.00072840,-0.00048780,0.00123827
0.00072850,-0.00047593,0.00113003
0.00072860,-0.00035721,0.00101544
0.00072870,-0.00035159,0.00089497
0.00072880,-0.00034696,0.00076912
0.00072890,-0.00045900,0.00063844
0.00072900,-0.00038916,0.00050347
0.00072910,-0.00046138,0.00036480
0.00072920,-0.00051073,0.00022304
0.00072930,-0.00067021,0.00007882
0.00072940,-0.00072069,-0.00006723
0.00072950,-0.00079136,-0.00021443
0.00072960,-0.00062854,-0.00036213
0.00072970,-0.00063334,-0.00050964
0.00072980,-0.00065420,-0.00065628
0.00072990,-0.00081314,-0.00080138
0.00073000,-0.00073662,-0.00094425
0.00073010,-0.00066896,-0.00108421
0.00073020,-0.00062091,-0.00122060
0.00073030,-0.00049702,-0.00135275
0.00073040,-0.00067598,-0.00148004
0.00073050,-0.00058642,-0.00160184
0.00073060,-0.00063593,-0.00171753
0.00073070,-0.00051228,-0.00182655
0.00073080,-0.00059878,-0.00192834
0.00073090,-0.00054660,-0.00202237
0.00073100,-0.00036619,-0.00210815
0.00073110,-0.00041236,-0.00218522
0.00073120,-0.00021749,-0.00225317
0.00073130,-0.00047741,-0.00231159
0.00073140,-0.00055327,-0.00236016
0.00073150,-0.00055677,-0.00239856
0.00073160,-0.00054480,-0.00242655
0.00073170,-0.00046020,-0.00244392
0.00073180,-0.00038268,-0.00245049
0.00073190,-0.00040085,-0.00244616
0.00073200,-0.00044153,-0.00243086
0.00073210,-0.00059345,-0.00240458
0.00073220,-0.00041467,-0.00236734
0.00073230,-0.00041100,-0.00231923
0.00073240,-0.00024112,-0.00226039
0.00073250,-0.00024726,-0.00219099
0.00073260,-0.00040382,-0.00211127
0.00073270,-0.00023830,-0.00202151
0.00073280,-0.00026525,-0.00192205
0.00073290,-0.00004902,-0.00181325
0.00073300,-0.00002308,-0.00169553
0.00073310,-0.00012428,-0.00156937
0.00073320,-0.00019334,-0.00143526
0.00073330,-0.00016523,-0.00129375
0.00073340,-0.00013243,-0.00114544
0.00073350,-0.00010253,-0.00099093
0.00073360,0.00010462,-0.00083088
0.00073370,-0.00014764,-0.00066598
0.00073380,-0.00007787,-0.00049692
0.00073390,0.00015219,-0.00032445
0.00073400,0.00017861,-0.00014933
0.00073410,0.00020649,0.00002769
0.00073420,0.00029539,0.00020582
0.00073430,0.00026747,0.00038425
0.00073440,0.00016484,0.00056220
0.00073450,0.00009510,0.00073885
0.00073460,0.00007510,0.00091340
0.00073470,0.00020237,0.00108505
0.00073480,0.00034361,0.00125301
0.00073490,0.00028151,0.00141652
0.00073500,0.00038801,0.00157479
0.00073510,0.00046601,0.00172710
0.00073520,0.00041178,0.00187271
0.00073530,0.00039490,0.00201094
0.00073540,0.00022570,0.00214113
0.00073550,0.00022897,0.00226264
0.00073560,0.00046017,0.00237487
0.00073570,0.00035536,0.00247727
0.00073580,0.00030776,0.00256931
0.00073590,0.00011303,0.00265054
0.00073600,0.00016700,0.00272052
0.00073610,0.00015084,0.00277887
0.00073620,0.00021972,0.00282526
0.00073630,0.00011878,0.00285943
0.00073640,0.00006148,0.00288114
0.00073650,0.00018336,0.00289023
0.00073660,-0.00003857,0.00288659
0.00073670,0.00015307,0.00287017
0.00073680,0.00003002,0.00284096
0.00073690,0.00004793,0.00279903
0.00073700,0.00003358,0.00274449
0.00073710,-0.00007308,0.00267752
0.00073720,0.00009613,0.00259836
0.00073730,-0.00013436,0.00250730
0.00073740,-0.00005732,0.00240467
0.00073750,0.00012520,0.00229087
0.00073760,-0.00002867,0.00216636
0.00073770,0.00004333,0.00203163
0.00073780,-0.00014964,0.00188723
0.00073790,-0.00017980,0.00173375
0.00073800,-0.00033169,0.00157183
0.00073810,-0.00038800,0.00140216
0.00073820,-0.00053355,0.00122543
0.00073830,-0.00048554,0.00104240
0.00073840,-0.00046147,0.00085385
0.00073850,-0.00049280,0.00066058
0.00073860,-0.00040654,0.00046344
0.00073870,-0.00048414,0.00026326
0.00073880,-0.00039834,0.00006092
0.00073890,-0.00046235,-0.00014270
0.00073900,-0.00063372,-0.00034671
0.00073910,-0.00050949,-0.00055021
0.00073920,-0.00064427,-0.00075230
0.00073930,-0.00055145,-0.00095210
0.00073940,-0.00057408,-0.00114871
0.00073950,-0.00055290,-0.00134127
0.00073960,-0.00060991,-0.00152890
0.00073970,-0.00091238,-0.00171077
0.00073980,-0.00096678,-0.00188607
0.00073990,-0.00080175,-0.00205399
0.00074000,-0.00058283,-0.00221377
0.00074010,-0.00072730,-0.00236469
0.00074020,-0.00073293,-0.00250606
0.00074030,-0.00070544,-0.00263723
0.00074040,-0.00076462,-0.00275758
0.00074050,-0.00080376,-0.00286655
0.00074060,-0.00084777,-0.00296364
0.00074070,-0.00081770,-0.00304837
0.00074080,-0.00075848,-0.00312035
0.00074090,-0.00069237,-0.00317922
0.00074100,-0.00076939,-0.00322468
0.00074110,-0.00063631,-0.00325649
0.00074120,-0.00065207,-0.00327447
0.00074130,-0.00058890,-0.00327850
0.00074140,-0.00052934,-0.00326853
0.00074150,-0.00053856,-0.00324455
0.00074160,-0.00062721,-0.00320662
0.00074170,-0.00029216,-0.00315487
0.00074180,-0.00033614,-0.00308947
0.00074190,-0.00039608,-0.00301068
0.00074200,-0.00024358,-0.00291878
0.00074210,-0.00046554,-0.00281413
0.00074220,-0.00050850,-0.00269715
0.00074230,-0.00057055,-0.00256830
0.00074240,-0.00039668,-0.00242810
0.00074250,-0.00021786,-0.00227712
0.00074260,-0.00019284,-0.00211597
0.00074270,-0.00009747,-0.00194532
0.00074280,-0.00013158,-0.00176586
0.00074290,-0.00014085,-0.00157834
0.00074300,-0.00017604,-0.00138353
0.00074310,-0.00013600,-0.00118224
0.00074320,0.00006428,-0.00097533
0.00074330,0.00011722,-0.00076364
0.00074340,0.00016528,-0.00054806
0.00074350,0.00006241,-0.00032951
0.00074360,0.00023184,-0.00010890
0.00074370,0.00033340,0.00011285
0.00074380,0.00018011,0.00033479
0.00074390,0.00015274,0.00055599
0.00074400,0.00016594,0.00077552
0.00074410,0.00039516,0.00099245
0.00074420,0.00027811,0.00120585
0.00074430,0.00023826,0.00141483
0.00074440,0.00026377,0.00161850
0.00074450,0.00024067,0.00181600
0.00074460,0.00015786,0.00200648
0.00074470,0.00028677,0.00218914
0.00074480,0.00020957,0.00236320
0.00074490,0.00032753,0.00252792
0.00074500,0.00036437,0.00268260
0.00074510,0.00019024,0.00282656
0.00074520,0.00023191,0.00295921
0.00074530,0.00020134,0.00307997
0.00074540,0.00026493,0.00318831
0.00074550,0.00022558,0.00328377
0.00074560,0.00042686,0.00336594
0.00074570,0.00025810,0.00343446
0.00074580,0.00043603,0.00348902
0.00074590,0.00045102,0.00352939
0.00074600,0.00037147,0.00355537
0.00074610,0.00025020,0.00356684
0.00074620,0.00011381,0.00356375
0.00074630,0.00019150,0.00354608
0.00074640,0.00008245,0.00351390
0.00074650,0.00035294,0.00346732
0.00074660,0.00026839,0.00340653
0.00074670,0.00015612,0.00333177
0.00074680,-0.00008935,0.00324334
0.00074690,-0.00001799,0.00314158
0.00074700,-0.00017348,0.00302691
0.00074710,-0.00031486,0.00289980
0.00074720,-0.00011839,0.00276076
0.00074730,-0.00024810,0.00261036
0.00074740,-0.00010752,0.00244920
0.00074750,-0.00021667,0.00227795
0.00074760,-0.00022499,0.00209730
0.00074770,-0.00032791,0.00190800
0.00074780,-0.00029758,0.00171080
0.00074790,-0.00039690,0.00150653
0.00074800,-0.00036701,0.00129601
0.00074810,-0.00031639,0.00108011
0.00074820,-0.00044017,0.00085970
0.00074830,-0.00036203,0.00063569
0.00074840,-0.00034418,0.00040898
0.00074850,-0.00030257,0.00018051
0.00074860,-0.00054187,-0.00004879
0.00074870,-0.00072360,-0.00027800
0.00074880,-0.00073508,-0.00050618
0.00074890,-0.00080938,-0.00073241
0.00074900,-0.00075644,-0.00095576
0.00074910,-0.00064441,-0.00117535
0.00074920,-0.00072730,-0.00139027
0.00074930,-0.00069168,-0.00159967
0.00074940,-0.00070964,-0.00180271
0.00074950,-0.00085079,-0.00199857
0.00074960,-0.00072001,-0.00218647
0.00074970,-0.00100817,-0.00236567
0.00074980,-0.00103623,-0.00253545
0.00074990,-0.00106784,-0.00269516
0.00075000,-0.00099308,-0.00284416
0.00075010,-0.00079438,-0.00298187
0.00075020,-0.00083343,-0.00310775
0.00075030,-0.00082109,-0.00322133
0.00075040,-0.00067872,-0.00332217
0.00075050,-0.00062208,-0.00340988
0.00075060,-0.00062111,-0.00348414
0.00075070,-0.00071090,-0.00354467
0.00075080,-0.00067425,-0.00359126
0.00075090,-0.00065826,-0.00362374
0.00075100,-0.00060541,-0.00364201
0.00075110,-0.00073798,-0.00364602
0.00075120,-0.00057430,-0.00363579
0.00075130,-0.00049036,-0.00361136
0.00075140,-0.00047492,-0.00357288
0.00075150,-0.00028448,-0.00352050
0.00075160,-0.00038561,-0.00345446
0.00075170,-0.00039118,-0.00337505
0.00075180,-0.00022113,-0.00328259
0.00075190,-0.00053801,-0.00317747
0.00075200,-0.00047701,-0.00306014
0.00075210,-0.00027863,-0.00293105
0.00075220,-0.00034647,-0.00279075
0.00075230,-0.00011801,-0.00263980
0.00075240,-0.00013477,-0.00247880
0.00075250,-0.00020280,-0.00230841
0.00075260,-0.00010082,-0.00212929
0.00075270,-0.00017768,-0.00194217
0.00075280,0.00002210,-0.00174779
0.00075290,0.00009786,-0.00154691
0.00075300,-0.00001232,-0.00134033
0.00075310,0.00009535,-0.00112886
0.00075320,0.00010038,-0.00091333
0.00075330,0.00010722,-0.00069460
0.00075340,0.00017368,-0.00047351
0.00075350,0.00011261,-0.00025093
0.00075360,0.00023013,-0.00002773
0.00075370,0.00025210,0.00019523
0.00075380,0.00012870,0.00041706
0.00075390,0.00013100,0.00063692
0.00075400,0.00034767,0.00085395
0.00075410,0.00017638,0.00106731
0.00075420,0.00013745,0.00127618
0.00075430,0.00030749,0.00147975
0.00075440,0.00019572,0.00167724
0.00075450,0.00006825,0.00186789
0.00075460,0.00019357,0.00205097
0.00075470,0.00026346,0.00222579
0.00075480,0.00024306,0.00239168
0.00075490,0.00040963,0.00254801
0.00075500,0.00036156,0.00269420
0.00075510,0.00030689,0.00282969
0.00075520,0.00022613,0.00295398
0.00075530,0.00006462,0.00306662
0.00075540,0.00012766,0.00316718
0.00075550,0.00025407,0.00325530
0.00075560,0.00006184,0.00333067
0.00075570,0.00001854,0.00339302
0.00075580,0.00000866,0.00344214
0.00075590,0.00017210,0.00347786
0.00075600,-0.00009501,0.00350008
0.00075610,0.00010908,0.00350874
0.00075620,0.00009539,0.00350384
0.00075630,-0.00011312,0.00348542
0.00075640,-0.00009391,0.00345359
0.00075650,-0.00030401,0.00340851
0.00075660,-0.00013416,0.00335038
0.00075670,0.00005101,0.00327945
0.00075680,-0.00003734,0.00319604
0.00075690,-0.00001358,0.00310050
0.00075700,0.00000675,0.00299322
0.00075710,-0.00008626,0.00287467
0.00075720,0.00009855,0.00274532
0.00075730,-0.00021723,0.00260571
0.00075740,-0.00030806,0.00245641
0.00075750,-0.00028971,0.00229803
0.00075760,-0.00033959,0.00213120
0.00075770,-0.00016135,0.00195661
0.00075780,-0.00041835,0.00177496
0.00075790,-0.00046023,0.00158697
0.00075800,-0.00050779,0.00139340
0.00075810,-0.00051587,0.00119502
0.00075820,-0.00029966,0.00099262
0.00075830,-0.00038160,0.00078700
0.00075840,-0.00035334,0.00057898
0.00075850,-0.00054840,0.00036938
0.00075860,-0.00065785,0.00015902
0.00075870,-0.00045112,-0.00005127
0.00075880,-0.00048864,-0.00026067
0.00075890,-0.00045117,-0.00046836
0.00075900,-0.00044792,-0.00067353
0.00075910,-0.00035732,-0.00087539
0.00075920,-0.00036096,-0.00107315
0.00075930,-0.00056001,-0.00126605
0.00075940,-0.00062838,-0.00145336
0.00075950,-0.00058727,-0.00163435
0.00075960,-0.00060868,-0.00180832
0.00075970,-0.00051222,-0.00197463
0.00075980,-0.00038447,-0.00213264
0.00075990,-0.00050139,-0.00228175
0.00076000,-0.00045774,-0.00242140
0.00076010,-0.00074991,-0.00255107
0.00076020,-0.00055919,-0.00267029
0.00076030,-0.00050583,-0.00277860
0.00076040,-0.00048561,-0.00287563
0.00076050,-0.00036661,-0.00296101
0.00076060,-0.00048107,-0.00303445
0.00076070,-0.00037455,-0.00309569
0.00076080,-0.00058748,-0.00314452
0.00076090,-0.00043590,-0.00318078
0.00076100,-0.00043747,-0.00320437
0.00076110,-0.00044037,-0.00321524
0.00076120,-0.00017627,-0.00321336
0.00076130,-0.00026370,-0.00319879
0.00076140,-0.00034562,-0.00317162
0.00076150,-0.00008955,-0.00313199
0.00076160,0.00004673,-0.00308009
0.00076170,-0.00004398,-0.00301617
0.00076180,-0.00004456,-0.00294050
0.00076190,-0.00014702,-0.00285342
0.00076200,-0.00019975,-0.00275532
0.00076210,-0.00015116,-0.00264660
0.00076220,-0.00006555,-0.00252772
0.00076230,0.00006829,-0.00239920
0.00076240,0.00003989,-0.00226157
0.00076250,-0.00005356,-0.00211541
0.00076260,-0.00013600,-0.00196131
0.00076270,-0.00009166,-0.00179993
0.00076280,-0.00010691,-0.00163191
0.00076290,-0.00005405,-0.00145797
0.00076300,0.00005285,-0.00127881
0.00076310,0.00001638,-0.00109515
0.00076320,-0.00004041,-0.00090776
0.00076330,0.00017450,-0.00071740
0.00076340,0.00010018,-0.00052483
0.00076350,0.00007101,-0.00033084
0.00076360,0.00019007,-0.00013621
0.00076370,0.00010526,0.00005828
0.00076380,0.00016791,0.00025183
0.00076390,0.00009534,0.00044369
0.00076400,0.00000814,0.00063308
0.00076410,0.00023003,0.00081923
0.00076420,0.00006193,0.00100143
0.00076430,0.00006170,0.00117893
0.00076440,0.00000273,0.00135103
0.00076450,0.00010608,0.00151707
0.00076460,0.00006632,0.00167638
0.00076470,0.00019558,0.00182833
0.00076480,0.00016608,0.00197234
0.00076490,0.00013997,0.00210784
0.00076500,-0.00009561,0.00223431
0.00076510,-0.00024826,0.00235126
0.00076520,-0.00004048,0.00245823
0.00076530,-0.00018549,0.00255483
0.00076540,0.00001281,0.00264068
0.00076550,0.00001218,0.00271546
0.00076560,-0.00001165,0.00277891
0.00076570,-0.00008679,0.00283079
0.00076580,-0.00002367,0.00287092
0.00076590,0.00000259,0.00289918
0.00076600,-0.00018438,0.00291546
0.00076610,-0.00012683,0.00291975
0.00076620,-0.00019893,0.00291206
0.00076630,-0.00014646,0.00289244
0.00076640,-0.00006346,0.00286100
0.00076650,-0.00013506,0.00281791
0.00076660,-0.00018398,0.00276337
0.00076670,-0.00008978,0.00269762
0.00076680,-0.00012313,0.00262095
0.00076690,-0.00007515,0.00253371
0.00076700,-0.00027028,0.00243626
0.00076710,-0.00026350,0.00232903
0.00076720,-0.00032390,0.00221247
0.00076730,-0.00037413,0.00208707
0.00076740,-0.00031057,0.00195336
0.00076750,-0.00021032,0.00181189
0.00076760,-0.00008803,0.00166325
0.00076770,-0.00018911,0.00150806
0.00076780,-0.00032609,0.00134695
0.00076790,-0.00030299,0.00118060
0.00076800,-0.00024264,0.00100968
0.00076810,-0.00029434,0.00083490
0.00076820,-0.00028459,0.00065696
0.00076830,-0.00036055,0.00047661
0.00076840,-0.00041172,0.00029457
0.00076850,-0.00037255,0.00011158
0.00076860,-0.00033484,-0.00007160
0.00076870,-0.00030254,-0.00025424
0.00076880,-0.00022911,-0.00043560
0.00076890,-0.00023196,-0.00061493
0.00076900,-0.00024088,-0.00079152
0.00076910,-0.00014837,-0.00096464
0.00076920,-0.00045047,-0.00113361
0.00076930,-0.00058258,-0.00129773
0.00076940,-0.00065120,-0.00145634
0.00076950,-0.00067570,-0.00160880
0.00076960,-0.00040846,-0.00175451
0.00076970,-0.00035993,-0.00189286
0.00076980,-0.00023809,-0.00202331
0.00076990,-0.00029206,-0.00214532
0.00077000,-0.00031678,-0.00225841
0.00077010,-0.00041148,-0.00236211
0.00077020,-0.00044773,-0.00245600
0.00077030,-0.00033400,-0.00253971
0.00077040,-0.00024502,-0.00261289
0.00077050,-0.00017062,-0.00267524
0.00077060,-0.00040004,-0.00272651
0.00077070,-0.00033305,-0.00276650
0.00077080,-0.00028368,-0.00279502
0.00077090,-0.00027894,-0.00281197
0.00077100,-0.00026960,-0.00281727
0.00077110,-0.00053505,-0.00281089
0.00077120,-0.00036745,-0.00279286
0.00077130,-0.00034915,-0.00276323
0.00077140,-0.00016029,-0.00272213
0.00077150,0.00000733,-0.00266972
0.00077160,-0.00002408,-0.00260620
0.00077170,0.00006272,-0.00253183
0.00077180,-0.00007515,-0.00244690
0.00077190,0.00004525,-0.00235177
0.00077200,-0.00013926,-0.00224681
0.00077210,-0.00013811,-0.00213245
0.00077220,0.00002352,-0.00200915
0.00077230,-0.00017119,-0.00187742
0.00077240,0.00000226,-0.00173779
0.00077250,-0.00014089,-0.00159083
0.00077260,-0.00022133,-0.00143715
0.00077270,-0.00004541,-0.00127738
0.00077280,-0.00001143,-0.00111216
0.00077290,-0.00000688,-0.00094219
0.00077300,-0.00013682,-0.00076815
0.00077310,-0.00001659,-0.00059077
0.00077320,-0.00020103,-0.00041077
0.00077330,-0.00004367,-0.00022890
0.00077340,-0.00003742,-0.00004591
0.00077350,-0.00023962,0.00013744
0.00077360,-0.00014873,0.00032040
0.00077370,-0.00027319,0.00050220
0.00077380,-0.00017748,0.00068210
0.00077390,-0.00018999,0.00085935
0.00077400,-0.00016839,0.00103322
0.00077410,-0.00007710,0.00120297
0.00077420,0.00004448,0.00136792
0.00077430,0.00011465,0.00152736
0.00077440,-0.00012662,0.00168064
0.00077450,-0.00000640,0.00182713
0.00077460,0.00005039,0.00196620
0.00077470,-0.00001102,0.00209728
0.00077480,-0.00019798,0.00221982
0.00077490,-0.00007218,0.00233331
0.00077500,-0.00001635,0.00243729
0.00077510,0.00002714,0.00253131
0.00077520,-0.00005580,0.00261498
0.00077530,-0.00010778,0.00268795
0.00077540,-0.00008757,0.00274993
0.00077550,-0.00021313,0.00280065
0.00077560,-0.00016278,0.00283991
0.00077570,-0.00025535,0.00286753
0.00077580,-0.00035166,0.00288342
0.00077590,-0.00034297,0.00288750
0.00077600,-0.00039973,0.00287976
0.00077610,-0.00040285,0.00286024
0.00077620,-0.00023169,0.00282902
0.00077630,-0.00024109,0.00278625
0.00077640,-0.00038233,0.00273210
0.00077650,-0.00045978,0.00266680
0.00077660,-0.00015737,0.00259064
0.00077670,-0.00014608,0.00250394
0.00077680,-0.00023090,0.00240706
0.00077690,-0.00029221,0.00230042
0.00077700,-0.00055675,0.00218445
0.00077710,-0.00044070,0.00205967
0.00077720,-0.00040127,0.00192657
0.00077730,-0.00019971,0.00178574
0.00077740,-0.00021154,0.00163774
0.00077750,-0.00015817,0.00148321
0.00077760,-0.00025334,0.00132279
0.00077770,-0.00027889,0.00115715
0.00077780,-0.00033563,0.00098697
0.00077790,-0.00048467,0.00081296
0.00077800,-0.00031146,0.00063585
0.00077810,-0.00027078,0.00045636
0.00077820,-0.00027331,0.00027524
0.00077830,-0.00017514,0.00009323
0.00077840,-0.00026250,-0.00008891
0.00077850,-0.00020092,-0.00027044
0.00077860,-0.00009104,-0.00045061
0.00077870,-0.00010318,-0.00062870
0.00077880,0.00007800,-0.00080396
0.00077890,0.00001575,-0.00097568
0.00077900,-0.00019575,-0.00114318
0.00077910,-0.00008696,-0.00130576
0.00077920,-0.00026053,-0.00146278
0.00077930,-0.00028083,-0.00161361
0.00077940,-0.00019128,-0.00175763
0.00077950,-0.00028941,-0.00189429
0.00077960,-0.00041052,-0.00202303
0.00077970,-0.00030995,-0.00214335
0.00077980,-0.00039519,-0.00225479
0.00077990,-0.00021327,-0.00235692
0.00078000,-0.00007732,-0.00244934
0.00078010,-0.00018166,-0.00253171
0.00078020,-0.00008870,-0.00260374
0.00078030,-0.00012643,-0.00266516
0.00078040,0.00000252,-0.00271577
0.00078050,0.00002366,-0.00275540
0.00078060,-0.00018672,-0.00278393
0.00078070,-0.00012466,-0.00280130
0.00078080,0.00002239,-0.00280748
0.00078090,0.00000587,-0.00280250
0.00078100,0.00017007,-0.00278642
0.00078110,0.00000730,-0.00275937
0.00078120,-0.00011044,-0.00272151
0.00078130,-0.00005986,-0.00267304
0.00078140,-0.00001676,-0.00261422
0.00078150,0.00008235,-0.00254534
0.00078160,0.00018544,-0.00246672
0.00078170,0.00009169,-0.00237876
0.00078180,0.00003348,-0.00228184
0.00078190,0.00014996,-0.00217643
0.00078200,-0.00002442,-0.00206299
0.00078210,-0.00015699,-0.00194204
0.00078220,-0.00032721,-0.00181413
0.00078230,-0.00017644,-0.00167980
0.00078240,-0.00007694,-0.00153966
0.00078250,-0.00012435,-0.00139431
0.00078260,-0.00025020,-0.00124438
0.00078270,-0.00022559,-0.00109052
0.00078280,-0.00020637,-0.00093339
0.00078290,-0.00033889,-0.00077365
0.00078300,-0.00016600,-0.00061197
0.00078310,-0.00008879,-0.00044904
0.00078320,-0.00010879,-0.00028552
0.00078330,-0.00012753,-0.00012210
0.00078340,0.00000467,0.00004056
0.00078350,-0.00010936,0.00020180
0.00078360,-0.00007166,0.00036096
0.00078370,-0.00025939,0.00051742
0.00078380,-0.00035418,0.00067055
0.00078390,-0.00047400,0.00081977
0.00078400,-0.00052186,0.00096449
0.00078410,-0.00027326,0.00110416
0.00078420,-0.00048322,0.00123827
0.00078430,-0.00053401,0.00136631
0.00078440,-0.00053327,0.00148783
0.00078450,-0.00058252,0.00160240
0.00078460,-0.00055527,0.00170962
0.00078470,-0.00045020,0.00180913
0.00078480,-0.00042726,0.00190060
0.00078490,-0.00045276,0.00198376
0.00078500,-0.00037476,0.00205835
0.00078510,-0.00042916,0.00212417
0.00078520,-0.00044073,0.00218106
0.00078530,-0.00047947,0.00222888
0.00078540,-0.00042630,0.00226756
0.00078550,-0.00061609,0.00229703
0.00078560,-0.00051559,0.00231730
0.00078570,-0.00034034,0.00232840
0.00078580,-0.00043201,0.00233040
0.00078590,-0.00018521,0.00232341
0.00078600,-0.00041971,0.00230757
0.00078610,-0.00031047,0.00228306
0.00078620,-0.00039094,0.00225010
0.00078630,-0.00030565,0.00220894
0.00078640,-0.00036297,0.00215985
0.00078650,-0.00050717,0.00210314
0.00078660,-0.00029049,0.00203916
0.00078670,-0.00047912,0.00196825
0.00078680,-0.00033618,0.00189081
0.00078690,-0.00040624,0.00180724
0.00078700,-0.00044665,0.00171798
0.00078710,-0.00036128,0.00162346
0.00078720,-0.00044325,0.00152414
0.00078730,-0.00022063,0.00142051
0.00078740,-0.00036315,0.00131304
0.00078750,-0.00019759,0.00120222
0.00078760,-0.00009297,0.00108856
0.00078770,-0.00024490,0.00097256
0.00078780,0.00005795,0.00085472
0.00078790,-0.00017599,0.00073555
0.00078800,-0.00005819,0.00061555
0.00078810,-0.00002005,0.00049521
0.00078820,-0.00020579,0.00037504
0.00078830,0.00004999,0.00025550
0.00078840,0.00011996,0.00013707
0.00078850,0.00001059,0.00002021
0.00078860,-0.00011797,-0.00009464
0.00078870,0.00001257,-0.00020705
0.00078880,-0.00010750,-0.00031662
0.00078890,-0.00013247,-0.00042296
0.00078900,-0.00003150,-0.00052570
0.00078910,0.00005920,-0.00062450
0.00078920,0.00006669,-0.00071903
0.00078930,-0.00003098,-0.00080900
0.00078940,-0.00007097,-0.00089414
0.00078950,0.00006449,-0.00097420
0.00078960,0.00014440,-0.00104897
0.00078970,0.00006192,-0.00111826
0.00078980,0.00006422,-0.00118190
0.00078990,0.00010707,-0.00123976
0.00079000,0.00035473,-0.00129173
0.00079010,0.00020860,-0.00133773
0.00079020,0.00007198,-0.00137771
0.00079030,0.00008590,-0.00141164
0.00079040,0.00016044,-0.00143952
0.00079050,0.00007899,-0.00146139
0.00079060,0.00002799,-0.00147729
0.00079070,0.00004890,-0.00148730
0.00079080,-0.00008904,-0.00149153
0.00079090,0.00000650,-0.00149010
0.00079100,-0.00012319,-0.00148316
0.00079110,-0.00012029,-0.00147088
0.00079120,-0.00000210,-0.00145344
0.00079130,-0.00005329,-0.00143105
0.00079140,-0.00004777,-0.00140395
0.00079150,0.00005964,-0.00137237
0.00079160,-0.00015872,-0.00133656
0.00079170,-0.00006183,-0.00129681
0.00079180,0.00009583,-0.00125338
0.00079190,0.00004825,-0.00120658
0.00079200,0.00005767,-0.00115669
0.00079210,0.00000164,-0.00110404
0.00079220,-0.00000704,-0.00104892
0.00079230,-0.00000139,-0.00099165
0.00079240,-0.00006172,-0.00093255
0.00079250,-0.00012396,-0.00087193
0.00079260,-0.00017425,-0.00081011
0.00079270,-0.00031147,-0.00074740
0.00079280,-0.00018117,-0.00068410
0.00079290,-0.00028775,-0.00062051
0.00079300,-0.00035511,-0.00055692
0.00079310,-0.00040670,-0.00049361
0.00079320,-0.00034567,-0.00043087
0.00079330,-0.00033958,-0.00036893
0.00079340,-0.00048381,-0.00030806
0.00079350,-0.00029979,-0.00024849
0.00079360,-0.00028932,-0.00019043
0.00079370,-0.00043624,-0.00013408
0.00079380,-0.00034034,-0.00007964
0.00079390,-0.00047820,-0.00002728
0.00079400,-0.00040790,0.00002286
0.00079410,-0.00029910,0.00007063
0.00079420,-0.00042012,0.00011593
0.00079430,-0.00059952,0.00015866
0.00079440,-0.00053890,0.00019873
0.00079450,-0.00062933,0.00023610
0.00079460,-0.00056701,0.00027071
0.00079470,-0.00047830,0.00030255
0.00079480,-0.00062173,0.00033161
0.00079490,-0.00051614,0.00035791
0.00079500,-0.00065273,0.00038147
0.00079510,-0.00057001,0.00040236
0.00079520,-0.00049537,0.00042062
0.00079530,-0.00055301,0.00043633
0.00079540,-0.00060540,0.00044960
0.00079550,-0.00070577,0.00046052
0.00079560,-0.00069807,0.00046921
0.00079570,-0.00062191,0.00047580
0.00079580,-0.00057760,0.00048042
0.00079590,-0.00057158,0.00048321
0.00079600,-0.00065050,0.00048433
0.00079610,-0.00069305,0.00048394
0.00079620,-0.00041306,0.00048219
0.00079630,-0.00052429,0.00047925
0.00079640,-0.00071616,0.00047528
0.00079650,-0.00063332,0.00047046
0.00079660,-0.00061486,0.00046493
0.00079670,-0.00054661,0.00045888
0.00079680,-0.00035640,0.00045246
0.00079690,-0.00037345,0.00044582
0.00079700,-0.00019728,0.00043912
0.00079710,-0.00028061,0.00043250
0.00079720,-0.00022718,0.00042610
0.00079730,-0.00019041,0.00042005
0.00079740,-0.00045856,0.00041445
0.00079750,-0.00005977,0.00040943
0.00079760,-0.00024045,0.00040507
0.00079770,-0.00032742,0.00040146
0.00079780,-0.00012226,0.00039868
0.00079790,-0.00029648,0.00039677
0.00079800,-0.00004056,0.00039579
0.00079810,0.00013053,0.00039577
0.00079820,0.00015260,0.00039672
0.00079830,0.00017558,0.00039864
0.00079840,0.00002025,0.00040152
0.00079850,0.00008055,0.00040534
0.00079860,-0.00007358,0.00041005
0.00079870,-0.00001129,0.00041561
0.00079880,0.00007297,0.00042193
0.00079890,0.00023862,0.00042895
0.00079900,0.00039913,0.00043656
0.00079910,0.00031032,0.00044467
0.00079920,0.00026129,0.00045316
0.00079930,0.00017830,0.00046190
0.00079940,0.00022665,0.00047076
0.00079950,0.00021783,0.00047960
0.00079960,0.00040225,0.00048828
0.00079970,0.00048261,0.00049663
0.00079980,0.00038828,0.00050450
0.00079990,0.00030585,0.00051174
0.00080000,0.00019899,0.00051817
0.00080010,0.00035911,0.00052364
0.00080020,0.00037498,0.00052797
0.00080030,0.00026284,0.00053102
0.00080040,0.00023786,0.00053262
0.00080050,0.00006284,0.00053262
0.00080060,0.00015726,0.00053086
0.00080070,0.00021988,0.00052721
0.00080080,0.00010079,0.00052152
0.00080090,0.00017059,0.00051368
0.00080100,0.00001991,0.00050356
0.00080110,0.00002139,0.00049106
0.00080120,0.00009516,0.00047609
0.00080130,0.00007579,0.00045856
0.00080140,0.00001000,0.00043841
0.00080150,-0.00002668,0.00041558
0.00080160,-0.00011510,0.00039003
0.00080170,-0.00036758,0.00036174
0.00080180,-0.00016672,0.00033071
0.00080190,-0.00006970,0.00029693
0.00080200,-0.00011242,0.00026044
0.00080210,-0.00002947,0.00022129
0.00080220,-0.00024338,0.00017952
0.00080230,-0.00041592,0.00013523
0.00080240,-0.00038487,0.00008850
0.00080250,-0.00053749,0.00003946
0.00080260,-0.00042421,-0.00001177
0.00080270,-0.00030622,-0.00006504
0.00080280,-0.00055377,-0.00012017
0.00080290,-0.00053376,-0.00017698
0.00080300,-0.00039417,-0.00023528
0.00080310,-0.00065654,-0.00029484
0.00080320,-0.00055372,-0.00035545
0.00080330,-0.00054011,-0.00041684
0.00080340,-0.00065683,-0.00047878
0.00080350,-0.00042834,-0.00054098
0.00080360,-0.00068810,-0.00060316
0.00080370,-0.00061086,-0.00066505
0.00080380,-0.00057050,-0.00072634
0.00080390,-0.00046331,-0.00078674
0.00080400,-0.00041080,-0.00084593
0.00080410,-0.00061311,-0.00090360
0.00080420,-0.00062449,-0.00095945
0.00080430,-0.00090281,-0.00101316
0.00080440,-0.00082626,-0.00106443
0.00080450,-0.00074671,-0.00111293
0.00080460,-0.00104483,-0.00115838
0.00080470,-0.00077514,-0.00120048
0.00080480,-0.00084366,-0.00123895
0.00080490,-0.00064258,-0.00127349
0.00080500,-0.00068047,-0.00130386
0.00080510,-0.00073726,-0.00132980
0.00080520,-0.00070979,-0.00135107
0.00080530,-0.00061668,-0.00136745
0.00080540,-0.00051410,-0.00137874
0.00080550,-0.00061610,-0.00138476
0.00080560,-0.00033328,-0.00138533
0.00080570,-0.00049448,-0.00138033
0.00080580,-0.00028036,-0.00136962
0.00080590,-0.00037407,-0.00135312
0.00080600,-0.00043673,-0.00133075
0.00080610,-0.00041074,-0.00130247
0.00080620,-0.00056193,-0.00126827
0.00080630,-0.00042085,-0.00122816
0.00080640,-0.00039460,-0.00118217
0.00080650,-0.00034081,-0.00113037
0.00080660,-0.00020632,-0.00107288
0.00080670,-0.00036552,-0.00100980
0.00080680,-0.00019960,-0.00094131
0.00080690,-0.00024839,-0.00086759
0.00080700,-0.00004259,-0.00078887
0.00080710,0.00004486,-0.00070539
0.00080720,-0.00016264,-0.00061742
0.00080730,-0.00008791,-0.00052528
0.00080740,-0.00000596,-0.00042929
0.00080750,0.00010537,-0.00032981
0.00080760,-0.00002964,-0.00022722
0.00080770,0.00015695,-0.00012193
0.00080780,0.00042100,-0.00001435
0.00080790,0.00030036,0.00009506
0.00080800,0.00036882,0.00020585
0.00080810,0.00027844,0.00031754
0.00080820,0.00042602,0.00042965
0.00080830,0.00031120,0.00054168
0.00080840,0.00033015,0.00065313
0.00080850,0.00039356,0.00076348
0.00080860,0.00023995,0.00087223
0.00080870,0.00026875,0.00097885
0.00080880,0.00015255,0.00108285
0.00080890,0.00029272,0.00118371
0.00080900,0.00024912,0.00128095
0.00080910,0.00012701,0.00137405
0.00080920,0.00007024,0.00146257
0.00080930,0.00004065,0.00154602
0.00080940,0.00012444,0.00162398
0.00080950,0.00020453,0.00169601
0.00080960,0.00038329,0.00176172
0.00080970,0.00031301,0.00182072
0.00080980,0.00025793,0.00187268
0.00080990,0.00006102,0.00191726
0.00081000,-0.00009376,0.00195418
0.00081010,-0.00005406,0.00198317
0.00081020,-0.00001519,0.00200402
0.00081030,0.00006078,0.00201652
0.00081040,0.00006525,0.00202054
0.00081050,0.00010813,0.00201596
0.00081060,0.00011755,0.00200269
0.00081070,0.00002473,0.00198071
0.00081080,-0.00004101,0.00195001
0.00081090,-0.00013466,0.00191063
0.00081100,-0.00031873,0.00186267
0.00081110,-0.00021604,0.00180623
0.00081120,-0.00024722,0.00174150
0.00081130,-0.00034267,0.00166866
0.00081140,-0.00017257,0.00158795
0.00081150,-0.00048077,0.00149967
0.00081160,-0.00048375,0.00140412
0.00081170,-0.00051270,0.00130166
0.00081180,-0.00037852,0.00119268
0.00081190,-0.00043002,0.00107760
0.00081200,-0.00045076,0.00095688
0.00081210,-0.00034654,0.00083101
0.00081220,-0.00034278,0.00070050
0.00081230,-0.00045567,0.00056589
0.00081240,-0.00049073,0.00042775
0.00081250,-0.00036670,0.00028667
0.00081260,-0.00051478,0.00014326
0.00081270,-0.00051295,-0.00000185
0.00081280,-0.00065607,-0.00014803
0.00081290,-0.00050641,-0.00029463
0.00081300,-0.00055235,-0.00044099
0.00081310,-0.00061430,-0.00058645
0.00081320,-0.00067591,-0.00073034
0.00081330,-0.00088284,-0.00087200
0.00081340,-0.00088957,-0.00101077
0.00081350,-0.00089962,-0.00114600
0.00081360,-0.00079103,-0.00127706
0.00081370,-0.00058180,-0.00140332
0.00081380,-0.00059526,-0.00152418
0.00081390,-0.00059627,-0.00163903
0.00081400,-0.00065342,-0.00174733
0.00081410,-0.00073808,-0.00184853
0.00081420,-0.00057683,-0.00194212
0.00081430,-0.00053335,-0.00202763
0.00081440,-0.00061624,-0.00210460
0.00081450,-0.00045792,-0.00217263
0.00081460,-0.00052984,-0.00223135
0.00081470,-0.00038289,-0.00228042
0.00081480,-0.00048865,-0.00231957
0.00081490,-0.00041526,-0.00234853
0.00081500,-0.00045673,-0.00236713
0.00081510,-0.00050981,-0.00237520
0.00081520,-0.00046702,-0.00237264
0.00081530,-0.00049259,-0.00235940
0.00081540,-0.00047229,-0.00233547
0.00081550,-0.00046409,-0.00230090
0.00081560,-0.00037428,-0.00225578
0.00081570,-0.00037327,-0.00220026
0.00081580,-0.00029186,-0.00213454
0.00081590,-0.00023978,-0.00205887
0.00081600,-0.00021407,-0.00197353
0.00081610,-0.00006069,-0.00187887
0.00081620,-0.00007309,-0.00177528
0.00081630,-0.00014181,-0.00166319
0.00081640,-0.00001259,-0.00154307
0.00081650,0.00006865,-0.00141544
0.00081660,0.00017316,-0.00128086
0.00081670,0.00020346,-0.00113990
0.00081680,0.00018636,-0.00099319
0.00081690,0.00036166,-0.00084138
0.00081700,0.00031390,-0.00068515
0.00081710,0.00043088,-0.00052520
0.00081720,0.00012685,-0.00036226
0.00081730,0.00028076,-0.00019706
0.00081740,0.00033007,-0.00003037
0.00081750,0.00018815,0.00013707
0.00081760,0.00017413,0.00030447
0.00081770,0.00015008,0.00047106
0.00081780,0.00012870,0.00063606
0.00081790,-0.00002579,0.00079871
0.00081800,-0.00004341,0.00095824
0.00081810,0.00021543,0.00111390
0.00081820,0.00034714,0.00126495
0.00081830,0.00035117,0.00141068
0.00081840,0.00033628,0.00155039
0.00081850,0.00028604,0.00168340
0.00081860,0.00021643,0.00180907
0.00081870,0.00004617,0.00192680
0.00081880,0.00010576,0.00203600
0.00081890,0.00011399,0.00213613
0.00081900,0.00028557,0.00222670
0.00081910,0.00014880,0.00230724
0.00081920,0.00025357,0.00237734
0.00081930,0.00022897,0.00243664
0.00081940,0.00016696,0.00248482
0.00081950,0.00023058,0.00252160
0.00081960,0.00007289,0.00254678
0.00081970,0.00023307,0.00256019
0.00081980,-0.00010228,0.00256173
0.00081990,-0.00004389,0.00255134
0.00082000,0.00024860,0.00252901
0.00082010,0.00011990,0.00249482
0.00082020,0.00012962,0.00244887
0.00082030,-0.00013522,0.00239134
0.00082040,-0.00036879,0.00232243
0.00082050,-0.00021838,0.00224244
0.00082060,-0.00018603,0.00215168
0.00082070,-0.00001248,0.00205054
0.00082080,-0.00018754,0.00193945
0.00082090,-0.00031001,0.00181888
0.00082100,-0.00021743,0.00168937
0.00082110,-0.00018750,0.00155147
0.00082120,-0.00009345,0.00140580
0.00082130,-0.00037867,0.00125300
0.00082140,-0.00046892,0.00109376
0.00082150,-0.00037615,0.00092880
0.00082160,-0.00015502,0.00075885
0.00082170,-0.00017992,0.00058470
0.00082180,-0.00040051,0.00040714
0.00082190,-0.00046581,0.00022698
0.00082200,-0.00070934,0.00004504
0.00082210,-0.00056046,-0.00013782
0.00082220,-0.00030633,-0.00032077
0.00082230,-0.00054197,-0.00050294
0.00082240,-0.00034313,-0.00068350
0.00082250,-0.00054479,-0.00086159
0.00082260,-0.00061312,-0.00103637
0.00082270,-0.00060654,-0.00120703
0.00082280,-0.00049082,-0.00137274
0.00082290,-0.00028578,-0.00153273
0.00082300,-0.00046614,-0.00168621
0.00082310,-0.00050726,-0.00183246
0.00082320,-0.00053003,-0.00197077
0.00082330,-0.00059919,-0.00210046
0.00082340,-0.00041154,-0.00222089
0.00082350,-0.00042716,-0.00233147
0.00082360,-0.00063278,-0.00243164
0.00082370,-0.00031838,-0.00252091
0.00082380,-0.00051164,-0.00259880
0.00082390,-0.00047369,-0.00266491
0.00082400,-0.00042602,-0.00271890
0.00082410,-0.00041187,-0.00276044
0.00082420,-0.00051901,-0.00278931
0.00082430,-0.00040150,-0.00280532
0.00082440,-0.00032962,-0.00280834
0.00082450,-0.00060810,-0.00279831
0.00082460,-0.00055437,-0.00277521
0.00082470,-0.00067135,-0.00273910
0.00082480,-0.00057604,-0.00269011
0.00082490,-0.00059557,-0.00262839
0.00082500,-0.00048482,-0.00255419
0.00082510,-0.00035937,-0.00246780
0.00082520,-0.00034684,-0.00236957
0.00082530,-0.00020154,-0.00225991
0.00082540,-0.00046588,-0.00213928
0.00082550,-0.00028703,-0.00200819
0.00082560,-0.00034689,-0.00186721
0.00082570,-0.00022884,-0.00171695
0.00082580,-0.00031677,-0.00155806
0.00082590,-0.00021370,-0.00139124
0.00082600,-0.00015093,-0.00121724
0.00082610,-0.00008523,-0.00103680
0.00082620,0.00009501,-0.00085075
0.00082630,0.00000636,-0.00065991
0.00082640,0.00014931,-0.00046514
0.00082650,-0.00002699,-0.00026731
0.00082660,-0.00009953,-0.00006731
0.00082670,-0.00009684,0.00013395
0.00082680,0.00001436,0.00033555
0.00082690,0.00009066,0.00053659
0.00082700,-0.00002837,0.00073615
0.00082710,0.00007438,0.00093331
0.00082720,0.00003702,0.00112717
0.00082730,0.00020650,0.00131685
0.00082740,0.00024281,0.00150146
0.00082750,0.00001953,0.00168015
0.00082760,0.00004958,0.00185211
0.00082770,-0.00008076,0.00201653
0.00082780,-0.00000245,0.00217264
0.00082790,0.00011526,0.00231971
0.00082800,-0.00007143,0.00245706
0.00082810,0.00009545,0.00258404
0.00082820,-0.00001568,0.00270004
0.00082830,-0.00000099,0.00280451
0.00082840,-0.00002208,0.00289694
0.00082850,0.00001881,0.00297688
0.00082860,0.00001090,0.00304394
0.00082870,-0.00005196,0.00309777
0.00082880,0.00011776,0.00313810
0.00082890,0.00012022,0.00316469
0.00082900,0.00008691,0.00317740
0.00082910,0.00008997,0.00317612
0.00082920,0.00013687,0.00316080
0.00082930,0.00009975,0.00313148
0.00082940,-0.00013891,0.00308825
0.00082950,-0.00022548,0.00303124
0.00082960,-0.00038345,0.00296066
0.00082970,-0.00023543,0.00287679
0.00082980,-0.00011737,0.00277995
0.00082990,0.00007474,0.00267053
0.00083000,-0.00007848,0.00254896
0.00083010,-0.00009300,0.00241575
0.00083020,-0.00032717,0.00227143
0.00083030,-0.00023676,0.00211661
0.00083040,-0.00015543,0.00195193
0.00083050,-0.00013046,0.00177808
0.00083060,0.00015321,0.00159578
0.00083070,0.00004984,0.00140580
0.00083080,0.00004229,0.00120894
0.00083090,-0.00028309,0.00100603
0.00083100,-0.00048699,0.00079793
0.00083110,-0.00041378,0.00058553
0.00083120,-0.00037790,0.00036973
0.00083130,-0.00024576,0.00015144
0.00083140,-0.00033923,-0.00006839
0.00083150,-0.00021632,-0.00028882
0.00083160,-0.00033697,-0.00050892
0.00083170,-0.00025798,-0.00072773
0.00083180,-0.00028801,-0.00094431
0.00083190,-0.00044435,-0.00115772
0.00083200,-0.00048614,-0.00136704
0.00083210,-0.00020369,-0.00157136
0.00083220,-0.00000409,-0.00176978
0.00083230,-0.00017846,-0.00196144
0.00083240,-0.00032526,-0.00214551
0.00083250,-0.00029805,-0.00232117
0.00083260,-0.00028674,-0.00248765
0.00083270,-0.00039401,-0.00264421
0.00083280,-0.00026207,-0.00279017
0.00083290,-0.00039785,-0.00292486
0.00083300,-0.00029682,-0.00304770
0.00083310,-0.00037131,-0.00315812
0.00083320,-0.00042957,-0.00325562
0.00083330,-0.00017098,-0.00333978
0.00083340,-0.00034388,-0.00341019
0.00083350,-0.00028405,-0.00346652
0.00083360,-0.00047215,-0.00350852
0.00083370,-0.00027483,-0.00353598
0.00083380,-0.00037283,-0.00354874
0.00083390,-0.00043419,-0.00354674
0.00083400,-0.00021930,-0.00352994
0.00083410,-0.00053855,-0.00349840
0.00083420,-0.00020715,-0.00345222
0.00083430,-0.00056797,-0.00339157
0.00083440,-0.00054358,-0.00331668
0.00083450,-0.00021678,-0.00322784
0.00083460,-0.00052533,-0.00312540
0.00083470,-0.00038255,-0.00300978
0.00083480,-0.00057339,-0.00288143
0.00083490,-0.00029711,-0.00274087
0.00083500,-0.00021369,-0.00258867
0.00083510,-0.00047442,-0.00242545
0.00083520,-0.00056235,-0.00225186
0.00083530,-0.00061233,-0.00206862
0.00083540,-0.00036323,-0.00187647
0.00083550,-0.00020149,-0.00167619
0.00083560,-0.00017230,-0.00146860
0.00083570,-0.00022135,-0.00125454
0.00083580,-0.00038428,-0.00103489
0.00083590,-0.00031987,-0.00081053
0.00083600,-0.00032830,-0.00058239
0.00083610,-0.00023623,-0.00035140
0.00083620,-0.00017284,-0.00011848
0.00083630,-0.00024036,0.00011540
0.00083640,-0.00005734,0.00034929
0.00083650,-0.00007181,0.00058225
0.00083660,-0.00007693,0.00081333
0.00083670,0.00006376,0.00104158
0.00083680,0.00000424,0.00126608
0.00083690,-0.00014563,0.00148592
0.00083700,-0.00025998,0.00170020
0.00083710,-0.00022515,0.00190805
0.00083720,-0.00019594,0.00210863
0.00083730,-0.00007966,0.00230113
0.00083740,0.00001226,0.00248475
0.00083750,-0.00005388,0.00265876
0.00083760,-0.00020063,0.00282246
0.00083770,-0.00032457,0.00297517
0.00083780,-0.00003892,0.00311627
0.00083790,-0.00014797,0.00324520
0.00083800,-0.00007458,0.00336144
0.00083810,-0.00010851,0.00346450
0.00083820,-0.00016518,0.00355398
0.00083830,-0.00012676,0.00362950
0.00083840,-0.00041491,0.00369076
0.00083850,-0.00001163,0.00373751
0.00083860,0.00000190,0.00376955
0.00083870,-0.00001420,0.00378674
0.00083880,-0.00010786,0.00378902
0.00083890,0.00003821,0.00377637
0.00083900,0.00009531,0.00374882
0.00083910,-0.00009552,0.00370649
0.00083920,0.00005409,0.00364952
0.00083930,-0.00009033,0.00357814
0.00083940,-0.00027974,0.00349262
0.00083950,-0.00017591,0.00339330
0.00083960,-0.00037164,0.00328054
0.00083970,-0.00036890,0.00315480
0.00083980,-0.00018142,0.00301656
0.00083990,-0.00010024,0.00286635
0.00084000,-0.00001935,0.00270476
0.00084010,-0.00002992,0.00253241
0.00084020,-0.00001557,0.00234996
0.00084030,-0.00011183,0.00215814
0.00084040,-0.00004027,0.00195768
0.00084050,-0.00002045,0.00174936
0.00084060,-0.00002305,0.00153400
0.00084070,0.00007006,0.00131242
0.00084080,-0.00015462,0.00108550
0.00084090,-0.00016127,0.00085410
0.00084100,-0.00017618,0.00061914
0.00084110,-0.00019383,0.00038153
0.00084120,-0.00016342,0.00014220
0.00084130,-0.00010639,-0.00009793
0.00084140,0.00005171,-0.00033792
0.00084150,-0.00009913,-0.00057683
0.00084160,-0.00001216,-0.00081373
0.00084170,-0.00026232,-0.00104771
0.00084180,-0.00038878,-0.00127784
0.00084190,-0.00046806,-0.00150324
0.00084200,-0.00040419,-0.00172302
0.00084210,-0.00013822,-0.00193633
0.00084220,-0.00026943,-0.00214235
0.00084230,-0.00030580,-0.00234026
0.00084240,-0.00024261,-0.00252931
0.00084250,-0.00025111,-0.00270876
0.00084260,-0.00032069,-0.00287792
0.00084270,-0.00048142,-0.00303612
0.00084280,-0.00045820,-0.00318276
0.00084290,-0.00014313,-0.00331727
0.00084300,-0.00022274,-0.00343913
0.00084310,-0.00026028,-0.00354787
0.00084320,-0.00041196,-0.00364306
0.00084330,-0.00034984,-0.00372434
0.00084340,-0.00024131,-0.00379140
0.00084350,-0.00045984,-0.00384398
0.00084360,-0.00029683,-0.00388187
0.00084370,-0.00030743,-0.00390493
0.00084380,-0.00040997,-0.00391307
0.00084390,-0.00049920,-0.00390626
0.00084400,-0.00064157,-0.00388452
0.00084410,-0.00058049,-0.00384793
0.00084420,-0.00045561,-0.00379664
0.00084430,-0.00058399,-0.00373084
0.00084440,-0.00036660,-0.00365078
0.00084450,-0.00027267,-0.00355677
0.00084460,-0.00031166,-0.00344917
0.00084470,-0.00025991,-0.00332838
0.00084480,-0.00043653,-0.00319487
0.00084490,-0.00036500,-0.00304915
0.00084500,-0.00045384,-0.00289176
0.00084510,-0.00036510,-0.00272331
0.00084520,-0.00045253,-0.00254443
0.00084530,-0.00029263,-0.00235581
0.00084540,-0.00034119,-0.00215816
0.00084550,-0.00039089,-0.00195223
0.00084560,-0.00020419,-0.00173880
0.00084570,-0.00050833,-0.00151868
0.00084580,-0.00024864,-0.00129272
0.00084590,-0.00035393,-0.00106175
0.00084600,-0.00055095,-0.00082667
0.00084610,-0.00047608,-0.00058837
0.00084620,-0.00053930,-0.00034776
0.00084630,-0.00037629,-0.00010575
0.00084640,-0.00042083,0.00013673
0.00084650,-0.00030260,0.00037876
0.00084660,-0.00023275,0.00061941
0.00084670,-0.00039258,0.00085775
0.00084680,-0.00030756,0.00109287
0.00084690,-0.00022305,0.00132386
0.00084700,-0.00020205,0.00154985
0.00084710,-0.00029811,0.00176995
0.00084720,-0.00027653,0.00198331
0.00084730,-0.00018081,0.00218912
0.00084740,-0.00016754,0.00238658
0.00084750,-0.00015059,0.00257492
0.00084760,-0.00009147,0.00275341
0.00084770,-0.00009220,0.00292135
0.00084780,-0.00007789,0.00307811
0.00084790,0.00000075,0.00322305
0.00084800,0.00004250,0.00335563
0.00084810,-0.00010211,0.00347532
0.00084820,-0.00006073,0.00358165
0.00084830,-0.00003762,0.00367420
0.00084840,-0.00001308,0.00375262
0.00084850,-0.00008155,0.00381660
0.00084860,0.00001783,0.00386587
0.00084870,0.00009674,0.00390025
0.00084880,0.00008672,0.00391960
0.00084890,-0.00010749,0.00392384
0.00084900,-0.00034001,0.00391296
0.00084910,-0.00021907,0.00388700
0.00084920,-0.00031384,0.00384606
0.00084930,-0.00026858,0.00379030
0.00084940,0.00004865,0.00371995
0.00084950,-0.00005530,0.00363527
0.00084960,-0.00005344,0.00353662
0.00084970,-0.00022584,0.00342439
0.00084980,-0.00009717,0.00329901
0.00084990,-0.00009677,0.00316100
0.00085000,-0.00026476,0.00301090
0.00085010,-0.00014616,0.00284931
0.00085020,-0.00014224,0.00267688
0.00085030,-0.00023440,0.00249429
0.00085040,-0.00016194,0.00230227
0.00085050,-0.00003494,0.00210159
0.00085060,-0.00027743,0.00189306
0.00085070,-0.00022649,0.00167749
0.00085080,-0.00020967,0.00145576
0.00085090,-0.00031377,0.00122874
0.00085100,-0.00018142,0.00099733
0.00085110,-0.00029423,0.00076246
0.00085120,-0.00026856,0.00052506
0.00085130,-0.00022488,0.00028607
0.00085140,-0.00040568,0.00004643
0.00085150,-0.00030314,-0.00019289
0.00085160,-0.00029646,-0.00043097
0.00085170,-0.00033374,-0.00066686
0.00085180,-0.00031905,-0.00089963
0.00085190,-0.00022607,-0.00112836
0.00085200,-0.00009820,-0.00135215
0.00085210,-0.00021863,-0.00157014
0.00085220,-0.00017011,-0.00178146
0.00085230,-0.00036378,-0.00198529
0.00085240,-0.00032393,-0.00218084
0.00085250,-0.00016611,-0.00236735
0.00085260,-0.00026612,-0.00254409
0.00085270,-0.00041536,-0.00271039
0.00085280,-0.00040678,-0.00286560
0.00085290,-0.00034083,-0.00300914
0.00085300,-0.00046001,-0.00314047
0.00085310,-0.00061082,-0.00325908
0.00085320,-0.00059948,-0.00336453
0.00085330,-0.00061027,-0.00345645
0.00085340,-0.00038900,-0.00353449
0.00085350,-0.00041245,-0.00359838
0.00085360,-0.00031640,-0.00364791
0.00085370,-0.00024756,-0.00368291
0.00085380,-0.00051798,-0.00370330
0.00085390,-0.00041249,-0.00370902
0.00085400,-0.00043809,-0.00370010
0.00085410,-0.00034835,-0.00367663
0.00085420,-0.00038989,-0.00363874
0.00085430,-0.00048132,-0.00358663
0.00085440,-0.00047195,-0.00352055
0.00085450,-0.00054612,-0.00344083
0.00085460,-0.00040870,-0.00334782
0.00085470,-0.00035152,-0.00324194
0.00085480,-0.00038657,-0.00312368
0.00085490,-0.00033007,-0.00299355
0.00085500,-0.00039615,-0.00285211
0.00085510,-0.00051955,-0.00269999
0.00085520,-0.00046414,-0.00253783
0.00085530,-0.00055316,-0.00236634
0.00085540,-0.00057466,-0.00218625
0.00085550,-0.00056239,-0.00199831
0.00085560,-0.00056676,-0.00180332
0.00085570,-0.00042639,-0.00160210
0.00085580,-0.00028837,-0.00139550
0.00085590,-0.00021533,-0.00118437
0.00085600,-0.00017975,-0.00096960
0.00085610,-0.00013318,-0.00075206
0.00085620,-0.00031552,-0.00053267
0.00085630,-0.00023086,-0.00031230
0.00085640,-0.00005815,-0.00009187
0.00085650,-0.00008356,0.00012773
0.00085660,-0.00014307,0.00034561
0.00085670,-0.00015296,0.00056091
0.00085680,-0.00014552,0.00077275
0.00085690,-0.00024720,0.00098031
0.00085700,-0.00013047,0.00118275
0.00085710,-0.00001159,0.00137929
0.00085720,0.00000847,0.00156916
0.00085730,-0.00000517,0.00175164
0.00085740,-0.00002163,0.00192601
0.00085750,0.00005804,0.00209163
0.00085760,-0.00004914,0.00224787
0.00085770,-0.00001599,0.00239415
0.00085780,-0.00001369,0.00252994
0.00085790,-0.00010292,0.00265474
0.00085800,-0.00003954,0.00276812
0.00085810,-0.00038077,0.00286969
0.00085820,-0.00011279,0.00295910
0.00085830,-0.00005347,0.00303608
0.00085840,0.00000691,0.00310037
0.00085850,0.00005994,0.00315182
0.00085860,-0.00018885,0.00319028
0.00085870,-0.00005892,0.00321569
0.00085880,-0.00009367,0.00322803
0.00085890,0.00009639,0.00322735
0.00085900,-0.00000387,0.00321372
0.00085910,-0.00006769,0.00318731
0.00085920,-0.00001390,0.00314831
0.00085930,-0.00016037,0.00309697
0.00085940,-0.00012889,0.00303359
0.00085950,-0.00002065,0.00295852
0.00085960,-0.00007520,0.00287217
0.00085970,-0.00001194,0.00277497
0.00085980,-0.00001561,0.00266741
0.00085990,0.00007086,0.00255001
0.00086000,-0.00001998,0.00242334
0.00086010,-0.00011704,0.00228800
0.00086020,0.00000054,0.00214460
0.00086030,-0.00009102,0.00199382
0.00086040,0.00000482,0.00183633
0.00086050,0.00004039,0.00167285
0.00086060,-0.00009112,0.00150409
0.00086070,0.00007874,0.00133080
0.00086080,0.00013373,0.00115373
0.00086090,0.00006224,0.00097365
0.00086100,0.00002593,0.00079133
0.00086110,-0.00005111,0.00060753
0.00086120,-0.00011324,0.00042302
0.00086130,-0.00007674,0.00023857
0.00086140,-0.00021799,0.00005493
0.00086150,-0.00023558,-0.00012714
0.00086160,-0.00026641,-0.00030692
0.00086170,-0.00027299,-0.00048368
0.00086180,-0.00040354,-0.00065674
0.00086190,-0.00047154,-0.00082541
0.00086200,-0.00037921,-0.00098906
0.00086210,-0.00052325,-0.00114705
0.00086220,-0.00061511,-0.00129880
0.00086230,-0.00051431,-0.00144374
0.00086240,-0.00044459,-0.00158135
0.00086250,-0.00035274,-0.00171115
0.00086260,-0.00040239,-0.00183267
0.00086270,-0.00037593,-0.00194551
0.00086280,-0.00056745,-0.00204930
0.00086290,-0.00037118,-0.00214371
0.00086300,-0.00037542,-0.00222846
0.00086310,-0.00044411,-0.00230331
0.00086320,-0.00043319,-0.00236806
0.00086330,-0.00050056,-0.00242256
0.00086340,-0.00036385,-0.00246671
0.00086350,-0.00029885,-0.00250046
0.00086360,-0.00039731,-0.00252379
0.00086370,-0.00024623,-0.00253674
0.00086380,-0.00035360,-0.00253938
0.00086390,-0.00044658,-0.00253184
0.00086400,-0.00038923,-0.00251427
0.00086410,-0.00047024,-0.00248689
0.00086420,-0.00055165,-0.00244994
0.00086430,-0.00070619,-0.00240370
0.00086440,-0.00071063,-0.00234848
0.00086450,-0.00043369,-0.00228465
0.00086460,-0.00047626,-0.00221258
0.00086470,-0.00033578,-0.00213268
0.00086480,-0.00034061,-0.00204542
0.00086490,-0.00052197,-0.00195124
0.00086500,-0.00042343,-0.00185064
0.00086510,-0.00044037,-0.00174413
0.00086520,-0.00043870,-0.00163224
0.00086530,-0.00052258,-0.00151552
0.00086540,-0.00043430,-0.00139453
0.00086550,-0.00033043,-0.00126983
0.00086560,-0.00036523,-0.00114200
0.00086570,-0.00042407,-0.00101162
0.00086580,-0.00041888,-0.00087928
0.00086590,-0.00046565,-0.00074556
0.00086600,-0.00057742,-0.00061105
0.00086610,-0.00058388,-0.00047632
0.00086620,-0.00047244,-0.00034194
0.00086630,-0.00031678,-0.00020847
0.00086640,-0.00028981,-0.00007646
0.00086650,-0.00023886,0.00005357
0.00086660,-0.00017552,0.00018109
0.00086670,-0.00022386,0.00030563
0.00086680,-0.00022368,0.00042669
0.00086690,-0.00017124,0.00054384
0.00086700,-0.00020272,0.00065665
0.00086710,-0.00016189,0.00076472
0.00086720,-0.00014254,0.00086769
0.00086730,-0.00000659,0.00096521
0.00086740,-0.00007941,0.00105698
0.00086750,-0.00012954,0.00114273
0.00086760,-0.00019692,0.00122219
0.00086770,-0.00013071,0.00129518
0.00086780,0.00009046,0.00136150
0.00086790,0.00004454,0.00142101
0.00086800,-0.00008001,0.00147361
0.00086810,0.00011918,0.00151922
0.00086820,0.00015539,0.00155779
0.00086830,0.00022890,0.00158932
0.00086840,0.00018815,0.00161383
0.00086850,-0.00018306,0.00163136
0.00086860,0.00002475,0.00164202
0.00086870,0.00004801,0.00164590
0.00086880,0.00024768,0.00164316
0.00086890,0.00030110,0.00163397
0.00086900,0.00020811,0.00161853
0.00086910,0.00023269,0.00159705
0.00086920,0.00011427,0.00156978
0.00086930,0.00016382,0.00153700
0.00086940,0.00004842,0.00149898
0.00086950,0.00028048,0.00145604
0.00086960,0.00034326,0.00140850
0.00086970,0.00008847,0.00135668
0.00086980,0.00016343,0.00130095
0.00086990,0.00001844,0.00124166
0.00087000,0.00007464,0.00117918
0.00087010,-0.00011730,0.00111388
0.00087020,-0.00002489,0.00104615
0.00087030,-0.00009133,0.00097636
0.00087040,-0.00040104,0.00090491
0.00087050,-0.00020258,0.00083216
0.00087060,-0.00025497,0.00075851
0.00087070,-0.00014277,0.00068431
0.00087080,-0.00008088,0.00060995
0.00087090,-0.00009250,0.00053577
0.00087100,-0.00014044,0.00046213
0.00087110,-0.00018167,0.00038936
0.00087120,-0.00010298,0.00031778
0.00087130,0.00002052,0.00024770
0.00087140,0.00013140,0.00017941
0.00087150,0.00008726,0.00011320
0.00087160,0.00001940,0.00004930
0.00087170,-0.00006393,-0.00001203
0.00087180,-0.00021080,-0.00007059
0.00087190,-0.00045681,-0.00012617
0.00087200,-0.00027276,-0.00017862
0.00087210,-0.00017444,-0.00022777
0.00087220,-0.00009838,-0.00027351
0.00087230,-0.00014985,-0.00031572
0.00087240,-0.00022013,-0.00035434
0.00087250,-0.00027148,-0.00038930
0.00087260,-0.00027587,-0.00042058
0.00087270,-0.00022581,-0.00044817
0.00087280,-0.00030439,-0.00047208
0.00087290,-0.00027805,-0.00049236
0.00087300,-0.00046049,-0.00050908
0.00087310,-0.00031913,-0.00052230
0.00087320,-0.00046765,-0.00053215
0.00087330,-0.00061749,-0.00053874
0.00087340,-0.00042098,-0.00054222
0.00087350,-0.00063942,-0.00054275
0.00087360,-0.00044646,-0.00054051
0.00087370,-0.00061695,-0.00053569
0.00087380,-0.00062202,-0.00052850
0.00087390,-0.00039924,-0.00051914
0.00087400,-0.00049791,-0.00050785
0.00087410,-0.00035365,-0.00049486
0.00087420,-0.00054930,-0.00048041
0.00087430,-0.00047298,-0.00046474
0.00087440,-0.00052233,-0.00044809
0.00087450,-0.00047494,-0.00043073
0.00087460,-0.00049037,-0.00041288
0.00087470,-0.00034961,-0.00039481
0.00087480,-0.00043142,-0.00037674
0.00087490,-0.00049794,-0.00035890
0.00087500,-0.00036330,-0.00034154
0.00087510,-0.00033082,-0.00032486
0.00087520,-0.00040228,-0.00030907
0.00087530,-0.00046836,-0.00029437
0.00087540,-0.00043709,-0.00028094
0.00087550,-0.00065003,-0.00026895
0.00087560,-0.00058440,-0.00025855
0.00087570,-0.00050849,-0.00024987
0.00087580,-0.00050212,-0.00024304
0.00087590,-0.00044040,-0.00023816
0.00087600,-0.00032399,-0.00023530
0.00087610,-0.00033906,-0.00023454
0.00087620,-0.00034403,-0.00023590
0.00087630,-0.00032319,-0.00023942
0.00087640,-0.00032551,-0.00024509
0.00087650,-0.00015493,-0.00025290
0.00087660,-0.00028018,-0.00026281
0.00087670,-0.00026686,-0.00027476
0.00087680,-0.00032749,-0.00028866
0.00087690,-0.00021825,-0.00030442
0.00087700,-0.00049280,-0.00032192
0.00087710,-0.00035291,-0.00034103
0.00087720,-0.00038129,-0.00036159
0.00087730,-0.00057159,-0.00038344
0.00087740,-0.00025906,-0.00040638
0.00087750,-0.00019049,-0.00043022
0.00087760,-0.00014286,-0.00045475
0.00087770,0.00001853,-0.00047974
0.00087780,-0.00017870,-0.00050495
0.00087790,-0.00010089,-0.00053014
0.00087800,-0.00007907,-0.00055506
0.00087810,-0.00015241,-0.00057945
0.00087820,-0.00003799,-0.00060304
0.00087830,-0.00030806,-0.00062556
0.00087840,-0.00002623,-0.00064675
0.00087850,-0.00027263,-0.00066633
0.00087860,-0.00018417,-0.00068405
0.00087870,-0.00006861,-0.00069964
0.00087880,-0.00021188,-0.00071285
0.00087890,0.00011349,-0.00072342
0.00087900,-0.00006000,-0.00073112
0.00087910,-0.00005532,-0.00073574
0.00087920,-0.00011070,-0.00073704
0.00087930,-0.00017415,-0.00073484
0.00087940,-0.00024384,-0.00072895
0.00087950,-0.00034167,-0.00071922
0.00087960,0.00002640,-0.00070551
0.00087970,-0.00005086,-0.00068768
0.00087980,0.00004463,-0.00066565
0.00087990,0.00003902,-0.00063933
0.00088000,-0.00001138,-0.00060868
0.00088010,-0.00013449,-0.00057368
0.00088020,-0.00005102,-0.00053431
0.00088030,0.00005338,-0.00049062
0.00088040,-0.00014832,-0.00044265
0.00088050,0.00016302,-0.00039049
0.00088060,0.00005590,-0.00033425
0.00088070,0.00003876,-0.00027407
0.00088080,0.00020728,-0.00021010
0.00088090,0.00006636,-0.00014255
0.00088100,0.00015791,-0.00007162
0.00088110,0.00009426,0.00000242
0.00088120,0.00017336,0.00007932
0.00088130,-0.00002445,0.00015878
0.00088140,0.00006361,0.00024049
0.00088150,-0.00009305,0.00032410
0.00088160,-0.00017538,0.00040926
0.00088170,-0.00004358,0.00049559
0.00088180,-0.00001483,0.00058271
0.00088190,-0.00000848,0.00067020
0.00088200,-0.00010430,0.00075764
0.00088210,0.00009191,0.00084462
0.00088220,0.00004587,0.00093069
0.00088230,0.00002272,0.00101542
0.00088240,-0.00001373,0.00109835
0.00088250,0.00015036,0.00117904
0.00088260,0.00002004,0.00125706
0.00088270,-0.00006032,0.00133196
0.00088280,0.00007786,0.00140331
0.00088290,0.00000724,0.00147068
0.00088300,0.00016613,0.00153367
0.00088310,0.00006659,0.00159188
0.00088320,0.00006907,0.00164491
0.00088330,-0.00015717,0.00169241
0.00088340,-0.00030280,0.00173404
0.00088350,-0.00035296,0.00176945
0.00088360,-0.00057647,0.00179835
0.00088370,-0.00049213,0.00182047
0.00088380,-0.00045670,0.00183556
0.00088390,-0.00040865,0.00184339
0.00088400,-0.00030461,0.00184378
0.00088410,-0.00047755,0.00183656
0.00088420,-0.00037939,0.00182161
0.00088430,-0.00038598,0.00179883
0.00088440,-0.00020863,0.00176818
0.00088450,-0.00026398,0.00172963
0.00088460,-0.00048112,0.00168319
0.00088470,-0.00035003,0.00162892
0.00088480,-0.00046834,0.00156691
0.00088490,-0.00024420,0.00149730
0.00088500,-0.00029068,0.00142023
0.00088510,-0.00033777,0.00133593
0.00088520,-0.00034220,0.00124463
0.00088530,-0.00048276,0.00114662
0.00088540,-0.00049047,0.00104220
0.00088550,-0.00056315,0.00093174
0.00088560,-0.00047823,0.00081560
0.00088570,-0.00043026,0.00069422
0.00088580,-0.00050555,0.00056804
0.00088590,-0.00054025,0.00043754
0.00088600,-0.00063689,0.00030321
0.00088610,-0.00037974,0.00016560
0.00088620,-0.00041356,0.00002524
0.00088630,-0.00049134,-0.00011728
0.00088640,-0.00040494,-0.00026138
0.00088650,-0.00057953,-0.00040646
0.00088660,-0.00039702,-0.00055188
0.00088670,-0.00067575,-0.00069703
0.00088680,-0.00057953,-0.00084127
0.00088690,-0.00050731,-0.00098395
0.00088700,-0.00043940,-0.00112443
0.00088710,-0.00012248,-0.00126208
0.00088720,-0.00046905,-0.00139625
0.00088730,-0.00036614,-0.00152632
0.00088740,-0.00046448,-0.00165166
0.00088750,-0.00019944,-0.00177167
0.00088760,-0.00024708,-0.00188576
0.00088770,-0.00037160,-0.00199335
0.00088780,-0.00040680,-0.00209391
0.00088790,-0.00031376,-0.00218690
0.00088800,-0.00038881,-0.00227183
0.00088810,-0.00035152,-0.00234825
0.00088820,-0.00037294,-0.00241572
0.00088830,-0.00032371,-0.00247384
0.00088840,-0.00028873,-0.00252227
0.00088850,-0.00034431,-0.00256069
0.00088860,-0.00005786,-0.00258882
0.00088870,-0.00010272,-0.00260645
0.00088880,-0.00026797,-0.00261339
0.00088890,-0.00025635,-0.00260951
0.00088900,-0.00021250,-0.00259472
0.00088910,-0.00015011,-0.00256900
0.00088920,-0.00029066,-0.00253235
0.00088930,-0.00028147,-0.00248484
0.00088940,-0.00010487,-0.00242658
0.00088950,0.00014710,-0.00235775
0.00088960,0.00000004,-0.00227855
0.00088970,0.00001398,-0.00218926
0.00088980,-0.00016502,-0.00209017
0.00088990,-0.00006951,-0.00198164
0.00089000,-0.00005071,-0.00186409
0.00089010,-0.00009689,-0.00173795
0.00089020,-0.00012543,-0.00160370
0.00089030,-0.00006379,-0.00146188
0.00089040,0.00004534,-0.00131305
0.00089050,-0.00011808,-0.00115780
0.00089060,-0.00001562,-0.00099677
0.00089070,0.00030072,-0.00083061
0.00089080,0.00010751,-0.00066001
0.00089090,0.00013211,-0.00048568
0.00089100,0.00023296,-0.00030836
0.00089110,0.00015327,-0.00012879
0.00089120,0.00014291,0.00005226
0.00089130,0.00004545,0.00023403
0.00089140,-0.00015391,0.00041572
0.00089150,-0.00017078,0.00059656
0.00089160,-0.00002696,0.00077575
0.00089170,-0.00010970,0.00095252
0.00089180,0.00014264,0.00112609
0.00089190,0.00023885,0.00129569
0.00089200,0.00020229,0.00146057
0.00089210,0.00009843,0.00162000
0.00089220,-0.00001952,0.00177325
0.00089230,0.00008648,0.00191965
0.00089240,0.00006773,0.00205852
0.00089250,0.00007391,0.00218925
0.00089260,0.00006438,0.00231121
0.00089270,-0.00000356,0.00242386
0.00089280,0.00005667,0.00252667
0.00089290,0.00001906,0.00261916
0.00089300,0.00004253,0.00270089
0.00089310,-0.00004761,0.00277146
0.00089320,-0.00009217,0.00283053
0.00089330,-0.00013858,0.00287781
0.00089340,-0.00023328,0.00291306
0.00089350,-0.00010230,0.00293608
0.00089360,-0.00025570,0.00294673
0.00089370,-0.00004992,0.00294495
0.00089380,-0.00030391,0.00293069
0.00089390,-0.00035208,0.00290399
0.00089400,-0.00014092,0.00286493
0.00089410,-0.00024945,0.00281365
0.00089420,-0.00014660,0.00275035
0.00089430,-0.00014417,0.00267527
0.00089440,-0.00030814,0.00258871
0.00089450,-0.00035728,0.00249103
0.00089460,-0.00041497,0.00238264
0.00089470,-0.00046807,0.00226398
0.00089480,-0.00049110,0.00213554
0.00089490,-0.00046340,0.00199789
0.00089500,-0.00036578,0.00185159
0.00089510,-0.00043807,0.00169728
0.00089520,-0.00041893,0.00153562
0.00089530,-0.00059682,0.00136730
0.00089540,-0.00049777,0.00119306
0.00089550,-0.00051312,0.00101363
0.00089560,-0.00058880,0.00082980
0.00089570,-0.00066815,0.00064238
0.00089580,-0.00053061,0.00045217
0.00089590,-0.00036673,0.00026000
0.00089600,-0.00040352,0.00006672
0.00089610,-0.00020954,-0.00012684
0.00089620,-0.00039217,-0.00031982
0.00089630,-0.00048010,-0.00051139
0.00089640,-0.00042674,-0.00070070
0.00089650,-0.00039592,-0.00088693
0.00089660,-0.00051944,-0.00106926
0.00089670,-0.00062516,-0.00124689
0.00089680,-0.00050049,-0.00141904
0.00089690,-0.00043449,-0.00158497
0.00089700,-0.00031726,-0.00174395
0.00089710,-0.00032998,-0.00189527
0.00089720,-0.00056941,-0.00203829
0.00089730,-0.00039911,-0.00217237
0.00089740,-0.00025666,-0.00229694
0.00089750,-0.00039200,-0.00241144
0.00089760,-0.00034536,-0.00251538
0.00089770,-0.00050729,-0.00260831
0.00089780,-0.00038923,-0.00268983
0.00089790,-0.00037541,-0.00275957
0.00089800,-0.00040563,-0.00281725
0.00089810,-0.00034883,-0.00286260
0.00089820,-0.00032845,-0.00289544
0.00089830,-0.00043042,-0.00291562
0.00089840,-0.00031700,-0.00292307
0.00089850,-0.00033386,-0.00291776
0.00089860,-0.00017331,-0.00289971
0.00089870,-0.00021591,-0.00286902
0.00089880,-0.00046265,-0.00282582
0.00089890,-0.00027866,-0.00277032
0.00089900,-0.00035783,-0.00270276
0.00089910,-0.00023571,-0.00262346
0.00089920,-0.00012065,-0.00253278
0.00089930,-0.00018749,-0.00243112
0.00089940,-0.00016957,-0.00231896
0.00089950,-0.00026425,-0.00219679
0.00089960,-0.00017088,-0.00206516
0.00089970,-0.00010064,-0.00192468
0.00089980,0.00003616,-0.00177599
0.00089990,0.00005958,-0.00161974
0.00090000,-0.00001282,-0.00145666
0.00090010,-0.00001390,-0.00128747
0.00090020,0.00004303,-0.00111294
0.00090030,0.00004921,-0.00093387
0.00090040,0.00001629,-0.00075107
0.00090050,0.00020075,-0.00056535
0.00090060,0.00032729,-0.00037756
0.00090070,0.00015692,-0.00018855
0.00090080,0.00044562,0.00000083
0.00090090,0.00016830,0.00018973
0.00090100,0.00008717,0.00037730
0.00090110,-0.00002048,0.00056270
0.00090120,0.00003196,0.00074509
0.00090130,0.00014605,0.00092366
0.00090140,0.00008610,0.00109760
0.00090150,0.00029865,0.00126616
0.00090160,0.00029265,0.00142856
0.00090170,0.00021016,0.00158410
0.00090180,0.00022801,0.00173208
0.00090190,0.00018027,0.00187185
0.00090200,0.00004048,0.00200280
0.00090210,-0.00001608,0.00212434
0.00090220,-0.00005420,0.00223596
0.00090230,0.00007408,0.00233716
0.00090240,-0.00005571,0.00242751
0.00090250,-0.00001083,0.00250662
0.00090260,-0.00001048,0.00257416
0.00090270,-0.00013727,0.00262984
0.00090280,0.00001659,0.00267345
0.00090290,-0.00017376,0.00270481
0.00090300,-0.00005809,0.00272380
0.00090310,-0.00004929,0.00273036
0.00090320,0.00001696,0.00272450
0.00090330,0.00002438,0.00270626
0.00090340,-0.00011559,0.00267576
0.00090350,-0.00015601,0.00263317
0.00090360,-0.00022635,0.00257870
0.00090370,-0.00008536,0.00251264
0.00090380,-0.00029378,0.00243532
0.00090390,-0.00043399,0.00234711
0.00090400,-0.00027350,0.00224844
0.00090410,-0.00013793,0.00213980
0.00090420,-0.00023063,0.00202171
0.00090430,-0.00013452,0.00189473
0.00090440,-0.00009133,0.00175947
0.00090450,-0.00033423,0.00161657
0.00090460,-0.00037995,0.00146671
0.00090470,-0.00026624,0.00131058
0.00090480,-0.00030778,0.00114893
0.00090490,-0.00046525,0.00098252
0.00090500,-0.00030605,0.00081210
0.00090510,-0.00039888,0.00063849
0.00090520,-0.00038716,0.00046247
0.00090530,-0.00025864,0.00028487
0.00090540,-0.00053000,0.00010650
0.00090550,-0.00056594,-0.00007182
0.00090560,-0.00068698,-0.00024928
0.00090570,-0.00053704,-0.00042507
0.00090580,-0.00039781,-0.00059840
0.00090590,-0.00057546,-0.00076848
0.00090600,-0.00072245,-0.00093455
0.00090610,-0.00068814,-0.00109586
0.00090620,-0.00070013,-0.00125170
0.00090630,-0.00064892,-0.00140138
0.00090640,-0.00078990,-0.00154424
0.00090650,-0.00072925,-0.00167964
0.00090660,-0.00086531,-0.00180701
0.00090670,-0.00075517,-0.00192578
0.00090680,-0.00067946,-0.00203546
0.00090690,-0.00071523,-0.00213556
0.00090700,-0.00061108,-0.00222568
0.00090710,-0.00058214,-0.00230543
0.00090720,-0.00049138,-0.00237449
0.00090730,-0.00045254,-0.00243258
0.00090740,-0.00045311,-0.00247947
0.00090750,-0.00045976,-0.00251500
0.00090760,-0.00044605,-0.00253903
0.00090770,-0.00067993,-0.00255149
0.00090780,-0.00050577,-0.00255237
0.00090790,-0.00047553,-0.00254171
0.00090800,-0.00036839,-0.00251959
0.00090810,-0.00032523,-0.00248615
0.00090820,-0.00034962,-0.00244157
0.00090830,-0.00039795,-0.00238612
0.00090840,-0.00053113,-0.00232006
0.00090850,-0.00037511,-0.00224374
0.00090860,-0.00057288,-0.00215753
0.00090870,-0.00025808,-0.00206187
0.00090880,-0.00034094,-0.00195722
0.00090890,-0.00014945,-0.00184408
0.00090900,-0.00021373,-0.00172300
0.00090910,-0.00010977,-0.00159453
0.00090920,0.00001923,-0.00145930
0.00090930,-0.00018055,-0.00131793
0.00090940,0.00004817,-0.00117107
0.00090950,0.00003009,-0.00101940
0.00090960,0.00007828,-0.00086362
0.00090970,0.00012831,-0.00070443
0.00090980,0.00013656,-0.00054254
0.00090990,0.00012582,-0.00037870
0.00091000,-0.00007216,-0.00021362
0.00091010,-0.00003500,-0.00004804
0.00091020,-0.00019509,0.00011731
0.00091030,0.00009898,0.00028170
0.00091040,0.00005350,0.00044442
0.00091050,0.00011800,0.00060477
0.00091060,0.00009107,0.00076205
0.00091070,0.00002773,0.00091559
0.00091080,0.00009240,0.00106474
0.00091090,0.00007357,0.00120886
0.00091100,0.00021507,0.00134736
0.00091110,-0.00000237,0.00147966
0.00091120,0.00019742,0.00160522
0.00091130,0.00009280,0.00172352
0.00091140,0.00010835,0.00183409
0.00091150,0.00017962,0.00193649
0.00091160,0.00013462,0.00203031
0.00091170,0.00018720,0.00211520
0.00091180,0.00002710,0.00219084
0.00091190,0.00002759,0.00225695
0.00091200,0.00026125,0.00231329
0.00091210,0.00027354,0.00235968
0.00091220,0.00022057,0.00239596
0.00091230,0.00018769,0.00242204
0.00091240,0.00003008,0.00243786
0.00091250,-0.00021555,0.00244340
0.00091260,0.00000446,0.00243870
0.00091270,0.00005790,0.00242383
0.00091280,-0.00004179,0.00239890
0.00091290,0.00006093,0.00236408
0.00091300,-0.00003875,0.00231956
0.00091310,0.00002870,0.00226558
0.00091320,-0.00017793,0.00220242
0.00091330,-0.00001576,0.00213039
0.00091340,0.00001452,0.00204984
0.00091350,-0.00016984,0.00196114
0.00091360,0.00002962,0.00186472
0.00091370,0.00002290,0.00176101
0.00091380,-0.00008481,0.00165048
0.00091390,-0.00016758,0.00153362
0.00091400,-0.00030770,0.00141094
0.00091410,-0.00048674,0.00128298
0.00091420,-0.00026017,0.00115028
0.00091430,-0.00049961,0.00101342
0.00091440,-0.00046842,0.00087296
0.00091450,-0.00019189,0.00072950
0.00091460,-0.00029590,0.00058362
0.00091470,-0.00030595,0.00043592
0.00091480,-0.00039318,0.00028700
0.00091490,-0.00054110,0.00013745
0.00091500,-0.00066175,-0.00001212
0.00091510,-0.00055135,-0.00016113
0.00091520,-0.00048570,-0.00030900
0.00091530,-0.00035796,-0.00045516
0.00091540,-0.00023654,-0.00059905
0.00091550,-0.00037796,-0.00074013
0.00091560,-0.00041537,-0.00087786
0.00091570,-0.00073946,-0.00101174
0.00091580,-0.00063445,-0.00114127
0.00091590,-0.00035838,-0.00126600
0.00091600,-0.00037725,-0.00138547
0.00091610,-0.00039662,-0.00149926
0.00091620,-0.00036001,-0.00160697
0.00091630,-0.00055282,-0.00170825
0.00091640,-0.00064322,-0.00180273
0.00091650,-0.00070562,-0.00189012
0.00091660,-0.00058865,-0.00197013
0.00091670,-0.00051056,-0.00204250
0.00091680,-0.00040906,-0.00210702
0.00091690,-0.00045528,-0.00216349
0.00091700,-0.00041817,-0.00221175
0.00091710,-0.00051568,-0.00225168
0.00091720,-0.00050076,-0.00228316
0.00091730,-0.00059493,-0.00230615
0.00091740,-0.00068950,-0.00232060
0.00091750,-0.00052302,-0.00232651
0.00091760,-0.00054113,-0.00232390
0.00091770,-0.00035348,-0.00231282
0.00091780,-0.00046743,-0.00229336
0.00091790,-0.00047853,-0.00226564
0.00091800,-0.00021117,-0.00222978
0.00091810,-0.00026622,-0.00218595
0.00091820,-0.00037090,-0.00213434
0.00091830,-0.00048639,-0.00207517
0.00091840,-0.00043668,-0.00200868
0.00091850,-0.00029398,-0.00193512
0.00091860,-0.00029575,-0.00185478
0.00091870,-0.00027641,-0.00176797
0.00091880,-0.00021971,-0.00167500
0.00091890,-0.00039967,-0.00157623
0.00091900,-0.00022049,-0.00147201
0.00091910,-0.00019469,-0.00136272
0.00091920,-0.00040307,-0.00124876
0.00091930,-0.00035807,-0.00113052
0.00091940,-0.00035867,-0.00100843
0.00091950,-0.00013052,-0.00088293
0.00091960,-0.00019933,-0.00075444
0.00091970,-0.00009168,-0.00062343
0.00091980,-0.00008116,-0.00049036
0.00091990,-0.00009931,-0.00035567
0.00092000,-0.00003077,-0.00021986
0.00092010,0.00012035,-0.00008337
0.00092020,0.00010179,0.00005330
0.00092030,-0.00010418,0.00018969
0.00092040,0.00010302,0.00032532
0.00092050,0.00008402,0.00045973
0.00092060,0.00034997,0.00059246
0.00092070,0.00001214,0.00072304
0.00092080,-0.00004019,0.00085103
0.00092090,0.00020623,0.00097599
0.00092100,0.00006131,0.00109748
0.00092110,0.00013936,0.00121510
0.00092120,0.00007467,0.00132843
0.00092130,-0.00010092,0.00143709
0.00092140,-0.00024787,0.00154070
0.00092150,0.00003320,0.00163892
0.00092160,0.00005527,0.00173140
0.00092170,0.00007898,0.00181782
0.00092180,0.00008922,0.00189789
0.00092190,0.00003546,0.00197134
0.00092200,0.00013714,0.00203792
0.00092210,0.00000208,0.00209739
0.00092220,0.00024239,0.00214955
0.00092230,0.00007736,0.00219422
0.00092240,0.00004229,0.00223125
0.00092250,0.00009652,0.00226051
0.00092260,0.00014652,0.00228190
0.00092270,0.00013463,0.00229534
0.00092280,0.00017646,0.00230078
0.00092290,0.00017133,0.00229821
0.00092300,-0.00004362,0.00228763
0.00092310,-0.00008175,0.00226907
0.00092320,-0.00003872,0.00224260
0.00092330,-0.00004629,0.00220829
0.00092340,0.00000413,0.00216626
0.00092350,-0.00006290,0.00211666
0.00092360,-0.00001121,0.00205964
0.00092370,-0.00007504,0.00199539
0.00092380,-0.00005101,0.00192413
0.00092390,0.00000149,0.00184609
0.00092400,0.00003627,0.00176153
0.00092410,0.00013266,0.00167074
0.00092420,0.00007467,0.00157402
0.00092430,0.00016011,0.00147169
0.00092440,0.00010429,0.00136410
0.00092450,-0.00014957,0.00125160
0.00092460,0.00007779,0.00113459
0.00092470,-0.00017332,0.00101346
0.00092480,-0.00009831,0.00088862
0.00092490,-0.00005247,0.00076050
0.00092500,-0.00005607,0.00062953
0.00092510,-0.00003229,0.00049618
0.00092520,-0.00058641,0.00036089
0.00092530,-0.00037042,0.00022415
0.00092540,-0.00026741,0.00008642
0.00092550,-0.00036909,-0.00005180
0.00092560,-0.00022241,-0.00019004
0.00092570,-0.00044982,-0.00032780
0.00092580,-0.00046081,-0.00046459
0.00092590,-0.00036495,-0.00059994
0.00092600,-0.00017861,-0.00073334
0.00092610,-0.00022099,-0.00086433
0.00092620,-0.00037229,-0.00099242
0.00092630,-0.00027344,-0.00111716
0.00092640,-0.00039596,-0.00123809
0.00092650,-0.00032355,-0.00135477
0.00092660,-0.00031256,-0.00146677
0.00092670,-0.00033030,-0.00157367
0.00092680,-0.00040786,-0.00167508
0.00092690,-0.00055092,-0.00177062
0.00092700,-0.00038398,-0.00185993
0.00092710,-0.00044683,-0.00194267
0.00092720,-0.00066284,-0.00201853
0.00092730,-0.00054473,-0.00208721
0.00092740,-0.00048821,-0.00214846
0.00092750,-0.00051535,-0.00220202
0.00092760,-0.00072249,-0.00224770
0.00092770,-0.00062995,-0.00228531
0.00092780,-0.00076598,-0.00231468
0.00092790,-0.00062675,-0.00233571
0.00092800,-0.00059447,-0.00234829
0.00092810,-0.00058633,-0.00235235
0.00092820,-0.00043564,-0.00234788
0.00092830,-0.00050580,-0.00233486
0.00092840,-0.00036822,-0.00231333
0.00092850,-0.00044926,-0.00228335
0.00092860,-0.00038533,-0.00224501
0.00092870,-0.00044224,-0.00219843
0.00092880,-0.00038369,-0.00214377
0.00092890,-0.00026072,-0.00208122
0.00092900,-0.00024646,-0.00201099
0.00092910,-0.00024524,-0.00193331
0.00092920,-0.00026008,-0.00184847
0.00092930,-0.00047821,-0.00175676
0.00092940,-0.00024399,-0.00165851
0.00092950,-0.00006935,-0.00155406
0.00092960,-0.00023692,-0.00144380
0.00092970,-0.00016542,-0.00132812
0.00092980,-0.00022493,-0.00120745
0.00092990,-0.00005596,-0.00108222
0.00093000,-0.00024947,-0.00095289
0.00093010,-0.00030722,-0.00081995
0.00093020,-0.00018860,-0.00068389
0.00093030,-0.00012020,-0.00054520
0.00093040,-0.00005941,-0.00040442
0.00093050,-0.00000190,-0.00026208
0.00093060,0.00006020,-0.00011869
0.00093070,-0.00009625,0.00002518
0.00093080,-0.00012505,0.00016900
0.00093090,0.00002053,0.00031223
0.00093100,0.00015011,0.00045430
0.00093110,0.00003388,0.00059469
0.00093120,-0.00001988,0.00073285
0.00093130,-0.00004345,0.00086825
0.00093140,0.00002474,0.00100038
0.00093150,0.00007706,0.00112872
0.00093160,0.00003519,0.00125279
0.00093170,0.00008650,0.00137208
0.00093180,0.00019319,0.00148616
0.00093190,0.00023193,0.00159457
0.00093200,0.00004247,0.00169689
0.00093210,0.00016667,0.00179273
0.00093220,-0.00014364,0.00188171
0.00093230,0.00006500,0.00196348
0.00093240,0.00022378,0.00203773
0.00093250,0.00004553,0.00210417
0.00093260,0.00010734,0.00216254
0.00093270,0.00003829,0.00221261
0.00093280,0.00006387,0.00225418
0.00093290,0.00013031,0.00228711
0.00093300,0.00037285,0.00231125
0.00093310,0.00014856,0.00232653
0.00093320,0.00018887,0.00233287
0.00093330,0.00008926,0.00233027
0.00093340,-0.00000232,0.00231873
0.00093350,0.00002845,0.00229831
0.00093360,0.00002619,0.00226910
0.00093370,0.00003236,0.00223121
0.00093380,-0.00013158,0.00218480
0.00093390,-0.00001954,0.00213006
0.00093400,-0.00014991,0.00206722
0.00093410,-0.00016208,0.00199653
0.00093420,-0.00019784,0.00191827
0.00093430,-0.00008044,0.00183277
0.00093440,-0.00017709,0.00174037
0.00093450,-0.00040253,0.00164144
0.00093460,-0.00030287,0.00153638
0.00093470,-0.00044469,0.00142561
0.00093480,-0.00018274,0.00130958
0.00093490,-0.00015274,0.00118874
0.00093500,-0.00038147,0.00106358
0.00093510,-0.00020213,0.00093459
0.00093520,-0.00034454,0.00080229
0.00093530,-0.00036861,0.00066720
0.00093540,-0.00027456,0.00052985
0.00093550,-0.00034465,0.00039077
0.00093560,-0.00019165,0.00025053
0.00093570,-0.00045482,0.00010965
0.00093580,-0.00056414,-0.00003129
0.00093590,-0.00055600,-0.00017177
0.00093600,-0.00052684,-0.00031122
0.00093610,-0.00052982,-0.00044912
0.00093620,-0.00061765,-0.00058492
0.00093630,-0.00059695,-0.00071810
0.00093640,-0.00061819,-0.00084814
0.00093650,-0.00060326,-0.00097455
0.00093660,-0.00060882,-0.00109683
0.00093670,-0.00069067,-0.00121453
0.00093680,-0.00074313,-0.00132718
0.00093690,-0.00072066,-0.00143436
0.00093700,-0.00096053,-0.00153566
0.00093710,-0.00094336,-0.00163070
0.00093720,-0.00077785,-0.00171911
0.00093730,-0.00082710,-0.00180057
0.00093740,-0.00079087,-0.00187477
0.00093750,-0.00072558,-0.00194144
0.00093760,-0.00065838,-0.00200032
0.00093770,-0.00058587,-0.00205122
0.00093780,-0.00056208,-0.00209394
0.00093790,-0.00052946,-0.00212834
0.00093800,-0.00053694,-0.00215431
0.00093810,-0.00045563,-0.00217175
0.00093820,-0.00053547,-0.00218064
0.00093830,-0.00052244,-0.00218095
0.00093840,-0.00046640,-0.00217271
0.00093850,-0.00062859,-0.00215597
0.00093860,-0.00052400,-0.00213082
0.00093870,-0.00043619,-0.00209739
0.00093880,-0.00040122,-0.00205583
0.00093890,-0.00041155,-0.00200633
0.00093900,-0.00040226,-0.00194911
0.00093910,-0.00049274,-0.00188442
0.00093920,-0.00038440,-0.00181253
0.00093930,-0.00030054,-0.00173376
0.00093940,-0.00031048,-0.00164844
0.00093950,-0.00010660,-0.00155691
0.00093960,-0.00012922,-0.00145958
0.00093970,0.00004069,-0.00135683
0.00093980,0.00000525,-0.00124909
0.00093990,-0.00012270,-0.00113681
0.00094000,-0.00006336,-0.00102044
0.00094010,0.00001253,-0.00090046
0.00094020,-0.00006192,-0.00077735
0.00094030,-0.00001031,-0.00065162
0.00094040,0.00011207,-0.00052376
0.00094050,0.00007939,-0.00039431
0.00094060,0.00004351,-0.00026377
0.00094070,0.00010355,-0.00013268
0.00094080,0.00032068,-0.00000155
0.00094090,0.00016118,0.00012909
0.00094100,0.00016784,0.00025871
0.00094110,-0.00012242,0.00038680
0.00094120,0.00029251,0.00051286
0.00094130,0.00025617,0.00063637
0.00094140,0.00014794,0.00075686
0.00094150,0.00028863,0.00087384
0.00094160,-0.00007680,0.00098685
0.00094170,0.00014659,0.00109545
0.00094180,0.00013714,0.00119922
0.00094190,0.00028702,0.00129775
0.00094200,0.00039574,0.00139066
0.00094210,0.00032858,0.00147759
0.00094220,0.00042511,0.00155822
0.00094230,0.00043665,0.00163224
0.00094240,0.00046421,0.00169937
0.00094250,0.00036533,0.00175936
0.00094260,0.00030268,0.00181201
0.00094270,0.00017078,0.00185712
0.00094280,0.00030158,0.00189454
0.00094290,0.00028283,0.00192415
0.00094300,0.00022749,0.00194586
0.00094310,0.00020103,0.00195963
0.00094320,0.00007246,0.00196541
0.00094330,0.00001715,0.00196324
0.00094340,0.00015391,0.00195315
0.00094350,0.00005171,0.00193523
0.00094360,-0.00019270,0.00190957
0.00094370,0.00007727,0.00187633
0.00094380,0.00001795,0.00183568
0.00094390,-0.00008237,0.00178782
0.00094400,-0.00021858,0.00173298
0.00094410,-0.00034680,0.00167143
0.00094420,-0.00025247,0.00160346
0.00094430,-0.00026636,0.00152938
0.00094440,-0.00028462,0.00144953
0.00094450,-0.00044141,0.00136428
0.00094460,-0.00023484,0.00127400
0.00094470,-0.00049911,0.00117910
0.00094480,-0.00041571,0.00107999
0.00094490,-0.00034559,0.00097713
0.00094500,-0.00035386,0.00087095
0.00094510,-0.00040478,0.00076191
0.00094520,-0.00047978,0.00065049
0.00094530,-0.00040982,0.00053716
0.00094540,-0.00054972,0.00042241
0.00094550,-0.00071105,0.00030672
0.00094560,-0.00062680,0.00019058
0.00094570,-0.00043979,0.00007447
0.00094580,-0.00059268,-0.00004113
0.00094590,-0.00076525,-0.00015574
0.00094600,-0.00066523,-0.00026888
0.00094610,-0.00075955,-0.00038011
0.00094620,-0.00070900,-0.00048896
0.00094630,-0.00051317,-0.00059501
0.00094640,-0.00055396,-0.00069784
0.00094650,-0.00074140,-0.00079703
0.00094660,-0.00057301,-0.00089222
0.00094670,-0.00055806,-0.00098302
0.00094680,-0.00054604,-0.00106909
0.00094690,-0.00056505,-0.00115011
0.00094700,-0.00076684,-0.00122579
0.00094710,-0.00063676,-0.00129585
0.00094720,-0.00080670,-0.00136004
0.00094730,-0.00071761,-0.00141814
0.00094740,-0.00078545,-0.00146996
0.00094750,-0.00083700,-0.00151533
0.00094760,-0.00064583,-0.00155412
0.00094770,-0.00054586,-0.00158623
0.00094780,-0.00045779,-0.00161158
0.00094790,-0.00047650,-0.00163012
0.00094800,-0.00064166,-0.00164183
0.00094810,-0.00065563,-0.00164675
0.00094820,-0.00073726,-0.00164490
0.00094830,-0.00069093,-0.00163637
0.00094840,-0.00051427,-0.00162126
0.00094850,-0.00059689,-0.00159969
0.00094860,-0.00045425,-0.00157184
0.00094870,-0.00039252,-0.00153787
0.00094880,-0.00033400,-0.00149801
0.00094890,-0.00040301,-0.00145249
0.00094900,-0.00030860,-0.00140157
0.00094910,-0.00026588,-0.00134552
0.00094920,-0.00010427,-0.00128464
0.00094930,0.00006595,-0.00121925
0.00094940,-0.00002837,-0.00114968
0.00094950,0.00012118,-0.00107629
0.00094960,0.00002489,-0.00099943
0.00094970,0.00001588,-0.00091948
0.00094980,-0.00010319,-0.00083681
0.00094990,-0.00022202,-0.00075183
0.00095000,-0.00026844,-0.00066492
0.00095010,-0.00014279,-0.00057648
0.00095020,-0.00000179,-0.00048691
0.00095030,0.00007125,-0.00039661
0.00095040,0.00015154,-0.00030599
0.00095050,0.00008070,-0.00021542
0.00095060,0.00024441,-0.00012530
0.00095070,0.00025564,-0.00003601
0.00095080,0.00031114,0.00005210
0.00095090,0.00040266,0.00013865
0.00095100,0.00029229,0.00022331
0.00095110,0.00046446,0.00030574
0.00095120,0.00042619,0.00038565
0.00095130,0.00030423,0.00046272
0.00095140,0.00038656,0.00053668
0.00095150,0.00034941,0.00060728
0.00095160,0.00038683,0.00067427
0.00095170,0.00033410,0.00073744
0.00095180,0.00024817,0.00079659
0.00095190,0.00017524,0.00085155
0.00095200,0.00018483,0.00090217
0.00095210,0.00020859,0.00094831
0.00095220,0.00015000,0.00098987
0.00095230,0.00016288,0.00102677
0.00095240,0.00024304,0.00105894
0.00095250,0.00031009,0.00108636
0.00095260,0.00028028,0.00110899
0.00095270,0.00025249,0.00112685
0.00095280,0.00007208,0.00113996
0.00095290,0.00002494,0.00114838
0.00095300,0.00015881,0.00115217
0.00095310,0.00016587,0.00115143
0.00095320,0.00023119,0.00114626
0.00095330,0.00018104,0.00113680
0.00095340,0.00023936,0.00112318
0.00095350,0.00010636,0.00110556
0.00095360,0.00009305,0.00108414
0.00095370,-0.00006217,0.00105909
0.00095380,-0.00020519,0.00103062
0.00095390,-0.00017495,0.00099895
0.00095400,-0.00042638,0.00096430
0.00095410,-0.00025504,0.00092690
0.00095420,-0.00033491,0.00088700
0.00095430,-0.00018354,0.00084485
0.00095440,-0.00023992,0.00080069
0.00095450,-0.00026978,0.00075479
0.00095460,-0.00041351,0.00070738
0.00095470,-0.00031005,0.00065874
0.00095480,-0.00053919,0.00060912
0.00095490,-0.00057115,0.00055875
0.00095500,-0.00050952,0.00050790
0.00095510,-0.00042426,0.00045679
0.00095520,-0.00022524,0.00040567
0.00095530,-0.00034173,0.00035476
0.00095540,-0.00030055,0.00030427
0.00095550,-0.00046543,0.00025441
0.00095560,-0.00038784,0.00020538
0.00095570,-0.00054546,0.00015736
0.00095580,-0.00043559,0.00011051
0.00095590,-0.00053428,0.00006501
0.00095600,-0.00065370,0.00002099
0.00095610,-0.00059222,-0.00002142
0.00095620,-0.00061601,-0.00006210
0.00095630,-0.00048695,-0.00010096
0.00095640,-0.00072241,-0.00013789
0.00095650,-0.00052473,-0.00017285
0.00095660,-0.00062300,-0.00020576
0.00095670,-0.00068858,-0.00023660
0.00095680,-0.00056166,-0.00026533
0.00095690,-0.00051450,-0.00029194
0.00095700,-0.00064964,-0.00031644
0.00095710,-0.00059437,-0.00033885
0.00095720,-0.00050524,-0.00035919
0.00095730,-0.00057102,-0.00037751
0.00095740,-0.00042688,-0.00039386
0.00095750,-0.00047944,-0.00040830
0.00095760,-0.00050394,-0.00042092
0.00095770,-0.00059563,-0.00043179
0.00095780,-0.00030983,-0.00044101
0.00095790,-0.00021414,-0.00044867
0.00095800,-0.00031884,-0.00045488
0.00095810,-0.00024805,-0.00045975
0.00095820,-0.00033791,-0.00046340
0.00095830,-0.00055849,-0.00046595
0.00095840,-0.00045785,-0.00046751
0.00095850,-0.00037363,-0.00046820
0.00095860,-0.00045272,-0.00046816
0.00095870,-0.00042964,-0.00046749
0.00095880,-0.00045714,-0.00046632
0.00095890,-0.00049306,-0.00046476
0.00095900,-0.00060685,-0.00046292
0.00095910,-0.00039195,-0.00046091
0.00095920,-0.00026964,-0.00045882
0.00095930,-0.00027687,-0.00045676
0.00095940,-0.00016558,-0.00045479
0.00095950,-0.00012889,-0.00045301
0.00095960,-0.00006771,-0.00045147
0.00095970,-0.00014465,-0.00045022
0.00095980,-0.00011987,-0.00044933
0.00095990,0.00002667,-0.00044881
0.00096000,0.00004557,-0.00044870
0.00096010,0.00014871,-0.00044901
0.00096020,0.00002570,-0.00044973
0.00096030,-0.00007296,-0.00045086
0.00096040,0.00001813,-0.00045238
0.00096050,-0.00011850,-0.00045426
0.00096060,0.00006622,-0.00045645
0.00096070,0.00007886,-0.00045891
0.00096080,-0.00012179,-0.00046157
0.00096090,-0.00001769,-0.00046437
0.00096100,-0.00019915,-0.00046722
0.00096110,0.00004188,-0.00047004
0.00096120,0.00003063,-0.00047275
0.00096130,0.00006245,-0.00047524
0.00096140,0.00004787,-0.00047741
0.00096150,-0.00017512,-0.00047915
0.00096160,0.00000909,-0.00048036
0.00096170,0.00001819,-0.00048092
0.00096180,0.00003704,-0.00048071
0.00096190,0.00000248,-0.00047964
0.00096200,-0.00002872,-0.00047757
0.00096210,-0.00004017,-0.00047439
0.00096220,-0.00012883,-0.00047000
0.00096230,0.00004308,-0.00046428
0.00096240,0.00013232,-0.00045713
0.00096250,0.00004725,-0.00044845
0.00096260,0.00014559,-0.00043814
0.00096270,0.00002638,-0.00042612
0.00096280,-0.00001264,-0.00041230
0.00096290,-0.00006361,-0.00039660
0.00096300,-0.00005820,-0.00037896
0.00096310,-0.00009912,-0.00035933
0.00096320,-0.00016660,-0.00033765
0.00096330,-0.00004572,-0.00031390
0.00096340,-0.00006300,-0.00028803
0.00096350,0.00002548,-0.00026005
0.00096360,-0.00026547,-0.00022995
0.00096370,-0.00016261,-0.00019774
0.00096380,-0.00009155,-0.00016345
0.00096390,-0.00019934,-0.00012712
0.00096400,0.00007386,-0.00008879
0.00096410,-0.00027760,-0.00004854
0.00096420,-0.00014875,-0.00000645
0.00096430,-0.00018240,0.00003738
0.00096440,-0.00013220,0.00008286
0.00096450,-0.00005254,0.00012985
0.00096460,-0.00008805,0.00017821
0.00096470,-0.00005792,0.00022781
0.00096480,-0.00026035,0.00027846
0.00096490,-0.00016328,0.00033001
0.00096500,-0.00006657,0.00038226
0.00096510,-0.00012589,0.00043502
0.00096520,-0.00017928,0.00048808
0.00096530,-0.00037518,0.00054123
0.00096540,-0.00024900,0.00059425
0.00096550,-0.00033448,0.00064691
0.00096560,-0.00048954,0.00069897
0.00096570,-0.00038050,0.00075021
0.00096580,-0.00061561,0.00080037
0.00096590,-0.00051352,0.00084922
0.00096600,-0.00050811,0.00089652
0.00096610,-0.00045888,0.00094203
0.00096620,-0.00040535,0.00098550
0.00096630,-0.00030797,0.00102671
0.00096640,-0.00011755,0.00106542
0.00096650,-0.00039859,0.00110141
0.00096660,-0.00028403,0.00113447
0.00096670,-0.00044655,0.00116438
0.00096680,-0.00035265,0.00119094
0.00096690,-0.00016331,0.00121397
0.00096700,-0.00028352,0.00123329
0.00096710,-0.00044424,0.00124874
0.00096720,-0.00037772,0.00126015
0.00096730,-0.00042254,0.00126740
0.00096740,-0.00056575,0.00127035
0.00096750,-0.00057857,0.00126890
0.00096760,-0.00056042,0.00126296
0.00096770,-0.00064755,0.00125244
0.00096780,-0.00058526,0.00123730
0.00096790,-0.00054744,0.00121748
0.00096800,-0.00029100,0.00119298
0.00096810,-0.00033452,0.00116378
0.00096820,-0.00050395,0.00112990
0.00096830,-0.00035107,0.00109138
0.00096840,-0.00044912,0.00104827
0.00096850,-0.00030108,0.00100064
0.00096860,-0.00030701,0.00094860
0.00096870,-0.00051305,0.00089225
0.00096880,-0.00024665,0.00083173
0.00096890,-0.00021420,0.00076720
0.00096900,-0.00011600,0.00069883
0.00096910,-0.00020868,0.00062680
0.00096920,-0.00033111,0.00055134
0.00096930,-0.00039176,0.00047266
0.00096940,-0.00039967,0.00039102
0.00096950,-0.00030232,0.00030667
0.00096960,-0.00035244,0.00021989
0.00096970,-0.00027450,0.00013097
0.00096980,-0.00033743,0.00004021
0.00096990,-0.00037457,-0.00005207
0.00097000,-0.00038916,-0.00014555
0.00097010,-0.00046228,-0.00023989
0.00097020,-0.00032035,-0.00033474
0.00097030,-0.00021028,-0.00042977
0.00097040,-0.00015008,-0.00052460
0.00097050,-0.00001238,-0.00061889
0.00097060,-0.00019311,-0.00071227
0.00097070,-0.00022658,-0.00080437
0.00097080,-0.00019862,-0.00089484
0.00097090,-0.00007703,-0.00098330
0.00097100,0.00021142,-0.00106941
0.00097110,-0.00004436,-0.00115279
0.00097120,-0.00001797,-0.00123311
0.00097130,-0.00012819,-0.00131002
0.00097140,-0.00015480,-0.00138318
0.00097150,-0.00011711,-0.00145227
0.00097160,-0.00019207,-0.00151697
0.00097170,-0.00019552,-0.00157699
0.00097180,-0.00005561,-0.00163203
0.00097190,-0.00010101,-0.00168183
0.00097200,-0.00003623,-0.00172613
0.00097210,-0.00005860,-0.00176469
0.00097220,-0.00010046,-0.00179729
0.00097230,0.00002861,-0.00182373
0.00097240,-0.00007656,-0.00184385
0.00097250,-0.00001704,-0.00185748
0.00097260,-0.00001933,-0.00186450
0.00097270,0.00003287,-0.00186480
0.00097280,0.00013539,-0.00185831
0.00097290,0.00007620,-0.00184497
0.00097300,-0.00002276,-0.00182475
0.00097310,0.00004532,-0.00179767
0.00097320,-0.00007657,-0.00176374
0.00097330,-0.00004907,-0.00172304
0.00097340,-0.00022065,-0.00167563
0.00097350,-0.00032382,-0.00162166
0.00097360,-0.00013542,-0.00156124
0.00097370,-0.00016437,-0.00149457
0.00097380,-0.00006473,-0.00142183
0.00097390,-0.00007412,-0.00134326
0.00097400,0.00014222,-0.00125910
0.00097410,-0.00005951,-0.00116965
0.00097420,-0.00014674,-0.00107519
0.00097430,0.00000968,-0.00097607
0.00097440,-0.00006691,-0.00087262
0.00097450,-0.00004427,-0.00076523
0.00097460,-0.00035746,-0.00065427
0.00097470,-0.00024501,-0.00054017
0.00097480,-0.00031471,-0.00042335
0.00097490,-0.00020212,-0.00030423
0.00097500,-0.00027638,-0.00018329
0.00097510,-0.00024300,-0.00006097
0.00097520,-0.00031683,0.00006224
0.00097530,-0.00026577,0.00018588
0.00097540,-0.00010863,0.00030945
0.00097550,-0.00017882,0.00043247
0.00097560,-0.00011423,0.00055446
0.00097570,-0.00040701,0.00067493
0.00097580,-0.00040087,0.00079339
0.00097590,-0.00031283,0.00090938
0.00097600,-0.00026704,0.00102243
0.00097610,-0.00032504,0.00113207
0.00097620,-0.00053643,0.00123786
0.00097630,-0.00046532,0.00133936
0.00097640,-0.00035191,0.00143617
0.00097650,-0.00023851,0.00152787
0.00097660,-0.00040317,0.00161409
0.00097670,-0.00045440,0.00169448
0.00097680,-0.00038554,0.00176869
0.00097690,-0.00038926,0.00183640
0.00097700,-0.00032795,0.00189734
0.00097710,-0.00037574,0.00195125
0.00097720,-0.00040673,0.00199788
0.00097730,-0.00035399,0.00203705
0.00097740,-0.00026265,0.00206856
0.00097750,-0.00023634,0.00209229
0.00097760,-0.00025751,0.00210812
0.00097770,-0.00043958,0.00211598
0.00097780,-0.00041930,0.00211581
0.00097790,-0.00054699,0.00210760
0.00097800,-0.00051096,0.00209138
0.00097810,-0.00049380,0.00206720
0.00097820,-0.00056143,0.00203513
0.00097830,-0.00056673,0.00199531
0.00097840,-0.00043658,0.00194787
0.00097850,-0.00052613,0.00189300
0.00097860,-0.00062127,0.00183092
0.00097870,-0.00046343,0.00176186
0.00097880,-0.00059191,0.00168610
0.00097890,-0.00043489,0.00160393
0.00097900,-0.00047367,0.00151568
0.00097910,-0.00044943,0.00142171
0.00097920,-0.00040377,0.00132238
0.00097930,-0.00044438,0.00121808
0.00097940,-0.00006095,0.00110925
0.00097950,-0.00013745,0.00099630
0.00097960,-0.00005418,0.00087969
0.00097970,-0.00005503,0.00075989
0.00097980,0.00001525,0.00063737
0.00097990,-0.00006352,0.00051262
0.00098000,-0.00005384,0.00038613
0.00098010,-0.00022833,0.00025842
0.00098020,-0.00006107,0.00012997
0.00098030,0.00016556,0.00000132
0.00098040,-0.00000191,-0.00012705
0.00098050,-0.00001511,-0.00025461
0.00098060,-0.00020848,-0.00038088
0.00098070,-0.00008493,-0.00050534
0.00098080,0.00002694,-0.00062751
0.00098090,-0.00003218,-0.00074691
0.00098100,-0.00001324,-0.00086308
0.00098110,-0.00027146,-0.00097556
0.00098120,-0.00033834,-0.00108392
0.00098130,-0.00010951,-0.00118774
0.00098140,-0.00006559,-0.00128661
0.00098150,0.00005428,-0.00138016
0.00098160,0.00011022,-0.00146804
0.00098170,0.00009463,-0.00154991
0.00098180,0.00024811,-0.00162546
0.00098190,0.00035666,-0.00169443
0.00098200,0.00028683,-0.00175655
0.00098210,0.00015527,-0.00181161
0.00098220,0.00029525,-0.00185942
0.00098230,0.00019877,-0.00189982
0.00098240,0.00021449,-0.00193267
0.00098250,0.00000514,-0.00195789
0.00098260,-0.00004424,-0.00197540
0.00098270,-0.00010011,-0.00198519
0.00098280,0.00003916,-0.00198724
0.00098290,0.00010321,-0.00198159
0.00098300,-0.00014284,-0.00196831
0.00098310,-0.00009383,-0.00194749
0.00098320,-0.00012390,-0.00191925
0.00098330,-0.00017471,-0.00188376
0.00098340,-0.00023502,-0.00184119
0.00098350,-0.00029906,-0.00179176
0.00098360,-0.00027824,-0.00173570
0.00098370,-0.00022899,-0.00167327
0.00098380,-0.00023234,-0.00160476
0.00098390,-0.00021243,-0.00153048
0.00098400,-0.00015618,-0.00145076
0.00098410,0.00009445,-0.00136594
0.00098420,0.00015101,-0.00127638
0.00098430,-0.00016798,-0.00118249
0.00098440,0.00002184,-0.00108464
0.00098450,-0.00015161,-0.00098325
0.00098460,-0.00023920,-0.00087874
0.00098470,-0.00010470,-0.00077154
0.00098480,-0.00013008,-0.00066208
0.00098490,-0.00008947,-0.00055082
0.00098500,-0.00009007,-0.00043820
0.00098510,-0.00007198,-0.00032467
0.00098520,-0.00014170,-0.00021067
0.00098530,-0.00031814,-0.00009666
0.00098540,-0.00025784,0.00001691
0.00098550,-0.00036373,0.00012962
0.00098560,-0.00037762,0.00024102
0.00098570,-0.00026117,0.00035068
0.00098580,-0.00035316,0.00045820
0.00098590,-0.00033876,0.00056317
0.00098600,-0.00027140,0.00066520
0.00098610,-0.00019251,0.00076392
0.00098620,-0.00036384,0.00085896
0.00098630,-0.00030217,0.00094999
0.00098640,-0.00037481,0.00103668
0.00098650,-0.00036587,0.00111872
0.00098660,-0.00030073,0.00119584
0.00098670,-0.00037370,0.00126777
0.00098680,-0.00041121,0.00133428
0.00098690,-0.00046841,0.00139514
0.00098700,-0.00065698,0.00145018
0.00098710,-0.00070147,0.00149921
0.00098720,-0.00063389,0.00154210
0.00098730,-0.00055451,0.00157873
0.00098740,-0.00055933,0.00160901
0.00098750,-0.00058188,0.00163288
0.00098760,-0.00058808,0.00165028
0.00098770,-0.00040098,0.00166122
0.00098780,-0.00022723,0.00166569
0.00098790,-0.00023753,0.00166373
0.00098800,-0.00039947,0.00165539
0.00098810,-0.00041359,0.00164077
0.00098820,-0.00038409,0.00161996
0.00098830,-0.00038241,0.00159310
0.00098840,-0.00025496,0.00156033
0.00098850,-0.00036028,0.00152182
0.00098860,-0.00024053,0.00147777
0.00098870,-0.00027163,0.00142839
0.00098880,-0.00031327,0.00137390
0.00098890,-0.00025308,0.00131456
0.00098900,-0.00023731,0.00125062
0.00098910,-0.00026369,0.00118236
0.00098920,-0.00033698,0.00111007
0.00098930,-0.00029693,0.00103406
0.00098940,-0.00037726,0.00095463
0.00098950,-0.00032000,0.00087212
0.00098960,-0.00023971,0.00078686
0.00098970,-0.00019716,0.00069918
0.00098980,-0.00028577,0.00060944
0.00098990,-0.00025487,0.00051798
0.00099000,-0.00009672,0.00042517
0.00099010,-0.00014377,0.00033136
0.00099020,0.00014065,0.00023692
0.00099030,-0.00002253,0.00014220
0.00099040,-0.00017855,0.00004756
0.00099050,-0.00003353,-0.00004663
0.00099060,-0.00002933,-0.00014003
0.00099070,0.00008212,-0.00023229
0.00099080,-0.00002270,-0.00032306
0.00099090,0.00002160,-0.00041200
0.00099100,-0.00007944,-0.00049880
0.00099110,0.00000798,-0.00058313
0.00099120,0.00001642,-0.00066468
0.00099130,0.00000434,-0.00074316
0.00099140,-0.00000125,-0.00081829
0.00099150,0.00003888,-0.00088980
0.00099160,0.00006763,-0.00095744
0.00099170,-0.00011145,-0.00102096
0.00099180,-0.00006700,-0.00108015
0.00099190,-0.00006002,-0.00113480
0.00099200,-0.00003364,-0.00118473
0.00099210,0.00007602,-0.00122976
0.00099220,-0.00012092,-0.00126976
0.00099230,0.00002523,-0.00130460
0.00099240,-0.00007152,-0.00133416
0.00099250,-0.00017022,-0.00135835
0.00099260,-0.00018574,-0.00137712
0.00099270,-0.00010121,-0.00139040
0.00099280,-0.00000649,-0.00139818
0.00099290,-0.00003147,-0.00140044
0.00099300,-0.00004658,-0.00139721
0.00099310,-0.00007113,-0.00138851
0.00099320,-0.00000689,-0.00137439
0.00099330,-0.00014041,-0.00135494
0.00099340,-0.00014931,-0.00133025
0.00099350,-0.00009537,-0.00130042
0.00099360,-0.00019743,-0.00126560
0.00099370,-0.00014242,-0.00122592
0.00099380,-0.00007294,-0.00118157
0.00099390,-0.00003842,-0.00113271
0.00099400,0.00010960,-0.00107957
0.00099410,-0.00000514,-0.00102235
0.00099420,-0.00020533,-0.00096128
0.00099430,-0.00033207,-0.00089661
0.00099440,-0.00037938,-0.00082860
0.00099450,-0.00020666,-0.00075752
0.00099460,-0.00034926,-0.00068365
0.00099470,-0.00035414,-0.00060729
0.00099480,-0.00026867,-0.00052873
0.00099490,-0.00017771,-0.00044828
0.00099500,-0.00022341,-0.00036625
0.00099510,-0.00032661,-0.00028298
0.00099520,-0.00036364,-0.00019878
0.00099530,-0.00041841,-0.00011397
0.00099540,-0.00043216,-0.00002890
0.00099550,-0.00045313,0.00005611
0.00099560,-0.00047218,0.00014074
0.00099570,-0.00044888,0.00022464
0.00099580,-0.00031990,0.00030749
0.00099590,-0.00035870,0.00038897
0.00099600,-0.00033264,0.00046875
0.00099610,-0.00043942,0.00054654
0.00099620,-0.00052071,0.00062201
0.00099630,-0.00037086,0.00069488
0.00099640,-0.00036894,0.00076484
0.00099650,-0.00046298,0.00083164
0.00099660,-0.00055423,0.00089499
0.00099670,-0.00043285,0.00095465
0.00099680,-0.00020777,0.00101038
0.00099690,-0.00036390,0.00106194
0.00099700,-0.00030109,0.00110913
0.00099710,-0.00009416,0.00115175
0.00099720,-0.00012839,0.00118964
0.00099730,-0.00019120,0.00122262
0.00099740,-0.00011731,0.00125056
0.00099750,-0.00018127,0.00127333
0.00099760,-0.00022756,0.00129085
0.00099770,-0.00015338,0.00130302
0.00099780,-0.00016228,0.00130979
0.00099790,-0.00020243,0.00131113
0.00099800,-0.00028329,0.00130701
0.00099810,-0.00025737,0.00129745
0.00099820,-0.00038957,0.00128247
0.00099830,-0.00024220,0.00126212
0.00099840,-0.00023574,0.00123647
0.00099850,-0.00010769,0.00120563
0.00099860,-0.00015134,0.00116970
0.00099870,-0.00026150,0.00112883
0.00099880,-0.00009563,0.00108317
0.00099890,-0.00011710,0.00103290
0.00099900,-0.00007764,0.00097822
0.00099910,-0.00026442,0.00091935
0.00099920,-0.00017475,0.00085653
0.00099930,-0.00010447,0.00079000
0.00099940,-0.00016382,0.00072004
0.00099950,-0.00024374,0.00064693
0.00099960,-0.00019783,0.00057097
0.00099970,-0.00011638,0.00049246
0.00099980,-0.00005043,0.00041174
0.00099990,-0.00002453,0.00032913
0.00100000,0.00003454,0.00024497
0.00100010,-0.00011920,0.00015961
0.00100020,-0.00001068,0.00007340
0.00100030,0.00006524,-0.00001330
0.00100040,-0.00027121,-0.00010014
0.00100050,-0.00022551,-0.00018674
0.00100060,-0.00035654,-0.00027277
0.00100070,-0.00033842,-0.00035784
0.00100080,-0.00039704,-0.00044162
0.00100090,-0.00043976,-0.00052375
0.00100100,-0.00011665,-0.00060388
0.00100110,-0.00025422,-0.00068169
0.00100120,-0.00041278,-0.00075683
0.00100130,-0.00022108,-0.00082900
0.00100140,-0.00032111,-0.00089789
0.00100150,-0.00045621,-0.00096320
0.00100160,-0.00030148,-0.00102465
0.00100170,-0.00033493,-0.00108198
0.00100180,-0.00030870,-0.00113493
0.00100190,-0.00036983,-0.00118329
0.00100200,-0.00047438,-0.00122683
0.00100210,-0.00041367,-0.00126535
0.00100220,-0.00057023,-0.00129870
0.00100230,-0.00058543,-0.00132671
0.00100240,-0.00051558,-0.00134925
0.00100250,-0.00041416,-0.00136621
0.00100260,-0.00029128,-0.00137750
0.00100270,-0.00008001,-0.00138307
0.00100280,-0.00029292,-0.00138287
0.00100290,-0.00035836,-0.00137688
0.00100300,-0.00036520,-0.00136512
0.00100310,-0.00021293,-0.00134761
0.00100320,-0.00033710,-0.00132440
0.00100330,-0.00031140,-0.00129558
0.00100340,-0.00036398,-0.00126126
0.00100350,-0.00036629,-0.00122154
0.00100360,-0.00024851,-0.00117658
0.00100370,-0.00014804,-0.00112655
0.00100380,0.00000223,-0.00107164
0.00100390,-0.00004571,-0.00101206
0.00100400,0.00000358,-0.00094804
0.00100410,-0.00006154,-0.00087983
0.00100420,-0.00015428,-0.00080771
0.00100430,-0.00004779,-0.00073194
0.00100440,-0.00016856,-0.00065285
0.00100450,-0.00000907,-0.00057074
0.00100460,-0.00005044,-0.00048594
0.00100470,-0.00011527,-0.00039880
0.00100480,-0.00025648,-0.00030968
0.00100490,-0.00028589,-0.00021893
0.00100500,-0.00007079,-0.00012693
0.00100510,-0.00004408,-0.00003406
0.00100520,-0.00016999,0.00005930
0.00100530,-0.00022844,0.00015277
0.00100540,-0.00000266,0.00024596
0.00100550,0.00007575,0.00033848
0.00100560,0.00005662,0.00042995
0.00100570,0.00025048,0.00051999
0.00100580,0.00009253,0.00060823
0.00100590,0.00003632,0.00069430
0.00100600,0.00009111,0.00077784
0.00100610,0.00025477,0.00085850
0.00100620,0.00022211,0.00093596
0.00100630,0.00004767,0.00100988
0.00100640,-0.00006344,0.00107996
0.00100650,-0.00003566,0.00114591
0.00100660,0.00028019,0.00120745
0.00100670,0.00019608,0.00126433
0.00100680,0.00013533,0.00131630
0.00100690,-0.00000238,0.00136315
0.00100700,-0.00010247,0.00140468
0.00100710,0.00005275,0.00144072
0.00100720,-0.00011445,0.00147110
0.00100730,-0.00003645,0.00149570
0.00100740,-0.00019439,0.00151442
0.00100750,-0.00017794,0.00152715
0.00100760,-0.00011293,0.00153386
0.00100770,-0.00012683,0.00153449
0.00100780,0.00002622,0.00152904
0.00100790,-0.00017200,0.00151752
0.00100800,-0.00010421,0.00149996
0.00100810,-0.00005015,0.00147644
0.00100820,-0.00015808,0.00144704
0.00100830,-0.00002727,0.00141185
0.00100840,-0.00009852,0.00137103
0.00100850,-0.00028158,0.00132472
0.00100860,-0.00015223,0.00127310
0.00100870,-0.00014831,0.00121636
0.00100880,-0.00003008,0.00115473
0.00100890,-0.00015401,0.00108844
0.00100900,-0.00039263,0.00101774
0.00100910,-0.00035610,0.00094290
0.00100920,-0.00040719,0.00086422
0.00100930,-0.00049362,0.00078198
0.00100940,-0.00050284,0.00069651
0.00100950,-0.00046820,0.00060813
0.00100960,-0.00051383,0.00051718
0.00100970,-0.00062639,0.00042399
0.00100980,-0.00063668,0.00032894
0.00100990,-0.00064916,0.00023236
0.00101000,-0.00070676,0.00013465
0.00101010,-0.00062059,0.00003615
0.00101020,-0.00040714,-0.00006275
0.00101030,-0.00044873,-0.00016169
0.00101040,-0.00046102,-0.00026027
0.00101050,-0.00065853,-0.00035814
0.00101060,-0.00078379,-0.00045491
0.00101070,-0.00050511,-0.00055022
0.00101080,-0.00060641,-0.00064371
0.00101090,-0.00050234,-0.00073501
0.00101100,-0.00069518,-0.00082377
0.00101110,-0.00080229,-0.00090966
0.00101120,-0.00071097,-0.00099234
0.00101130,-0.00078642,-0.00107149
0.00101140,-0.00081386,-0.00114681
0.00101150,-0.00092014,-0.00121799
0.00101160,-0.00075183,-0.00128476
0.00101170,-0.00080949,-0.00134686
0.00101180,-0.00072800,-0.00140404
0.00101190,-0.00065712,-0.00145607
0.00101200,-0.00067081,-0.00150273
0.00101210,-0.00065047,-0.00154385
0.00101220,-0.00053023,-0.00157926
0.00101230,-0.00030589,-0.00160880
0.00101240,-0.00015628,-0.00163234
0.00101250,-0.00035802,-0.00164980
0.00101260,-0.00045719,-0.00166108
0.00101270,-0.00024733,-0.00166614
0.00101280,-0.00031408,-0.00166493
0.00101290,-0.00017421,-0.00165745
0.00101300,-0.00003244,-0.00164372
0.00101310,-0.00031807,-0.00162377
0.00101320,-0.00021891,-0.00159766
0.00101330,-0.00000508,-0.00156549
0.00101340,-0.00011954,-0.00152736
0.00101350,-0.00009541,-0.00148341
0.00101360,-0.00035135,-0.00143379
0.00101370,-0.00017634,-0.00137868
0.00101380,-0.00009346,-0.00131828
0.00101390,-0.00011264,-0.00125282
0.00101400,0.00009350,-0.00118253
0.00101410,0.00004957,-0.00110767
0.00101420,0.00004390,-0.00102853
0.00101430,0.00012080,-0.00094539
0.00101440,0.00015330,-0.00085857
0.00101450,0.00008611,-0.00076840
0.00101460,0.00022271,-0.00067521
0.00101470,0.00034456,-0.00057936
0.00101480,0.00037011,-0.00048122
0.00101490,0.00023127,-0.00038114
0.00101500,0.00015365,-0.00027951
0.00101510,0.00030374,-0.00017673
0.00101520,0.00032326,-0.00007317
0.00101530,0.00011092,0.00003077
0.00101540,0.00019040,0.00013469
0.00101550,0.00021335,0.00023819
0.00101560,0.00028998,0.00034089
0.00101570,0.00034269,0.00044240
0.00101580,0.00033710,0.00054232
0.00101590,0.00038075,0.00064028
0.00101600,0.00029139,0.00073590
0.00101610,0.00032866,0.00082883
0.00101620,0.00021235,0.00091870
0.00101630,0.00032690,0.00100519
0.00101640,0.00035363,0.00108796
0.00101650,0.00016046,0.00116669
0.00101660,0.00009304,0.00124109
0.00101670,0.00015535,0.00131088
0.00101680,0.00030149,0.00137579
0.00101690,0.00033619,0.00143557
0.00101700,0.00029253,0.00149000
0.00101710,0.00018199,0.00153887
0.00101720,0.00016244,0.00158200
0.00101730,0.00004616,0.00161923
0.00101740,0.00013125,0.00165041
0.00101750,0.00011033,0.00167542
0.00101760,0.00001480,0.00169419
0.00101770,0.00012932,0.00170663
0.00101780,0.00000104,0.00171270
0.00101790,-0.00006224,0.00171238
0.00101800,-0.00035544,0.00170568
0.00101810,-0.00037141,0.00169264
0.00101820,-0.00019372,0.00167329
0.00101830,-0.00017574,0.00164772
0.00101840,-0.00017137,0.00161603
0.00101850,-0.00035591,0.00157835
0.00101860,-0.00031781,0.00153483
0.00101870,-0.00023830,0.00148563
0.00101880,-0.00029501,0.00143096
0.00101890,-0.00019394,0.00137101
0.00101900,-0.00036192,0.00130603
0.00101910,-0.00061906,0.00123626
0.00101920,-0.00069149,0.00116198
0.00101930,-0.00051428,0.00108347
0.00101940,-0.00050678,0.00100104
0.00101950,-0.00058980,0.00091501
0.00101960,-0.00057330,0.00082569
0.00101970,-0.00062928,0.00073345
0.00101980,-0.00068488,0.00063862
0.00101990,-0.00083567,0.00054157
0.00102000,-0.00076335,0.00044267
0.00102010,-0.00078796,0.00034229
0.00102020,-0.00097265,0.00024081
0.00102030,-0.00105339,0.00013861
0.00102040,-0.00113136,0.00003608
0.00102050,-0.00088176,-0.00006640
0.00102060,-0.00089943,-0.00016845
0.00102070,-0.00094791,-0.00026970
0.00102080,-0.00099286,-0.00036976
0.00102090,-0.00091944,-0.00046827
0.00102100,-0.00067493,-0.00056487
0.00102110,-0.00076882,-0.00065920
0.00102120,-0.00054401,-0.00075093
0.00102130,-0.00071405,-0.00083971
0.00102140,-0.00068208,-0.00092524
0.00102150,-0.00057841,-0.00100719
0.00102160,-0.00065622,-0.00108527
0.00102170,-0.00061693,-0.00115920
0.00102180,-0.00065777,-0.00122873
0.00102190,-0.00071163,-0.00129359
0.00102200,-0.00070307,-0.00135356
0.00102210,-0.00063834,-0.00140843
0.00102220,-0.00062347,-0.00145801
0.00102230,-0.00044521,-0.00150211
0.00102240,-0.00060894,-0.00154060
0.00102250,-0.00059720,-0.00157334
0.00102260,-0.00059698,-0.00160022
0.00102270,-0.00052323,-0.00162115
0.00102280,-0.00036465,-0.00163608
0.00102290,-0.00040132,-0.00164496
0.00102300,-0.00027295,-0.00164777
0.00102310,-0.00050634,-0.00164453
0.00102320,-0.00047300,-0.00163527
0.00102330,-0.00014237,-0.00162003
0.00102340,-0.00005653,-0.00159889
0.00102350,0.00022530,-0.00157195
0.00102360,0.00003305,-0.00153932
0.00102370,0.00010195,-0.00150116
0.00102380,0.00007981,-0.00145762
0.00102390,0.00026765,-0.00140888
0.00102400,0.00012424,-0.00135515
0.00102410,0.00020356,-0.00129663
0.00102420,0.00032209,-0.00123356
0.00102430,0.00021652,-0.00116620
0.00102440,0.00040673,-0.00109480
0.00102450,0.00060251,-0.00101964
0.00102460,0.00057812,-0.00094101
0.00102470,0.00059296,-0.00085921
0.00102480,0.00040829,-0.00077456
0.00102490,0.00028898,-0.00068737
0.00102500,0.00040916,-0.00059796
0.00102510,0.00040040,-0.00050667
0.00102520,0.00033940,-0.00041385
0.00102530,0.00030834,-0.00031982
0.00102540,0.00047662,-0.00022494
0.00102550,0.00048342,-0.00012956
0.00102560,0.00042394,-0.00003401
0.00102570,0.00042983,0.00006136
0.00102580,0.00040115,0.00015620
0.00102590,0.00043925,0.00025017
0.00102600,0.00029126,0.00034295
0.00102610,0.00030461,0.00043419
0.00102620,0.00037856,0.00052359
0.00102630,0.00046332,0.00061082
0.00102640,0.00050812,0.00069559
0.00102650,0.00020253,0.00077760
0.00102660,0.00013001,0.00085656
0.00102670,0.00019910,0.00093221
0.00102680,-0.00015850,0.00100429
0.00102690,-0.00004620,0.00107255
0.00102700,-0.00003670,0.00113677
0.00102710,0.00001282,0.00119673
0.00102720,-0.00004173,0.00125223
0.00102730,-0.00012613,0.00130310
0.00102740,-0.00018557,0.00134916
0.00102750,-0.00003414,0.00139028
0.00102760,-0.00002464,0.00142632
0.00102770,-0.00027511,0.00145718
0.00102780,-0.00013536,0.00148277
0.00102790,0.00004093,0.00150301
0.00102800,-0.00016735,0.00151786
0.00102810,-0.00038980,0.00152728
0.00102820,-0.00038515,0.00153126
0.00102830,-0.00024589,0.00152982
0.00102840,-0.00025245,0.00152298
0.00102850,-0.00040270,0.00151078
0.00102860,-0.00044860,0.00149329
0.00102870,-0.00045763,0.00147061
0.00102880,-0.00053095,0.00144282
0.00102890,-0.00057872,0.00141005
0.00102900,-0.00064305,0.00137245
0.00102910,-0.00052256,0.00133016
0.00102920,-0.00062327,0.00128336
0.00102930,-0.00084687,0.00123222
0.00102940,-0.00060950,0.00117696
0.00102950,-0.00072210,0.00111778
0.00102960,-0.00068870,0.00105492
0.00102970,-0.00052240,0.00098861
0.00102980,-0.00078968,0.00091909
0.00102990,-0.00072247,0.00084664
0.00103000,-0.00096938,0.00077152
0.00103010,-0.00090492,0.00069401
0.00103020,-0.00095021,0.00061439
0.00103030,-0.00079870,0.00053295
0.00103040,-0.00059954,0.00044999
0.00103050,-0.00070826,0.00036580
0.00103060,-0.00055429,0.00028069
0.00103070,-0.00069416,0.00019495
0.00103080,-0.00087386,0.00010890
0.00103090,-0.00093995,0.00002284
0.00103100,-0.00085695,-0.00006295
0.00103110,-0.00067272,-0.00014815
0.00103120,-0.00057484,-0.00023247
0.00103130,-0.00071351,-0.00031563
0.00103140,-0.00061966,-0.00039735
0.00103150,-0.00056489,-0.00047734
0.00103160,-0.00066687,-0.00055535
0.00103170,-0.00063126,-0.00063111
0.00103180,-0.00058404,-0.00070437
0.00103190,-0.00061787,-0.00077491
0.00103200,-0.00054578,-0.00084248
0.00103210,-0.00029109,-0.00090689
0.00103220,-0.00037046,-0.00096792
0.00103230,-0.00026463,-0.00102539
0.00103240,-0.00006752,-0.00107913
0.00103250,-0.00024243,-0.00112896
0.00103260,-0.00016492,-0.00117476
0.00103270,-0.00011185,-0.00121637
0.00103280,-0.00022235,-0.00125370
0.00103290,-0.00014917,-0.00128662
0.00103300,-0.00003081,-0.00131506
0.00103310,-0.00003624,-0.00133895
0.00103320,0.00003122,-0.00135822
0.00103330,-0.00010388,-0.00137284
0.00103340,-0.00019651,-0.00138277
0.00103350,-0.00006015,-0.00138802
0.00103360,-0.00003015,-0.00138858
0.00103370,0.00021971,-0.00138447
0.00103380,0.00008950,-0.00137574
0.00103390,0.00014927,-0.00136244
0.00103400,0.00016378,-0.00134463
0.00103410,0.00005187,-0.00132239
0.00103420,0.00010782,-0.00129583
0.00103430,0.00019282,-0.00126505
0.00103440,0.00047216,-0.00123017
0.00103450,0.00043889,-0.00119135
0.00103460,0.00024394,-0.00114872
0.00103470,0.00024252,-0.00110245
0.00103480,0.00016187,-0.00105273
0.00103490,0.00009066,-0.00099973
0.00103500,0.00027892,-0.00094365
0.00103510,0.00013472,-0.00088470
0.00103520,0.00028927,-0.00082310
0.00103530,0.00033390,-0.00075908
0.00103540,0.00001818,-0.00069285
0.00103550,0.00008125,-0.00062466
0.00103560,0.00015451,-0.00055476
0.00103570,0.00029614,-0.00048339
0.00103580,0.00028915,-0.00041080
0.00103590,0.00015148,-0.00033724
0.00103600,0.00004352,-0.00026297
0.00103610,0.00001673,-0.00018825
0.00103620,-0.00001763,-0.00011332
0.00103630,-0.00001850,-0.00003845
0.00103640,-0.00004458,0.00003612
0.00103650,-0.00005774,0.00011015
0.00103660,-0.00020304,0.00018337
0.00103670,0.00001188,0.00025557
0.00103680,-0.00009865,0.00032650
0.00103690,0.00004452,0.00039593
0.00103700,0.00010821,0.00046366
0.00103710,-0.00007884,0.00052947
0.00103720,-0.00008139,0.00059316
0.00103730,-0.00023667,0.00065453
0.00103740,-0.00010574,0.00071341
0.00103750,-0.00034760,0.00076961
0.00103760,-0.00002296,0.00082298
0.00103770,-0.00009501,0.00087336
0.00103780,-0.00030652,0.00092061
0.00103790,-0.00022624,0.00096461
0.00103800,-0.00045538,0.00100523
0.00103810,-0.00033674,0.00104237
0.00103820,-0.00046270,0.00107593
0.00103830,-0.00046031,0.00110584
0.00103840,-0.00044946,0.00113202
0.00103850,-0.00051231,0.00115441
0.00103860,-0.00037573,0.00117297
0.00103870,-0.00035868,0.00118767
0.00103880,-0.00032167,0.00119849
0.00103890,-0.00050618,0.00120541
0.00103900,-0.00061071,0.00120845
0.00103910,-0.00048907,0.00120762
0.00103920,-0.00057952,0.00120295
0.00103930,-0.00043011,0.00119449
0.00103940,-0.00048526,0.00118228
0.00103950,-0.00049393,0.00116640
0.00103960,-0.00055804,0.00114692
0.00103970,-0.00073479,0.00112394
0.00103980,-0.00068342,0.00109754
0.00103990,-0.00075851,0.00106785
0.00104000,-0.00072930,0.00103499
0.00104010,-0.00060495,0.00099907
0.00104020,-0.00059198,0.00096025
0.00104030,-0.00067462,0.00091866
0.00104040,-0.00055442,0.00087447
0.00104050,-0.00065048,0.00082784
0.00104060,-0.00079482,0.00077893
0.00104070,-0.00056617,0.00072792
0.00104080,-0.00050717,0.00067499
0.00104090,-0.00048230,0.00062032
0.00104100,-0.00053238,0.00056410
0.00104110,-0.00053895,0.00050652
0.00104120,-0.00042851,0.00044776
0.00104130,-0.00044289,0.00038803
0.00104140,-0.00049213,0.00032751
0.00104150,-0.00041663,0.00026641
0.00104160,-0.00044161,0.00020490
0.00104170,-0.00042482,0.00014318
0.00104180,-0.00037135,0.00008145
0.00104190,-0.00035829,0.00001988
0.00104200,-0.00021916,-0.00004134
0.00104210,-0.00030156,-0.00010203
0.00104220,-0.00037455,-0.00016201
0.00104230,-0.00046825,-0.00022112
0.00104240,-0.00045741,-0.00027920
0.00104250,-0.00043084,-0.00033607
0.00104260,-0.00041794,-0.00039158
0.00104270,-0.00041867,-0.00044560
0.00104280,-0.00030487,-0.00049797
0.00104290,-0.00025669,-0.00054856
0.00104300,-0.00042131,-0.00059725
0.00104310,-0.00044217,-0.00064390
0.00104320,-0.00035562,-0.00068841
0.00104330,-0.00027479,-0.00073067
0.00104340,-0.00025967,-0.00077057
0.00104350,-0.00009766,-0.00080803
0.00104360,-0.00039681,-0.00084296
0.00104370,-0.00019596,-0.00087529
0.00104380,-0.00016984,-0.00090493
0.00104390,-0.00038013,-0.00093183
0.00104400,-0.00023479,-0.00095594
0.00104410,-0.00022430,-0.00097721
0.00104420,0.00000663,-0.00099559
0.00104430,0.00005688,-0.00101107
0.00104440,0.00002255,-0.00102360
0.00104450,-0.00006399,-0.00103318
0.00104460,-0.00001733,-0.00103981
0.00104470,0.00005145,-0.00104347
0.00104480,-0.00010149,-0.00104418
0.00104490,-0.00008951,-0.00104195
0.00104500,-0.00004668,-0.00103680
0.00104510,-0.00003742,-0.00102877
0.00104520,-0.00007232,-0.00101788
0.00104530,-0.00002442,-0.00100418
0.00104540,0.00000421,-0.00098772
0.00104550,-0.00007377,-0.00096855
0.00104560,-0.00013425,-0.00094673
0.00104570,-0.00013223,-0.00092233
0.00104580,-0.00006512,-0.00089541
0.00104590,-0.00009713,-0.00086606
0.00104600,-0.00007966,-0.00083436
0.00104610,-0.00016266,-0.00080039
0.00104620,0.00008019,-0.00076424
0.00104630,0.00005061,-0.00072600
0.00104640,-0.00001084,-0.00068578
0.00104650,-0.00002323,-0.00064369
0.00104660,-0.00019257,-0.00059982
0.00104670,-0.00015339,-0.00055428
0.00104680,-0.00031331,-0.00050721
0.00104690,-0.00031638,-0.00045870
0.00104700,-0.00029252,-0.00040888
0.00104710,-0.00009451,-0.00035787
0.00104720,-0.00014257,-0.00030581
0.00104730,-0.00028181,-0.00025281
0.00104740,-0.00016490,-0.00019901
0.00104750,-0.00034142,-0.00014454
0.00104760,-0.00026668,-0.00008953
0.00104770,-0.00021380,-0.00003412
0.00104780,-0.00009125,0.00002155
0.00104790,0.00002206,0.00007735
0.00104800,-0.00011853,0.00013313
0.00104810,-0.00019582,0.00018876
0.00104820,-0.00021294,0.00024409
0.00104830,-0.00015317,0.00029898
0.00104840,-0.00022646,0.00035329
0.00104850,-0.00016231,0.00040687
0.00104860,-0.00028876,0.00045958
0.00104870,-0.00045365,0.00051128
0.00104880,-0.00031696,0.00056182
0.00104890,-0.00038127,0.00061106
0.00104900,-0.00033788,0.00065886
0.00104910,-0.00055148,0.00070508
0.00104920,-0.00034568,0.00074958
0.00104930,-0.00043199,0.00079223
0.00104940,-0.00033940,0.00083288
0.00104950,-0.00021330,0.00087141
0.00104960,-0.00038045,0.00090769
0.00104970,-0.00044434,0.00094160
0.00104980,-0.00028222,0.00097301
0.00104990,-0.00045250,0.00100180
0.00105000,-0.00046193,0.00102788
0.00105010,-0.00056243,0.00105113
0.00105020,-0.00060377,0.00107146
0.00105030,-0.00029923,0.00108876
0.00105040,-0.00043364,0.00110297
0.00105050,-0.00051781,0.00111400
0.00105060,-0.00050328,0.00112178
0.00105070,-0.00065807,0.00112625
0.00105080,-0.00044335,0.00112736
0.00105090,-0.00054145,0.00112506
0.00105100,-0.00053805,0.00111933
0.00105110,-0.00063765,0.00111015
0.00105120,-0.00061686,0.00109749
0.00105130,-0.00048137,0.00108136
0.00105140,-0.00062851,0.00106177
0.00105150,-0.00067877,0.00103874
0.00105160,-0.00072700,0.00101230
0.00105170,-0.00054877,0.00098250
0.00105180,-0.00042504,0.00094939
0.00105190,-0.00054901,0.00091306
0.00105200,-0.00025955,0.00087357
0.00105210,-0.00041464,0.00083102
0.00105220,-0.00041108,0.00078551
0.00105230,-0.00050213,0.00073717
0.00105240,-0.00058405,0.00068613
0.00105250,-0.00024248,0.00063251
0.00105260,-0.00062538,0.00057648
0.00105270,-0.00032786,0.00051818
0.00105280,-0.00040741,0.00045780
0.00105290,-0.00056820,0.00039550
0.00105300,-0.00041290,0.00033148
0.00105310,-0.00055414,0.00026593
0.00105320,-0.00040826,0.00019905
0.00105330,-0.00033945,0.00013105
0.00105340,-0.00031008,0.00006213
0.00105350,-0.00030299,-0.00000747
0.00105360,-0.00045189,-0.00007754
0.00105370,-0.00044316,-0.00014785
0.00105380,-0.00038279,-0.00021817
0.00105390,-0.00026361,-0.00028828
0.00105400,-0.00041368,-0.00035793
0.00105410,-0.00016870,-0.00042689
0.00105420,-0.00003130,-0.00049493
0.00105430,0.00001418,-0.00056182
0.00105440,0.00016204,-0.00062731
0.00105450,-0.00001400,-0.00069118
0.00105460,-0.00001427,-0.00075321
0.00105470,-0.00021753,-0.00081316
0.00105480,-0.00031280,-0.00087082
0.00105490,-0.00008880,-0.00092596
0.00105500,-0.00001371,-0.00097839
0.00105510,0.00001881,-0.00102789
0.00105520,-0.00004315,-0.00107428
0.00105530,-0.00008857,-0.00111737
0.00105540,0.00006234,-0.00115698
0.00105550,-0.00018913,-0.00119294
0.00105560,-0.00011095,-0.00122512
0.00105570,-0.00005373,-0.00125335
0.00105580,-0.00000170,-0.00127752
0.00105590,0.00012696,-0.00129751
0.00105600,-0.00007777,-0.00131322
0.00105610,-0.00000694,-0.00132457
0.00105620,0.00000701,-0.00133148
0.00105630,0.00021102,-0.00133391
0.00105640,0.00033624,-0.00133181
0.00105650,0.00006397,-0.00132518
0.00105660,0.00030533,-0.00131400
0.00105670,0.00015195,-0.00129830
0.00105680,0.00007803,-0.00127810
0.00105690,0.00023072,-0.00125346
0.00105700,-0.00007994,-0.00122444
0.00105710,0.00003866,-0.00119113
0.00105720,-0.00007035,-0.00115362
0.00105730,0.00004078,-0.00111204
0.00105740,0.00006621,-0.00106651
0.00105750,-0.00000312,-0.00101719
0.00105760,-0.00014344,-0.00096424
0.00105770,-0.00016663,-0.00090784
0.00105780,-0.00006715,-0.00084818
0.00105790,-0.00004412,-0.00078546
0.00105800,0.00000778,-0.00071990
0.00105810,-0.00000052,-0.00065174
0.00105820,-0.00003752,-0.00058120
0.00105830,0.00013164,-0.00050855
0.00105840,0.00015898,-0.00043404
0.00105850,-0.00020947,-0.00035794
0.00105860,-0.00018201,-0.00028051
0.00105870,-0.00039204,-0.00020206
0.00105880,-0.00024365,-0.00012284
0.00105890,-0.00022616,-0.00004317
0.00105900,-0.00034642,0.00003668
0.00105910,-0.00024652,0.00011641
0.00105920,-0.00033205,0.00019573
0.00105930,-0.00036791,0.00027435
0.00105940,-0.00049695,0.00035198
0.00105950,-0.00052256,0.00042833
0.00105960,-0.00052982,0.00050312
0.00105970,-0.00056515,0.00057608
0.00105980,-0.00064234,0.00064695
0.00105990,-0.00045345,0.00071546
0.00106000,-0.00053490,0.00078136
0.00106010,-0.00040778,0.00084443
0.00106020,-0.00051061,0.00090442
0.00106030,-0.00066515,0.00096112
0.00106040,-0.00049716,0.00101433
0.00106050,-0.00056394,0.00106387
0.00106060,-0.00051884,0.00110956
0.00106070,-0.00052821,0.00115124
0.00106080,-0.00058033,0.00118877
0.00106090,-0.00051286,0.00122203
0.00106100,-0.00039159,0.00125090
0.00106110,-0.00064023,0.00127529
0.00106120,-0.00042179,0.00129513
0.00106130,-0.00053352,0.00131036
0.00106140,-0.00053376,0.00132094
0.00106150,-0.00039480,0.00132685
0.00106160,-0.00051980,0.00132808
0.00106170,-0.00030667,0.00132464
0.00106180,-0.00028292,0.00131658
0.00106190,-0.00046635,0.00130392
0.00106200,-0.00051700,0.00128675
0.00106210,-0.00036297,0.00126514
0.00106220,-0.00050033,0.00123918
0.00106230,-0.00047255,0.00120900
0.00106240,-0.00057011,0.00117472
0.00106250,-0.00055914,0.00113648
0.00106260,-0.00049124,0.00109444
0.00106270,-0.00044181,0.00104879
0.00106280,-0.00027034,0.00099969
0.00106290,-0.00047652,0.00094734
0.00106300,-0.00039144,0.00089197
0.00106310,-0.00015133,0.00083378
0.00106320,-0.00018260,0.00077301
0.00106330,-0.00043957,0.00070989
0.00106340,-0.00030909,0.00064467
0.00106350,-0.00015771,0.00057762
0.00106360,-0.00022876,0.00050898
0.00106370,-0.00030674,0.00043902
0.00106380,-0.00012340,0.00036803
0.00106390,-0.00021414,0.00029626
0.00106400,-0.00011972,0.00022400
0.00106410,-0.00010331,0.00015152
0.00106420,-0.00040508,0.00007910
0.00106430,-0.00020751,0.00000702
0.00106440,-0.00029999,-0.00006445
0.00106450,-0.00002347,-0.00013506
0.00106460,-0.00007395,-0.00020452
0.00106470,-0.00017993,-0.00027259
0.00106480,0.00005920,-0.00033901
0.00106490,0.00004357,-0.00040355
0.00106500,0.00009725,-0.00046598
0.00106510,0.00001455,-0.00052608
0.00106520,0.00003029,-0.00058364
0.00106530,0.00003809,-0.00063846
0.00106540,0.00023983,-0.00069036
0.00106550,0.00020301,-0.00073918
0.00106560,0.00018105,-0.00078476
0.00106570,0.00017501,-0.00082697
0.00106580,0.00024161,-0.00086568
0.00106590,0.00013044,-0.00090079
0.00106600,0.00022968,-0.00093221
0.00106610,0.00015255,-0.00095985
0.00106620,-0.00002367,-0.00098367
0.00106630,0.00009021,-0.00100361
0.00106640,0.00009607,-0.00101965
0.00106650,0.00012070,-0.00103179
0.00106660,0.00019268,-0.00104001
0.00106670,0.00026843,-0.00104435
0.00106680,0.00022133,-0.00104483
0.00106690,-0.00015183,-0.00104150
0.00106700,-0.00021086,-0.00103443
0.00106710,0.00008541,-0.00102368
0.00106720,-0.00007879,-0.00100935
0.00106730,-0.00003257,-0.00099154
0.00106740,-0.00009980,-0.00097035
0.00106750,-0.00031646,-0.00094592
0.00106760,-0.00015366,-0.00091838
0.00106770,-0.00018263,-0.00088787
0.00106780,-0.00003232,-0.00085455
0.00106790,-0.00001525,-0.00081859
0.00106800,-0.00023255,-0.00078015
0.00106810,-0.00012127,-0.00073941
0.00106820,-0.00033280,-0.00069656
0.00106830,-0.00028050,-0.00065179
0.00106840,-0.00029670,-0.00060529
0.00106850,-0.00039572,-0.00055727
0.00106860,-0.00037012,-0.00050794
0.00106870,-0.00039540,-0.00045749
0.00106880,-0.00027705,-0.00040613
0.00106890,-0.00044412,-0.00035408
0.00106900,-0.00050449,-0.00030154
0.00106910,-0.00049937,-0.00024872
0.00106920,-0.00056853,-0.00019583
0.00106930,-0.00057514,-0.00014307
0.00106940,-0.00053621,-0.00009065
0.00106950,-0.00052757,-0.00003876
0.00106960,-0.00067141,0.00001240
0.00106970,-0.00045295,0.00006265
0.00106980,-0.00060436,0.00011181
0.00106990,-0.00048808,0.00015969
0.00107000,-0.00042214,0.00020613
0.00107010,-0.00032496,0.00025097
0.00107020,-0.00047091,0.00029406
0.00107030,-0.00065669,0.00033525
0.00107040,-0.00062103,0.00037440
0.00107050,-0.00063249,0.00041141
0.00107060,-0.00064359,0.00044614
0.00107070,-0.00059818,0.00047850
0.00107080,-0.00037981,0.00050839
0.00107090,-0.00037490,0.00053574
0.00107100,-0.00043949,0.00056047
0.00107110,-0.00070643,0.00058253
0.00107120,-0.00071000,0.00060187
0.00107130,-0.00071576,0.00061847
0.00107140,-0.00075666,0.00063229
0.00107150,-0.00079235,0.00064334
0.00107160,-0.00068524,0.00065161
0.00107170,-0.00066162,0.00065711
0.00107180,-0.00060804,0.00065988
0.00107190,-0.00039455,0.00065996
0.00107200,-0.00040840,0.00065738
0.00107210,-0.00022758,0.00065220
0.00107220,-0.00037329,0.00064451
0.00107230,-0.00030161,0.00063437
0.00107240,-0.00022854,0.00062187
0.00107250,-0.00040073,0.00060711
0.00107260,-0.00034441,0.00059020
0.00107270,-0.00026142,0.00057124
0.00107280,-0.00023160,0.00055037
0.00107290,-0.00026950,0.00052770
0.00107300,-0.00019725,0.00050337
0.00107310,-0.00037384,0.00047751
0.00107320,-0.00045081,0.00045026
0.00107330,-0.00034416,0.00042177
0.00107340,-0.00037625,0.00039217
0.00107350,-0.00014310,0.00036162
0.00107360,-0.00028237,0.00033025
0.00107370,-0.00034554,0.00029823
0.00107380,-0.00013355,0.00026568
0.00107390,-0.00034283,0.00023275
0.00107400,-0.00019241,0.00019959
0.00107410,-0.00021048,0.00016633
0.00107420,-0.00004508,0.00013310
0.00107430,0.00013553,0.00010004
0.00107440,0.00001441,0.00006728
0.00107450,-0.00015598,0.00003493
0.00107460,-0.00022948,0.00000311
0.00107470,-0.00029280,-0.00002806
0.00107480,-0.00021078,-0.00005848
0.00107490,-0.00010818,-0.00008805
0.00107500,-0.00013689,-0.00011666
0.00107510,-0.00001289,-0.00014423
0.00107520,-0.00006076,-0.00017068
0.00107530,-0.00003383,-0.00019591
0.00107540,-0.00012900,-0.00021987
0.00107550,-0.00006814,-0.00024248
0.00107560,-0.00002688,-0.00026368
0.00107570,0.00003799,-0.00028341
0.00107580,0.00013760,-0.00030163
0.00107590,-0.00003090,-0.00031829
0.00107600,0.00005351,-0.00033335
0.00107610,-0.00007425,-0.00034678
0.00107620,0.00008909,-0.00035855
0.00107630,0.00012790,-0.00036864
0.00107640,0.00011129,-0.00037704
0.00107650,0.00015585,-0.00038374
0.00107660,-0.00001501,-0.00038873
0.00107670,-0.00011192,-0.00039203
0.00107680,-0.00011000,-0.00039362
0.00107690,-0.00013929,-0.00039354
0.00107700,-0.00029380,-0.00039181
0.00107710,-0.00012124,-0.00038843
0.00107720,-0.00022570,-0.00038346
0.00107730,-0.00016842,-0.00037691
0.00107740,-0.00019689,-0.00036883
0.00107750,-0.00011270,-0.00035927
0.00107760,-0.00018325,-0.00034827
0.00107770,-0.00044754,-0.00033588
0.00107780,-0.00030369,-0.00032216
0.00107790,-0.00016253,-0.00030716
0.00107800,-0.00021020,-0.00029096
0.00107810,-0.00036188,-0.00027361
0.00107820,-0.00024539,-0.00025518
0.00107830,-0.00027866,-0.00023574
0.00107840,-0.00036216,-0.00021538
0.00107850,-0.00010305,-0.00019416
0.00107860,-0.00025576,-0.00017216
0.00107870,-0.00047749,-0.00014947
0.00107880,-0.00046442,-0.00012617
0.00107890,-0.00049539,-0.00010234
0.00107900,-0.00042666,-0.00007807
0.00107910,-0.00059633,-0.00005344
0.00107920,-0.00041295,-0.00002856
0.00107930,-0.00042140,-0.00000351
0.00107940,-0.00027754,0.00002161
0.00107950,-0.00033624,0.00004672
0.00107960,-0.00044519,0.00007172
0.00107970,-0.00057874,0.00009651
0.00107980,-0.00059888,0.00012099
0.00107990,-0.00046956,0.00014507
0.00108000,-0.00045965,0.00016865
0.00108010,-0.00049696,0.00019164
0.00108020,-0.00049334,0.00021394
0.00108030,-0.00021441,0.00023546
0.00108040,-0.00042060,0.00025610
0.00108050,-0.00039807,0.00027578
0.00108060,-0.00046706,0.00029440
0.00108070,-0.00026208,0.00031187
0.00108080,-0.00047573,0.00032812
0.00108090,-0.00066992,0.00034307
0.00108100,-0.00051857,0.00035662
0.00108110,-0.00054434,0.00036872
0.00108120,-0.00036291,0.00037930
0.00108130,-0.00060613,0.00038828
0.00108140,-0.00039342,0.00039562
0.00108150,-0.00050449,0.00040126
0.00108160,-0.00046060,0.00040516
0.00108170,-0.00040204,0.00040727
0.00108180,-0.00039635,0.00040757
0.00108190,-0.00025637,0.00040603
0.00108200,-0.00049908,0.00040263
0.00108210,-0.00046188,0.00039737
0.00108220,-0.00034478,0.00039024
0.00108230,-0.00040389,0.00038124
0.00108240,-0.00036096,0.00037039
0.00108250,-0.00043827,0.00035770
0.00108260,-0.00039092,0.00034321
0.00108270,-0.00047738,0.00032696
0.00108280,-0.00043611,0.00030897
0.00108290,-0.00040603,0.00028930
0.00108300,-0.00042245,0.00026802
0.00108310,-0.00023102,0.00024517
0.00108320,-0.00023292,0.00022084
0.00108330,-0.00033028,0.00019510
0.00108340,-0.00025318,0.00016804
0.00108350,-0.00004041,0.00013975
0.00108360,-0.00015229,0.00011032
0.00108370,-0.00015939,0.00007986
0.00108380,-0.00041945,0.00004848
0.00108390,-0.00044361,0.00001628
0.00108400,-0.00057630,-0.00001659
0.00108410,-0.00054248,-0.00005003
0.00108420,-0.00045861,-0.00008390
0.00108430,-0.00038391,-0.00011807
0.00108440,-0.00034833,-0.00015239
0.00108450,-0.00026677,-0.00018674
0.00108460,-0.00023542,-0.00022095
0.00108470,-0.00024698,-0.00025490
0.00108480,-0.00011000,-0.00028842
0.00108490,-0.00028426,-0.00032138
0.00108500,-0.00048337,-0.00035362
0.00108510,-0.00044115,-0.00038499
0.00108520,-0.00032946,-0.00041533
0.00108530,-0.00009778,-0.00044451
0.00108540,0.00002678,-0.00047238
0.00108550,-0.00009662,-0.00049879
0.00108560,-0.00021265,-0.00052359
0.00108570,-0.00032390,-0.00054666
0.00108580,-0.00029608,-0.00056786
0.00108590,-0.00009984,-0.00058706
0.00108600,0.00004502,-0.00060414
0.00108610,-0.00006029,-0.00061898
0.00108620,-0.00012708,-0.00063147
0.00108630,-0.00022537,-0.00064152
0.00108640,-0.00035756,-0.00064903
0.00108650,-0.00015940,-0.00065392
0.00108660,-0.00027613,-0.00065611
0.00108670,-0.00007175,-0.00065554
0.00108680,-0.00027916,-0.00065216
0.00108690,-0.00025515,-0.00064592
0.00108700,-0.00008985,-0.00063680
0.00108710,-0.00032004,-0.00062477
0.00108720,-0.00028363,-0.00060983
0.00108730,-0.00027829,-0.00059199
0.00108740,-0.00015746,-0.00057127
0.00108750,-0.00014922,-0.00054769
0.00108760,-0.00004071,-0.00052131
0.00108770,-0.00003400,-0.00049217
0.00108780,-0.00004049,-0.00046036
0.00108790,-0.00006315,-0.00042596
0.00108800,-0.00001288,-0.00038906
0.00108810,0.00011643,-0.00034978
0.00108820,-0.00006907,-0.00030824
0.00108830,-0.00003986,-0.00026456
0.00108840,0.00006200,-0.00021891
0.00108850,-0.00014307,-0.00017143
0.00108860,-0.00024348,-0.00012230
0.00108870,-0.00031956,-0.00007169
0.00108880,0.00001738,-0.00001980
0.00108890,-0.00012626,0.00003318
0.00108900,-0.00001350,0.00008704
0.00108910,-0.00000920,0.00014156
0.00108920,0.00004748,0.00019652
0.00108930,0.00021525,0.00025171
0.00108940,0.00006824,0.00030687
0.00108950,-0.00000065,0.00036179
0.00108960,-0.00008931,0.00041623
0.00108970,0.00019864,0.00046993
0.00108980,0.00006533,0.00052267
0.00108990,0.00007661,0.00057420
0.00109000,0.00004693,0.00062428
0.00109010,-0.00000057,0.00067268
0.00109020,0.00016628,0.00071917
0.00109030,-0.00015764,0.00076352
0.00109040,-0.00013676,0.00080550
0.00109050,-0.00003457,0.00084490
0.00109060,0.00007566,0.00088151
0.00109070,0.00003499,0.00091514
0.00109080,0.00000768,0.00094557
0.00109090,-0.00020282,0.00097265
0.00109100,-0.00030533,0.00099619
0.00109110,-0.00031275,0.00101604
0.00109120,-0.00032199,0.00103206
0.00109130,-0.00016397,0.00104410
0.00109140,-0.00010580,0.00105206
0.00109150,-0.00044287,0.00105584
0.00109160,-0.00041139,0.00105535
0.00109170,-0.00029636,0.00105053
0.00109180,-0.00032622,0.00104132
0.00109190,-0.00026575,0.00102770
0.00109200,-0.00028544,0.00100966
0.00109210,-0.00019868,0.00098719
0.00109220,-0.00019560,0.00096034
0.00109230,-0.00044714,0.00092914
0.00109240,-0.00024105,0.00089366
0.00109250,-0.00024982,0.00085399
0.00109260,-0.00033090,0.00081024
0.00109270,-0.00037310,0.00076253
0.00109280,-0.00036770,0.00071100
0.00109290,-0.00045893,0.00065583
0.00109300,-0.00038109,0.00059718
0.00109310,-0.00031026,0.00053527
0.00109320,-0.00043952,0.00047030
0.00109330,-0.00037000,0.00040250
0.00109340,-0.00057345,0.00033213
0.00109350,-0.00041417,0.00025945
0.00109360,-0.00050151,0.00018472
0.00109370,-0.00032919,0.00010824
0.00109380,-0.00040453,0.00003030
0.00109390,-0.00044344,-0.00004879
0.00109400,-0.00022715,-0.00012871
0.00109410,-0.00027231,-0.00020914
0.00109420,-0.00021191,-0.00028974
0.00109430,-0.00037581,-0.00037018
0.00109440,-0.00037807,-0.00045013
0.00109450,-0.00023719,-0.00052922
0.00109460,-0.00029544,-0.00060714
0.00109470,-0.00026753,-0.00068352
0.00109480,-0.00029044,-0.00075803
0.00109490,-0.00035237,-0.00083034
0.00109500,-0.00037705,-0.00090011
0.00109510,-0.00044057,-0.00096702
0.00109520,-0.00032601,-0.00103076
0.00109530,-0.00023954,-0.00109101
0.00109540,-0.00018969,-0.00114750
0.00109550,-0.00030949,-0.00119992
0.00109560,-0.00054011,-0.00124803
0.00109570,-0.00035265,-0.00129157
0.00109580,-0.00030269,-0.00133031
0.00109590,-0.00010266,-0.00136403
0.00109600,-0.00022081,-0.00139255
0.00109610,-0.00027829,-0.00141569
0.00109620,-0.00023934,-0.00143330
0.00109630,-0.00030733,-0.00144525
0.00109640,-0.00034404,-0.00145145
0.00109650,-0.00025655,-0.00145181
0.00109660,-0.00027580,-0.00144628
0.00109670,-0.00039182,-0.00143484
0.00109680,-0.00035605,-0.00141748
0.00109690,-0.00010016,-0.00139422
0.00109700,-0.00006543,-0.00136513
0.00109710,-0.00019942,-0.00133027
0.00109720,-0.00011176,-0.00128976
0.00109730,-0.00017888,-0.00124372
0.00109740,-0.00008427,-0.00119231
0.00109750,-0.00018864,-0.00113570
0.00109760,-0.00007990,-0.00107411
0.00109770,-0.00003760,-0.00100777
0.00109780,-0.00021358,-0.00093692
0.00109790,-0.00019840,-0.00086184
0.00109800,-0.00035756,-0.00078282
0.00109810,-0.00012397,-0.00070018
0.00109820,-0.00000031,-0.00061424
0.00109830,0.00021736,-0.00052535
0.00109840,-0.00003325,-0.00043387
0.00109850,-0.00013556,-0.00034018
0.00109860,-0.00002981,-0.00024467
0.00109870,-0.00007461,-0.00014772
0.00109880,-0.00011914,-0.00004974
0.00109890,0.00008133,0.00004885
0.00109900,0.00002112,0.00014766
0.00109910,-0.00030074,0.00024626
0.00109920,-0.00016866,0.00034423
0.00109930,-0.00020361,0.00044117
0.00109940,-0.00011018,0.00053665
0.00109950,0.00001088,0.00063029
0.00109960,-0.00008245,0.00072167
0.00109970,-0.00001676,0.00081041
0.00109980,0.00007762,0.00089612
0.00109990,-0.00001161,0.00097844
0.00110000,-0.00005198,0.00105701
0.00110010,0.00011795,0.00113148
0.00110020,0.00001592,0.00120154
0.00110030,0.00000074,0.00126688
0.00110040,-0.00032801,0.00132720
0.00110050,-0.00012756,0.00138223
0.00110060,-0.00015594,0.00143174
0.00110070,-0.00006036,0.00147550
0.00110080,-0.00002206,0.00151329
0.00110090,-0.00004348,0.00154496
0.00110100,-0.00000432,0.00157035
0.00110110,-0.00015238,0.00158933
0.00110120,-0.00029045,0.00160181
0.00110130,-0.00028824,0.00160772
0.00110140,-0.00017448,0.00160703
0.00110150,-0.00039580,0.00159973
0.00110160,-0.00020231,0.00158583
0.00110170,-0.00032641,0.00156538
0.00110180,-0.00037780,0.00153847
0.00110190,-0.00039816,0.00150521
0.00110200,-0.00039113,0.00146574
0.00110210,-0.00038306,0.00142022
0.00110220,-0.00038935,0.00136884
0.00110230,-0.00040581,0.00131184
0.00110240,-0.00046973,0.00124945
0.00110250,-0.00039089,0.00118196
0.00110260,-0.00032624,0.00110965
0.00110270,-0.00053262,0.00103284
0.00110280,-0.00057113,0.00095188
0.00110290,-0.00042254,0.00086711
0.00110300,-0.00071588,0.00077891
0.00110310,-0.00056550,0.00068768
0.00110320,-0.00058073,0.00059381
0.00110330,-0.00040283,0.00049771
0.00110340,-0.00040550,0.00039982
0.00110350,-0.00034416,0.00030057
0.00110360,-0.00035696,0.00020038
0.00110370,-0.00050109,0.00009971
0.00110380,-0.00052937,-0.00000101
0.00110390,-0.00052442,-0.00010133
0.00110400,-0.00060666,-0.00020081
0.00110410,-0.00058930,-0.00029902
0.00110420,-0.00044179,-0.00039553
0.00110430,-0.00030457,-0.00048993
0.00110440,-0.00038247,-0.00058180
0.00110450,-0.00055575,-0.00067075
0.00110460,-0.00047491,-0.00075640
0.00110470,-0.00037207,-0.00083839
0.00110480,-0.00030776,-0.00091636
0.00110490,-0.00030618,-0.00099000
0.00110500,-0.00020440,-0.00105899
0.00110510,-0.00044571,-0.00112306
0.00110520,-0.00039078,-0.00118193
0.00110530,-0.00027532,-0.00123539
0.00110540,-0.00041322,-0.00128321
0.00110550,-0.00032073,-0.00132522
0.00110560,-0.00026166,-0.00136126
0.00110570,-0.00016922,-0.00139120
0.00110580,-0.00003934,-0.00141493
0.00110590,0.00000572,-0.00143240
0.00110600,-0.00002744,-0.00144354
0.00110610,-0.00002620,-0.00144836
0.00110620,-0.00012189,-0.00144686
0.00110630,-0.00017450,-0.00143909
0.00110640,-0.00017778,-0.00142511
0.00110650,-0.00039955,-0.00140503
0.00110660,-0.00036971,-0.00137898
0.00110670,-0.00018156,-0.00134709
0.00110680,-0.00012509,-0.00130956
0.00110690,-0.00013181,-0.00126657
0.00110700,-0.00021541,-0.00121837
0.00110710,-0.00018467,-0.00116518
0.00110720,-0.00025947,-0.00110729
0.00110730,-0.00016714,-0.00104498
0.00110740,-0.00012539,-0.00097856
0.00110750,-0.00005753,-0.00090834
0.00110760,0.00018559,-0.00083467
0.00110770,0.00010157,-0.00075789
0.00110780,0.00017240,-0.00067837
0.00110790,0.00008556,-0.00059649
0.00110800,0.00000934,-0.00051262
0.00110810,0.00015213,-0.00042715
0.00110820,0.00003211,-0.00034047
0.00110830,-0.00008224,-0.00025298
0.00110840,-0.00007686,-0.00016509
0.00110850,-0.00018350,-0.00007717
0.00110860,0.00001767,0.00001036
0.00110870,0.00018692,0.00009711
0.00110880,-0.00006108,0.00018271
0.00110890,-0.00014952,0.00026676
0.00110900,-0.00022085,0.00034891
0.00110910,-0.00000997,0.00042879
0.00110920,-0.00010436,0.00050605
0.00110930,-0.00013693,0.00058036
0.00110940,-0.00013052,0.00065139
0.00110950,-0.00011126,0.00071886
0.00110960,-0.00023063,0.00078246
0.00110970,-0.00021683,0.00084193
0.00110980,-0.00016517,0.00089703
0.00110990,-0.00017223,0.00094753
0.00111000,0.00016950,0.00099322
0.00111010,0.00014465,0.00103393
0.00111020,-0.00005114,0.00106951
0.00111030,-0.00009362,0.00109981
0.00111040,-0.00001471,0.00112473
0.00111050,-0.00011030,0.00114419
0.00111060,-0.00029070,0.00115814
0.00111070,-0.00029069,0.00116654
0.00111080,-0.00035827,0.00116939
0.00111090,-0.00022938,0.00116672
0.00111100,-0.00032580,0.00115857
0.00111110,-0.00038815,0.00114503
0.00111120,-0.00030159,0.00112619
0.00111130,-0.00031209,0.00110217
0.00111140,-0.00019569,0.00107313
0.00111150,-0.00037448,0.00103924
0.00111160,-0.00040455,0.00100070
0.00111170,-0.00021978,0.00095771
0.00111180,-0.00040985,0.00091053
0.00111190,-0.00025314,0.00085940
0.00111200,-0.00040471,0.00080459
0.00111210,-0.00026055,0.00074639
0.00111220,-0.00035897,0.00068512
0.00111230,-0.00043733,0.00062107
0.00111240,-0.00033228,0.00055458
0.00111250,-0.00032839,0.00048599
0.00111260,-0.00018355,0.00041563
0.00111270,-0.00055359,0.00034386
0.00111280,-0.00040099,0.00027104
0.00111290,-0.00042784,0.00019752
0.00111300,-0.00057723,0.00012365
0.00111310,-0.00036794,0.00004981
0.00111320,-0.00045863,-0.00002366
0.00111330,-0.00045313,-0.00009641
0.00111340,-0.00055143,-0.00016808
0.00111350,-0.00048676,-0.00023835
0.00111360,-0.00059114,-0.00030688
0.00111370,-0.00058431,-0.00037335
0.00111380,-0.00047525,-0.00043746
0.00111390,-0.00041630,-0.00049892
0.00111400,-0.00036738,-0.00055744
0.00111410,-0.00042837,-0.00061276
0.00111420,-0.00043301,-0.00066465
0.00111430,-0.00009096,-0.00071286
0.00111440,-0.00024479,-0.00075721
0.00111450,-0.00031870,-0.00079750
0.00111460,-0.00041120,-0.00083356
0.00111470,-0.00043412,-0.00086526
0.00111480,-0.00041819,-0.00089247
0.00111490,-0.00063004,-0.00091509
0.00111500,-0.00047024,-0.00093306
0.00111510,-0.00052897,-0.00094630
0.00111520,-0.00066277,-0.00095481
0.00111530,-0.00057319,-0.00095858
0.00111540,-0.00060417,-0.00095762
0.00111550,-0.00048522,-0.00095198
0.00111560,-0.00048074,-0.00094172
0.00111570,-0.00058348,-0.00092693
0.00111580,-0.00051049,-0.00090772
0.00111590,-0.00039868,-0.00088421
0.00111600,-0.00024929,-0.00085657
0.00111610,-0.00030397,-0.00082496
0.00111620,-0.00009304,-0.00078956
0.00111630,-0.00016811,-0.00075059
0.00111640,-0.00018398,-0.00070826
0.00111650,-0.00014913,-0.00066281
0.00111660,-0.00016839,-0.00061449
0.00111670,-0.00010062,-0.00056357
0.00111680,-0.00017601,-0.00051031
0.00111690,-0.00018923,-0.00045499
0.00111700,-0.00017552,-0.00039791
0.00111710,-0.00005374,-0.00033936
0.00111720,-0.00014881,-0.00027964
0.00111730,-0.00018353,-0.00021906
0.00111740,-0.00001092,-0.00015791
0.00111750,-0.00004180,-0.00009651
0.00111760,0.00002571,-0.00003515
0.00111770,-0.00004272,0.00002586
0.00111780,-0.00013788,0.00008623
0.00111790,-0.00003135,0.00014566
0.00111800,-0.00000527,0.00020387
0.00111810,-0.00004614,0.00026059
0.00111820,-0.00003679,0.00031556
0.00111830,-0.00005565,0.00036850
0.00111840,0.00000888,0.00041919
0.00111850,0.00011595,0.00046739
0.00111860,0.00010837,0.00051288
0.00111870,-0.00005483,0.00055547
0.00111880,0.00007106,0.00059496
0.00111890,-0.00000206,0.00063120
0.00111900,0.00017400,0.00066402
0.00111910,0.00013033,0.00069330
0.00111920,0.00003002,0.00071893
0.00111930,-0.00010654,0.00074080
0.00111940,-0.00004934,0.00075885
0.00111950,0.00008396,0.00077301
0.00111960,-0.00016055,0.00078325
0.00111970,-0.00008815,0.00078956
0.00111980,-0.00021401,0.00079194
0.00111990,-0.00013680,0.00079041
0.00112000,-0.00002795,0.00078501
0.00112010,-0.00004710,0.00077582
0.00112020,-0.00016744,0.00076290
0.00112030,-0.00034715,0.00074636
0.00112040,-0.00017046,0.00072631
0.00112050,-0.00018269,0.00070290
0.00112060,-0.00000436,0.00067626
0.00112070,-0.00019642,0.00064656
0.00112080,-0.00013573,0.00061397
0.00112090,-0.00015439,0.00057870
0.00112100,-0.00007172,0.00054094
0.00112110,-0.00013572,0.00050090
0.00112120,-0.00008988,0.00045880
0.00112130,-0.00018269,0.00041489
0.00112140,-0.00039900,0.00036938
0.00112150,-0.00031333,0.00032253
0.00112160,-0.00014279,0.00027458
0.00112170,-0.00027786,0.00022578
0.00112180,-0.00033951,0.00017638
0.00112190,-0.00012113,0.00012663
0.00112200,-0.00042679,0.00007678
0.00112210,-0.00034686,0.00002708
0.00112220,-0.00042990,-0.00002223
0.00112230,-0.00044718,-0.00007091
0.00112240,-0.00029807,-0.00011872
0.00112250,-0.00046385,-0.00016545
0.00112260,-0.00043397,-0.00021086
0.00112270,-0.00029682,-0.00025476
0.00112280,-0.00013024,-0.00029694
0.00112290,-0.00010385,-0.00033721
0.00112300,-0.00052366,-0.00037539
0.00112310,-0.00045206,-0.00041132
0.00112320,-0.00047955,-0.00044484
0.00112330,-0.00031849,-0.00047580
0.00112340,-0.00032748,-0.00050409
0.00112350,-0.00045649,-0.00052958
0.00112360,-0.00045390,-0.00055217
0.00112370,-0.00046372,-0.00057179
0.00112380,-0.00047615,-0.00058836
0.00112390,-0.00065479,-0.00060182
0.00112400,-0.00057392,-0.00061213
0.00112410,-0.00064372,-0.00061928
0.00112420,-0.00069596,-0.00062325
0.00112430,-0.00049928,-0.00062404
0.00112440,-0.00054479,-0.00062169
0.00112450,-0.00052192,-0.00061622
0.00112460,-0.00032546,-0.00060769
0.00112470,-0.00040506,-0.00059616
0.00112480,-0.00048189,-0.00058172
0.00112490,-0.00035118,-0.00056445
0.00112500,-0.00036599,-0.00054447
0.00112510,-0.00036012,-0.00052189
0.00112520,-0.00060169,-0.00049684
0.00112530,-0.00040345,-0.00046947
0.00112540,-0.00043622,-0.00043993
0.00112550,-0.00053179,-0.00040838
0.00112560,-0.00028512,-0.00037500
0.00112570,-0.00043108,-0.00033996
0.00112580,-0.00050042,-0.00030346
0.00112590,-0.00043931,-0.00026568
0.00112600,-0.00033507,-0.00022683
0.00112610,-0.00054333,-0.00018711
0.00112620,-0.00052337,-0.00014673
0.00112630,-0.00037373,-0.00010589
0.00112640,-0.00050705,-0.00006483
0.00112650,-0.00041473,-0.00002373
0.00112660,-0.00037570,0.00001718
0.00112670,-0.00051470,0.00005770
0.00112680,-0.00047231,0.00009762
0.00112690,-0.00041114,0.00013674
0.00112700,-0.00017623,0.00017486
0.00112710,-0.00035593,0.00021179
0.00112720,-0.00023525,0.00024735
0.00112730,-0.00008086,0.00028137
0.00112740,-0.00011171,0.00031367
0.00112750,0.00004841,0.00034410
0.00112760,-0.00004724,0.00037251
0.00112770,-0.00004334,0.00039878
0.00112780,-0.00001192,0.00042276
0.00112790,-0.00013614,0.00044436
0.00112800,-0.00006524,0.00046347
0.00112810,0.00007292,0.00048000
0.00112820,-0.00008598,0.00049389
0.00112830,0.00002680,0.00050507
0.00112840,-0.00001151,0.00051349
0.00112850,-0.00005226,0.00051914
0.00112860,-0.00017591,0.00052199
0.00112870,-0.00022339,0.00052204
0.00112880,0.00002751,0.00051930
0.00112890,0.00009764,0.00051381
0.00112900,0.00013158,0.00050560
0.00112910,-0.00007307,0.00049473
0.00112920,0.00011294,0.00048127
0.00112930,0.00004512,0.00046531
0.00112940,0.00001340,0.00044694
0.00112950,0.00017629,0.00042626
0.00112960,0.00010360,0.00040340
0.00112970,0.00023890,0.00037848
0.00112980,0.00023676,0.00035164
0.00112990,0.00014784,0.00032303
0.00113000,0.00020475,0.00029280
0.00113010,0.00012979,0.00026112
0.00113020,0.00016774,0.00022816
0.00113030,0.00010573,0.00019408
0.00113040,-0.00007670,0.00015906
0.00113050,-0.00015810,0.00012329
0.00113060,-0.00020154,0.00008694
0.00113070,-0.00019838,0.00005021
0.00113080,-0.00025294,0.00001328
0.00113090,-0.00032535,-0.00002367
0.00113100,-0.00042906,-0.00006045
0.00113110,-0.00028852,-0.00009688
0.00113120,-0.00013933,-0.00013278
0.00113130,-0.00031700,-0.00016798
0.00113140,-0.00029261,-0.00020229
0.00113150,-0.00025713,-0.00023556
0.00113160,-0.00011153,-0.00026762
0.00113170,-0.00017837,-0.00029833
0.00113180,-0.00018079,-0.00032752
0.00113190,-0.00009237,-0.00035507
0.00113200,-0.00031889,-0.00038085
0.00113210,-0.00041568,-0.00040473
0.00113220,-0.00037893,-0.00042659
0.00113230,-0.00058860,-0.00044635
0.00113240,-0.00042908,-0.00046390
0.00113250,-0.00058420,-0.00047917
0.00113260,-0.00060714,-0.00049209
0.00113270,-0.00047655,-0.00050259
0.00113280,-0.00050890,-0.00051062
0.00113290,-0.00065800,-0.00051616
0.00113300,-0.00073784,-0.00051918
0.00113310,-0.00060285,-0.00051966
0.00113320,-0.00064169,-0.00051760
0.00113330,-0.00071100,-0.00051302
0.00113340,-0.00070407,-0.00050594
0.00113350,-0.00054044,-0.00049638
0.00113360,-0.00062665,-0.00048441
0.00113370,-0.00067387,-0.00047007
0.00113380,-0.00057022,-0.00045342
0.00113390,-0.00051517,-0.00043455
0.00113400,-0.00028517,-0.00041354
0.00113410,-0.00048403,-0.00039048
0.00113420,-0.00047381,-0.00036548
0.00113430,-0.00060811,-0.00033864
0.00113440,-0.00060749,-0.00031009
0.00113450,-0.00043046,-0.00027995
0.00113460,-0.00053262,-0.00024836
0.00113470,-0.00026441,-0.00021544
0.00113480,-0.00039594,-0.00018136
0.00113490,-0.00044506,-0.00014624
0.00113500,-0.00045801,-0.00011026
0.00113510,-0.00042560,-0.00007356
0.00113520,-0.00027970,-0.00003630
0.00113530,-0.00042315,0.00000134
0.00113540,-0.00037896,0.00003922
0.00113550,-0.00044555,0.00007715
0.00113560,-0.00030365,0.00011498
0.00113570,-0.00017379,0.00015254
0.00113580,-0.00012533,0.00018965
0.00113590,-0.00008609,0.00022617
0.00113600,-0.00014581,0.00026191
0.00113610,-0.00012908,0.00029673
0.00113620,-0.00003941,0.00033046
0.00113630,-0.00007834,0.00036295
0.00113640,-0.00000839,0.00039406
0.00113650,-0.00015636,0.00042364
0.00113660,-0.00002314,0.00045155
0.00113670,-0.00003867,0.00047767
0.00113680,-0.00015959,0.00050187
0.00113690,0.00003780,0.00052403
0.00113700,-0.00017318,0.00054406
0.00113710,-0.00011796,0.00056184
0.00113720,-0.00016583,0.00057730
0.00113730,-0.00008509,0.00059035
0.00113740,0.00010857,0.00060093
0.00113750,0.00003543,0.00060896
0.00113760,-0.00018269,0.00061441
0.00113770,-0.00005236,0.00061723
0.00113780,0.00012387,0.00061740
0.00113790,0.00004185,0.00061489
0.00113800,0.00004241,0.00060971
0.00113810,0.00021679,0.00060186
0.00113820,0.00028827,0.00059136
0.00113830,0.00026102,0.00057823
0.00113840,0.00021800,0.00056252
0.00113850,0.00001422,0.00054427
0.00113860,-0.00002872,0.00052356
0.00113870,0.00004089,0.00050045
0.00113880,0.00015678,0.00047503
0.00113890,0.00034603,0.00044740
0.00113900,0.00020727,0.00041765
0.00113910,0.00029692,0.00038591
0.00113920,0.00006374,0.00035229
0.00113930,0.00000197,0.00031692
0.00113940,-0.00014227,0.00027993
0.00113950,-0.00009923,0.00024148
0.00113960,-0.00014241,0.00020171
0.00113970,-0.00019346,0.00016078
0.00113980,-0.00006014,0.00011884
0.00113990,-0.00026827,0.00007606
0.00114000,-0.00014412,0.00003261
0.00114010,0.00003191,-0.00001134
0.00114020,-0.00021814,-0.00005561
0.00114030,-0.00014991,-0.00010004
0.00114040,-0.00007891,-0.00014443
0.00114050,-0.00018645,-0.00018861
0.00114060,-0.00021793,-0.00023241
0.00114070,-0.00023357,-0.00027564
0.00114080,-0.00014298,-0.00031812
0.00114090,-0.00028992,-0.00035968
0.00114100,-0.00033927,-0.00040016
0.00114110,-0.00044781,-0.00043937
0.00114120,-0.00043451,-0.00047715
0.00114130,-0.00037312,-0.00051335
0.00114140,-0.00044225,-0.00054780
0.00114150,-0.00034415,-0.00058036
0.00114160,-0.00048423,-0.00061088
0.00114170,-0.00050113,-0.00063924
0.00114180,-0.00038250,-0.00066529
0.00114190,-0.00056125,-0.00068892
0.00114200,-0.00058522,-0.00071003
0.00114210,-0.00063421,-0.00072851
0.00114220,-0.00051153,-0.00074427
0.00114230,-0.00057076,-0.00075723
0.00114240,-0.00078018,-0.00076732
0.00114250,-0.00056019,-0.00077448
0.00114260,-0.00062475,-0.00077868
0.00114270,-0.00068448,-0.00077987
0.00114280,-0.00073657,-0.00077803
0.00114290,-0.00067494,-0.00077315
0.00114300,-0.00043023,-0.00076524
0.00114310,-0.00025414,-0.00075430
0.00114320,-0.00026923,-0.00074037
0.00114330,-0.00042424,-0.00072348
0.00114340,-0.00060192,-0.00070368
0.00114350,-0.00070416,-0.00068102
0.00114360,-0.00070419,-0.00065560
0.00114370,-0.00048051,-0.00062747
0.00114380,-0.00037653,-0.00059675
0.00114390,-0.00053698,-0.00056354
0.00114400,-0.00040546,-0.00052794
0.00114410,-0.00051256,-0.00049008
0.00114420,-0.00056758,-0.00045010
0.00114430,-0.00056956,-0.00040814
0.00114440,-0.00064716,-0.00036434
0.00114450,-0.00051084,-0.00031887
0.00114460,-0.00053655,-0.00027187
0.00114470,-0.00046342,-0.00022353
0.00114480,-0.00032804,-0.00017402
0.00114490,-0.00041600,-0.00012352
0.00114500,-0.00014717,-0.00007221
0.00114510,0.00006235,-0.00002028
0.00114520,-0.00018500,0.00003207
0.00114530,-0.00011820,0.00008466
0.00114540,-0.00015242,0.00013728
0.00114550,0.00005186,0.00018974
0.00114560,-0.00019901,0.00024185
0.00114570,-0.00010514,0.00029340
0.00114580,0.00009074,0.00034420
0.00114590,-0.00008893,0.00039405
0.00114600,0.00019323,0.00044277
0.00114610,0.00002256,0.00049017
0.00114620,-0.00005681,0.00053607
0.00114630,-0.00009657,0.00058027
0.00114640,-0.00012384,0.00062262
0.00114650,0.00000922,0.00066295
0.00114660,0.00013991,0.00070109
0.00114670,0.00003110,0.00073689
0.00114680,0.00005257,0.00077021
0.00114690,-0.00004602,0.00080091
0.00114700,-0.00011130,0.00082887
0.00114710,0.00019544,0.00085396
0.00114720,0.00019083,0.00087610
0.00114730,0.00017015,0.00089517
0.00114740,0.00001969,0.00091110
0.00114750,0.00008652,0.00092382
0.00114760,0.00007244,0.00093326
0.00114770,0.00022835,0.00093937
0.00114780,0.00010272,0.00094214
0.00114790,0.00010019,0.00094152
0.00114800,0.00018419,0.00093751
0.00114810,0.00006394,0.00093011
0.00114820,-0.00000744,0.00091933
0.00114830,-0.00006747,0.00090521
0.00114840,-0.00011538,0.00088778
0.00114850,0.00000261,0.00086709
0.00114860,0.00000581,0.00084320
0.00114870,0.00004988,0.00081619
0.00114880,0.00014839,0.00078615
0.00114890,-0.00011412,0.00075316
0.00114900,0.00010333,0.00071735
0.00114910,-0.00013094,0.00067882
0.00114920,-0.00009304,0.00063771
0.00114930,-0.00001938,0.00059415
0.00114940,-0.00016828,0.00054829
0.00114950,0.00001995,0.00050029
0.00114960,-0.00002422,0.00045032
0.00114970,-0.00015035,0.00039854
0.00114980,-0.00026844,0.00034514
0.00114990,-0.00023132,0.00029030
0.00115000,-0.00021023,0.00023423
0.00115010,-0.00010941,0.00017711
0.00115020,-0.00021647,0.00011915
0.00115030,-0.00025177,0.00006056
0.00115040,-0.00030517,0.00000155
0.00115050,-0.00041214,-0.00005766
0.00115060,-0.00023715,-0.00011687
0.00115070,-0.00028425,-0.00017585
0.00115080,-0.00032446,-0.00023438
0.00115090,-0.00025250,-0.00029225
0.00115100,-0.00036963,-0.00034925
0.00115110,-0.00032950,-0.00040517
0.00115120,-0.00051113,-0.00045978
0.00115130,-0.00047240,-0.00051289
0.00115140,-0.00026044,-0.00056430
0.00115150,-0.00022060,-0.00061381
0.00115160,-0.00018484,-0.00066122
0.00115170,-0.00019183,-0.00070637
0.00115180,-0.00037625,-0.00074906
0.00115190,-0.00024398,-0.00078915
0.00115200,-0.00033134,-0.00082646
0.00115210,-0.00045519,-0.00086085
0.00115220,-0.00027865,-0.00089220
0.00115230,-0.00039073,-0.00092036
0.00115240,-0.00037026,-0.00094524
0.00115250,-0.00034121,-0.00096673
0.00115260,-0.00033120,-0.00098474
0.00115270,-0.00025784,-0.00099921
0.00115280,-0.00036918,-0.00101007
0.00115290,-0.00056670,-0.00101728
0.00115300,-0.00055069,-0.00102082
0.00115310,-0.00055544,-0.00102065
0.00115320,-0.00038143,-0.00101680
0.00115330,-0.00024440,-0.00100926
0.00115340,-0.00039100,-0.00099806
0.00115350,-0.00027247,-0.00098325
0.00115360,-0.00039362,-0.00096489
0.00115370,-0.00029335,-0.00094304
0.00115380,-0.00019127,-0.00091779
0.00115390,-0.00019821,-0.00088923
0.00115400,-0.00025043,-0.00085749
0.00115410,-0.00014798,-0.00082266
0.00115420,-0.00015343,-0.00078490
0.00115430,-0.00015638,-0.00074435
0.00115440,-0.00017666,-0.00070116
0.00115450,-0.00020630,-0.00065551
0.00115460,0.00013309,-0.00060755
0.00115470,0.00003623,-0.00055750
0.00115480,-0.00005571,-0.00050552
0.00115490,0.00001243,-0.00045184
0.00115500,-0.00002081,-0.00039665
0.00115510,-0.00007746,-0.00034016
0.00115520,-0.00008444,-0.00028261
0.00115530,-0.00015395,-0.00022420
0.00115540,-0.00025640,-0.00016516
0.00115550,-0.00028386,-0.00010573
0.00115560,-0.00012041,-0.00004612
0.00115570,-0.00014225,0.00001342
0.00115580,0.00005437,0.00007269
0.00115590,0.00002455,0.00013143
0.00115600,0.00003602,0.00018945
0.00115610,0.00014166,0.00024650
0.00115620,0.00002076,0.00030238
0.00115630,-0.00004580,0.00035688
0.00115640,-0.00014633,0.00040978
0.00115650,-0.00010070,0.00046090
0.00115660,-0.00009826,0.00051003
0.00115670,-0.00016817,0.00055699
0.00115680,-0.00014504,0.00060161
0.00115690,-0.00015429,0.00064372
0.00115700,-0.00014846,0.00068316
0.00115710,0.00006595,0.00071980
0.00115720,-0.00010953,0.00075348
0.00115730,-0.00023201,0.00078409
0.00115740,-0.00032930,0.00081152
0.00115750,-0.00034948,0.00083566
0.00115760,-0.00021518,0.00085643
0.00115770,-0.00045007,0.00087376
0.00115780,-0.00009749,0.00088759
0.00115790,-0.00014695,0.00089788
0.00115800,-0.00018469,0.00090458
0.00115810,-0.00013954,0.00090770
0.00115820,-0.00014505,0.00090722
0.00115830,-0.00040233,0.00090316
0.00115840,-0.00030691,0.00089556
0.00115850,-0.00019535,0.00088446
0.00115860,-0.00028269,0.00086991
0.00115870,-0.00018286,0.00085201
0.00115880,-0.00025945,0.00083083
0.00115890,-0.00019399,0.00080648
0.00115900,-0.00027637,0.00077908
0.00115910,-0.00023509,0.00074876
0.00115920,-0.00011742,0.00071568
0.00115930,-0.00026409,0.00067998
0.00115940,-0.00034026,0.00064184
0.00115950,-0.00036045,0.00060144
0.00115960,-0.00034816,0.00055897
0.00115970,-0.00023002,0.00051463
0.00115980,-0.00032375,0.00046862
0.00115990,-0.00048841,0.00042118
0.00116000,-0.00044424,0.00037251
0.00116010,-0.00034882,0.00032284
0.00116020,-0.00015480,0.00027242
0.00116030,-0.00028198,0.00022147
0.00116040,-0.00030992,0.00017023
0.00116050,-0.00023598,0.00011894
0.00116060,-0.00027092,0.00006783
0.00116070,-0.00024788,0.00001714
0.00116080,-0.00035576,-0.00003290
0.00116090,-0.00034626,-0.00008206
0.00116100,-0.00039971,-0.00013012
0.00116110,-0.00046118,-0.00017686
0.00116120,-0.00043221,-0.00022207
0.00116130,-0.00020952,-0.00026555
0.00116140,-0.00037906,-0.00030711
0.00116150,-0.00052701,-0.00034656
0.00116160,-0.00047031,-0.00038373
0.00116170,-0.00042934,-0.00041847
0.00116180,-0.00035115,-0.00045063
0.00116190,-0.00031419,-0.00048007
0.00116200,-0.00024669,-0.00050668
0.00116210,-0.00026463,-0.00053034
0.00116220,-0.00027301,-0.00055097
0.00116230,-0.00028173,-0.00056849
0.00116240,-0.00023564,-0.00058284
0.00116250,-0.00021375,-0.00059398
0.00116260,-0.00004513,-0.00060187
0.00116270,-0.00008217,-0.00060652
0.00116280,-0.00017438,-0.00060791
0.00116290,0.00008441,-0.00060608
0.00116300,0.00006919,-0.00060107
0.00116310,0.00010831,-0.00059292
0.00116320,0.00014847,-0.00058171
0.00116330,-0.00004435,-0.00056753
0.00116340,-0.00011447,-0.00055047
0.00116350,-0.00024922,-0.00053066
0.00116360,-0.00020360,-0.00050823
0.00116370,-0.00015443,-0.00048332
0.00116380,0.00001246,-0.00045610
0.00116390,-0.00002230,-0.00042672
0.00116400,-0.00033676,-0.00039538
0.00116410,-0.00025314,-0.00036227
0.00116420,-0.00037782,-0.00032759
0.00116430,-0.00015130,-0.00029155
0.00116440,-0.00006689,-0.00025436
0.00116450,-0.00001148,-0.00021626
0.00116460,0.00018382,-0.00017746
0.00116470,-0.00008368,-0.00013821
0.00116480,0.00002874,-0.00009874
0.00116490,-0.00005452,-0.00005928
0.00116500,0.00023417,-0.00002006
0.00116510,0.00002190,0.00001868
0.00116520,-0.00016220,0.00005670
0.00116530,-0.00002401,0.00009379
0.00116540,-0.00001813,0.00012973
0.00116550,0.00003783,0.00016429
0.00116560,-0.00005170,0.00019727
0.00116570,-0.00006309,0.00022847
0.00116580,-0.00000668,0.00025771
0.00116590,-0.00023226,0.00028480
0.00116600,-0.00022524,0.00030959
0.00116610,-0.00011429,0.00033191
0.00116620,-0.00017468,0.00035164
0.00116630,-0.00010244,0.00036864
0.00116640,-0.00028278,0.00038282
0.00116650,-0.00024124,0.00039407
0.00116660,-0.00008839,0.00040232
0.00116670,-0.00032508,0.00040751
0.00116680,-0.00020936,0.00040960
0.00116690,-0.00028374,0.00040857
0.00116700,-0.00044115,0.00040440
0.00116710,-0.00020493,0.00039711
0.00116720,-0.00032790,0.00038673
0.00116730,-0.00045378,0.00037330
0.00116740,-0.00034714,0.00035689
0.00116750,-0.00044526,0.00033758
0.00116760,-0.00043897,0.00031547
0.00116770,-0.00038669,0.00029067
0.00116780,-0.00038735,0.00026331
0.00116790,-0.00036716,0.00023353
0.00116800,-0.00038899,0.00020151
0.00116810,-0.00039853,0.00016740
0.00116820,-0.00043074,0.00013141
0.00116830,-0.00054524,0.00009372
0.00116840,-0.00065288,0.00005455
0.00116850,-0.00061645,0.00001412
0.00116860,-0.00079819,-0.00002734
0.00116870,-0.00076456,-0.00006959
0.00116880,-0.00064277,-0.00011239
0.00116890,-0.00069579,-0.00015550
0.00116900,-0.00067174,-0.00019864
0.00116910,-0.00064675,-0.00024158
0.00116920,-0.00058808,-0.00028403
0.00116930,-0.00073130,-0.00032575
0.00116940,-0.00063192,-0.00036648
0.00116950,-0.00035107,-0.00040595
0.00116960,-0.00026203,-0.00044391
0.00116970,-0.00046564,-0.00048012
0.00116980,-0.00044585,-0.00051432
0.00116990,-0.00057720,-0.00054629
0.00117000,-0.00052324,-0.00057580
0.00117010,-0.00048903,-0.00060263
0.00117020,-0.00035098,-0.00062659
0.00117030,-0.00028933,-0.00064747
0.00117040,-0.00055704,-0.00066512
0.00117050,-0.00048101,-0.00067936
0.00117060,-0.00052579,-0.00069006
0.00117070,-0.00060254,-0.00069709
0.00117080,-0.00065488,-0.00070034
0.00117090,-0.00057018,-0.00069974
0.00117100,-0.00058944,-0.00069520
0.00117110,-0.00052706,-0.00068669
0.00117120,-0.00047820,-0.00067417
0.00117130,-0.00036513,-0.00065764
0.00117140,-0.00021419,-0.00063711
0.00117150,-0.00008788,-0.00061262
0.00117160,0.00010838,-0.00058422
0.00117170,-0.00016087,-0.00055200
0.00117180,-0.00009256,-0.00051605
0.00117190,-0.00001411,-0.00047648
0.00117200,-0.00003496,-0.00043344
0.00117210,0.00007378,-0.00038709
0.00117220,-0.00012512,-0.00033761
0.00117230,-0.00000760,-0.00028519
0.00117240,-0.00015397,-0.00023004
0.00117250,-0.00002256,-0.00017240
0.00117260,0.00011192,-0.00011251
0.00117270,-0.00009319,-0.00005064
0.00117280,-0.00010356,0.00001293
0.00117290,-0.00006701,0.00007793
0.00117300,-0.00000936,0.00014405
0.00117310,0.00011479,0.00021099
0.00117320,0.00011741,0.00027843
0.00117330,0.00030549,0.00034604
0.00117340,0.00013942,0.00041349
0.00117350,-0.00010749,0.00048047
0.00117360,0.00010021,0.00054663
0.00117370,0.00024603,0.00061163
0.00117380,0.00029424,0.00067516
0.00117390,0.00017067,0.00073687
0.00117400,0.00008595,0.00079644
0.00117410,0.00014983,0.00085355
0.00117420,0.00029866,0.00090790
0.00117430,0.00026824,0.00095918
0.00117440,0.00006756,0.00100709
0.00117450,0.00021575,0.00105137
0.00117460,0.00006190,0.00109174
0.00117470,-0.00004359,0.00112796
0.00117480,0.00003321,0.00115980
0.00117490,0.00017855,0.00118703
0.00117500,-0.00002050,0.00120947
0.00117510,-0.00002489,0.00122693
0.00117520,0.00002130,0.00123928
0.00117530,0.00009865,0.00124636
0.00117540,0.00017489,0.00124808
0.00117550,-0.00009299,0.00124436
0.00117560,0.00009598,0.00123514
0.00117570,-0.00007183,0.00122037
0.00117580,-0.00005784,0.00120007
0.00117590,-0.00018312,0.00117424
0.00117600,-0.00012582,0.00114294
0.00117610,-0.00007608,0.00110623
0.00117620,-0.00015864,0.00106421
0.00117630,-0.00008791,0.00101701
0.00117640,-0.00031373,0.00096478
0.00117650,-0.00037636,0.00090769
0.00117660,-0.00064890,0.00084593
0.00117670,-0.00040454,0.00077974
0.00117680,-0.00044558,0.00070936
0.00117690,-0.00046888,0.00063505
0.00117700,-0.00045666,0.00055710
0.00117710,-0.00059733,0.00047583
0.00117720,-0.00046540,0.00039154
0.00117730,-0.00043136,0.00030460
0.00117740,-0.00036622,0.00021534
0.00117750,-0.00051708,0.00012415
0.00117760,-0.00058479,0.00003141
0.00117770,-0.00060714,-0.00006250
0.00117780,-0.00064512,-0.00015716
0.00117790,-0.00085328,-0.00025218
0.00117800,-0.00074239,-0.00034713
0.00117810,-0.00056141,-0.00044162
0.00117820,-0.00054510,-0.00053520
0.00117830,-0.00064978,-0.00062749
0.00117840,-0.00074868,-0.00071805
0.00117850,-0.00064416,-0.00080648
0.00117860,-0.00069895,-0.00089240
0.00117870,-0.00063226,-0.00097539
0.00117880,-0.00057670,-0.00105509
0.00117890,-0.00063198,-0.00113112
0.00117900,-0.00074038,-0.00120314
0.00117910,-0.00071650,-0.00127081
0.00117920,-0.00070034,-0.00133380
0.00117930,-0.00059566,-0.00139183
0.00117940,-0.00071943,-0.00144460
0.00117950,-0.00048875,-0.00149187
0.00117960,-0.00055961,-0.00153341
0.00117970,-0.00050376,-0.00156900
0.00117980,-0.00048279,-0.00159846
0.00117990,-0.00072029,-0.00162164
0.00118000,-0.00044679,-0.00163841
0.00118010,-0.00034556,-0.00164866
0.00118020,-0.00031255,-0.00165233
0.00118030,-0.00030301,-0.00164937
0.00118040,-0.00035174,-0.00163977
0.00118050,-0.00042030,-0.00162353
0.00118060,-0.00047741,-0.00160071
0.00118070,-0.00030191,-0.00157137
0.00118080,0.00000946,-0.00153561
0.00118090,-0.00013648,-0.00149356
0.00118100,-0.00018711,-0.00144536
0.00118110,-0.00020344,-0.00139122
0.00118120,-0.00023303,-0.00133132
0.00118130,-0.00014872,-0.00126590
0.00118140,-0.00020993,-0.00119522
0.00118150,-0.00030903,-0.00111956
0.00118160,-0.00016372,-0.00103921
0.00118170,-0.00003438,-0.00095450
0.00118180,0.00002607,-0.00086577
0.00118190,0.00011081,-0.00077338
0.00118200,-0.00001826,-0.00067769
0.00118210,-0.00000758,-0.00057910
0.00118220,0.00000281,-0.00047802
0.00118230,0.00032272,-0.00037485
0.00118240,0.00035005,-0.00027002
0.00118250,0.00018581,-0.00016395
0.00118260,0.00017868,-0.00005709
0.00118270,-0.00004065,0.00005012
0.00118280,0.00008662,0.00015724
0.00118290,0.00024644,0.00026384
0.00118300,-0.00001556,0.00036946
0.00118310,-0.00000307,0.00047367
0.00118320,-0.00008519,0.00057603
0.00118330,0.00009328,0.00067613
0.00118340,0.00009396,0.00077354
0.00118350,0.00011598,0.00086786
0.00118360,0.00034909,0.00095871
0.00118370,0.00019260,0.00104569
0.00118380,0.00032043,0.00112846
0.00118390,0.00011112,0.00120668
0.00118400,0.00018650,0.00128001
0.00118410,0.00016551,0.00134815
0.00118420,0.00011230,0.00141084
0.00118430,0.00025342,0.00146782
0.00118440,0.00030107,0.00151885
0.00118450,0.00026594,0.00156375
0.00118460,0.00008078,0.00160233
0.00118470,0.00001977,0.00163445
0.00118480,-0.00000875,0.00165999
0.00118490,0.00017948,0.00167887
0.00118500,-0.00006321,0.00169104
0.00118510,-0.00008798,0.00169646
0.00118520,-0.00023937,0.00169515
0.00118530,-0.00003523,0.00168714
0.00118540,-0.00025032,0.00167248
0.00118550,-0.00040860,0.00165128
0.00118560,-0.00031877,0.00162366
0.00118570,-0.00026302,0.00158976
0.00118580,-0.00030328,0.00154977
0.00118590,-0.00044613,0.00150388
0.00118600,-0.00024660,0.00145232
0.00118610,-0.00038217,0.00139534
0.00118620,-0.00017133,0.00133322
0.00118630,-0.00037952,0.00126623
0.00118640,-0.00047650,0.00119470
0.00118650,-0.00021520,0.00111895
0.00118660,-0.00034795,0.00103933
0.00118670,-0.00035560,0.00095619
0.00118680,-0.00045167,0.00086990
0.00118690,-0.00036441,0.00078084
0.00118700,-0.00035952,0.00068941
0.00118710,-0.00030070,0.00059600
0.00118720,-0.00030802,0.00050101
0.00118730,-0.00038380,0.00040484
0.00118740,-0.00047138,0.00030792
0.00118750,-0.00044590,0.00021063
0.00118760,-0.00046606,0.00011339
0.00118770,-0.00040410,0.00001660
0.00118780,-0.00056974,-0.00007934
0.00118790,-0.00046304,-0.00017405
0.00118800,-0.00048570,-0.00026715
0.00118810,-0.00037233,-0.00035826
0.00118820,-0.00019152,-0.00044704
0.00118830,-0.00041544,-0.00053313
0.00118840,-0.00021022,-0.00061620
0.00118850,-0.00049639,-0.00069595
0.00118860,-0.00032007,-0.00077208
0.00118870,-0.00030505,-0.00084431
0.00118880,-0.00059954,-0.00091238
0.00118890,-0.00054789,-0.00097605
0.00118900,-0.00056584,-0.00103512
0.00118910,-0.00066892,-0.00108939
0.00118920,-0.00055997,-0.00113868
0.00118930,-0.00037759,-0.00118285
0.00118940,-0.00046952,-0.00122178
0.00118950,-0.00053624,-0.00125536
0.00118960,-0.00074972,-0.00128352
0.00118970,-0.00073512,-0.00130621
0.00118980,-0.00057961,-0.00132340
0.00118990,-0.00048584,-0.00133509
0.00119000,-0.00047833,-0.00134131
0.00119010,-0.00025423,-0.00134210
0.00119020,-0.00035850,-0.00133752
0.00119030,-0.00048034,-0.00132769
0.00119040,-0.00034312,-0.00131270
0.00119050,-0.00036761,-0.00129271
0.00119060,-0.00018353,-0.00126786
0.00119070,-0.00027307,-0.00123835
0.00119080,-0.00033195,-0.00120436
0.00119090,-0.00019783,-0.00116612
0.00119100,-0.00025931,-0.00112385
0.00119110,0.00000441,-0.00107781
0.00119120,0.00003783,-0.00102824
0.00119130,-0.00008108,-0.00097544
0.00119140,-0.00002584,-0.00091967
0.00119150,-0.00007403,-0.00086123
0.00119160,0.00000752,-0.00080043
0.00119170,0.00002681,-0.00073756
0.00119180,-0.00005268,-0.00067293
0.00119190,0.00004402,-0.00060686
0.00119200,-0.00004514,-0.00053967
0.00119210,-0.00016014,-0.00047165
0.00119220,-0.00002804,-0.00040313
0.00119230,-0.00009666,-0.00033441
0.00119240,-0.00028245,-0.00026579
0.00119250,-0.00025687,-0.00019757
0.00119260,-0.00020965,-0.00013002
0.00119270,-0.00035525,-0.00006344
0.00119280,-0.00023332,0.00000191
0.00119290,-0.00003724,0.00006578
0.00119300,-0.00013102,0.00012791
0.00119310,-0.00010196,0.00018809
0.00119320,-0.00012190,0.00024610
0.00119330,-0.00017909,0.00030172
0.00119340,-0.00008278,0.00035478
0.00119350,0.00004914,0.00040511
0.00119360,0.00001166,0.00045255
0.00119370,0.00000040,0.00049697
0.00119380,-0.00006540,0.00053824
0.00119390,-0.00009921,0.00057627
0.00119400,-0.00005071,0.00061096
0.00119410,-0.00016662,0.00064225
0.00119420,-0.00015001,0.00067010
0.00119430,-0.00024998,0.00069446
0.00119440,-0.00024570,0.00071531
0.00119450,-0.00019346,0.00073266
0.00119460,-0.00037589,0.00074653
0.00119470,-0.00012080,0.00075693
0.00119480,-0.00014948,0.00076392
0.00119490,-0.00020300,0.00076757
0.00119500,-0.00013685,0.00076793
0.00119510,-0.00030046,0.00076510
0.00119520,-0.00029674,0.00075918
0.00119530,-0.00023157,0.00075027
0.00119540,-0.00029118,0.00073851
0.00119550,-0.00023818,0.00072402
0.00119560,-0.00017370,0.00070695
0.00119570,-0.00021071,0.00068745
0.00119580,-0.00024214,0.00066566
0.00119590,-0.00040268,0.00064176
0.00119600,-0.00020090,0.00061593
0.00119610,-0.00026282,0.00058832
0.00119620,-0.00039247,0.00055912
0.00119630,-0.00040602,0.00052852
0.00119640,-0.00036157,0.00049670
0.00119650,-0.00037921,0.00046383
0.00119660,-0.00043734,0.00043011
0.00119670,-0.00037871,0.00039572
0.00119680,-0.00049582,0.00036084
0.00119690,-0.00040432,0.00032565
0.00119700,-0.00037730,0.00029033
0.00119710,-0.00030919,0.00025504
0.00119720,-0.00045460,0.00021996
0.00119730,-0.00066381,0.00018525
0.00119740,-0.00053205,0.00015105
0.00119750,-0.00032168,0.00011752
0.00119760,-0.00018266,0.00008479
0.00119770,-0.00018472,0.00005300
0.00119780,-0.00035493,0.00002227
0.00119790,-0.00031628,-0.00000729
0.00119800,-0.00030236,-0.00003558
0.00119810,-0.00039232,-0.00006249
0.00119820,-0.00043719,-0.00008794
0.00119830,-0.00048649,-0.00011186
0.00119840,-0.00043975,-0.00013418
0.00119850,-0.00049794,-0.00015485
0.00119860,-0.00030667,-0.00017381
0.00119870,-0.00041235,-0.00019105
0.00119880,-0.00063576,-0.00020652
0.00119890,-0.00065191,-0.00022021
0.00119900,-0.00072880,-0.00023212
0.00119910,-0.00060875,-0.00024226
0.00119920,-0.00047663,-0.00025063
0.00119930,-0.00035518,-0.00025726
0.00119940,-0.00018361,-0.00026219
0.00119950,-0.00042711,-0.00026544
0.00119960,-0.00042509,-0.00026708
0.00119970,-0.00040181,-0.00026715
0.00119980,-0.00038692,-0.00026572
0.00119990,-0.00030298,-0.00026287
0.00120000,-0.00030823,-0.00025866
0.00120010,-0.00036164,-0.00025318
0.00120020,-0.00033920,-0.00024651
0.00120030,-0.00026076,-0.00023875
0.00120040,-0.00025196,-0.00022999
0.00120050,-0.00015790,-0.00022032
0.00120060,-0.00011187,-0.00020985
0.00120070,-0.00020701,-0.00019868
0.00120080,-0.00035469,-0.00018691
0.00120090,-0.00045205,-0.00017464
0.00120100,-0.00032325,-0.00016198
0.00120110,-0.00012201,-0.00014902
0.00120120,-0.00035246,-0.00013587
0.00120130,-0.00034980,-0.00012263
0.00120140,-0.00016268,-0.00010938
0.00120150,-0.00029433,-0.00009622
0.00120160,-0.00014091,-0.00008323
0.00120170,-0.00016571,-0.00007051
0.00120180,-0.00008849,-0.00005813
0.00120190,-0.00008004,-0.00004617
0.00120200,-0.00017136,-0.00003468
0.00120210,-0.00009176,-0.00002375
0.00120220,-0.00012282,-0.00001343
0.00120230,-0.00006249,-0.00000377
0.00120240,-0.00000272,0.00000518
0.00120250,-0.00009762,0.00001339
0.00120260,-0.00002203,0.00002081
0.00120270,-0.00010454,0.00002742
0.00120280,-0.00004448,0.00003319
0.00120290,-0.00000556,0.00003810
0.00120300,0.00000001,0.00004216
0.00120310,0.00005074,0.00004534
0.00120320,-0.00009985,0.00004765
0.00120330,0.00004939,0.00004910
0.00120340,0.00010656,0.00004969
0.00120350,0.00002418,0.00004945
0.00120360,-0.00017990,0.00004839
0.00120370,-0.00020884,0.00004654
0.00120380,-0.00010164,0.00004392
0.00120390,-0.00010204,0.00004058
0.00120400,-0.00016448,0.00003654
0.00120410,-0.00024200,0.00003186
0.00120420,-0.00011887,0.00002658
0.00120430,0.00000345,0.00002074
0.00120440,0.00001145,0.00001439
0.00120450,0.00002419,0.00000759
0.00120460,0.00015904,0.00000039
0.00120470,0.00013928,-0.00000715
0.00120480,0.00027612,-0.00001499
0.00120490,0.00019879,-0.00002305
0.00120500,-0.00005705,-0.00003129
0.00120510,0.00005069,-0.00003965
0.00120520,-0.00002099,-0.00004807
0.00120530,-0.00025653,-0.00005649
0.00120540,-0.00019362,-0.00006486
0.00120550,-0.00015972,-0.00007312
0.00120560,-0.00021770,-0.00008122
0.00120570,-0.00033786,-0.00008911
0.00120580,-0.00031842,-0.00009674
0.00120590,-0.00027784,-0.00010407
0.00120600,-0.00023271,-0.00011104
0.00120610,-0.00040528,-0.00011761
0.00120620,-0.00040952,-0.00012375
0.00120630,-0.00034681,-0.00012941
0.00120640,-0.00027497,-0.00013456
0.00120650,-0.00026900,-0.00013917
0.00120660,-0.00022951,-0.00014320
0.00120670,-0.00017138,-0.00014663
0.00120680,-0.00039753,-0.00014943
0.00120690,-0.00032638,-0.00015159
0.00120700,-0.00035820,-0.00015307
0.00120710,-0.00043006,-0.00015386
0.00120720,-0.00032065,-0.00015396
0.00120730,-0.00026671,-0.00015334
0.00120740,-0.00041628,-0.00015201
0.00120750,-0.00044825,-0.00014994
0.00120760,-0.00038825,-0.00014716
0.00120770,-0.00043303,-0.00014365
0.00120780,-0.00043890,-0.00013941
0.00120790,-0.00054130,-0.00013447
0.00120800,-0.00066643,-0.00012881
0.00120810,-0.00064818,-0.00012247
0.00120820,-0.00065695,-0.00011544
0.00120830,-0.00059309,-0.00010776
0.00120840,-0.00040958,-0.00009943
0.00120850,-0.00045175,-0.00009048
0.00120860,-0.00062043,-0.00008093
0.00120870,-0.00053622,-0.00007081
0.00120880,-0.00035631,-0.00006014
0.00120890,-0.00042281,-0.00004896
0.00120900,-0.00050477,-0.00003728
0.00120910,-0.00027499,-0.00002516
0.00120920,-0.00026969,-0.00001261
0.00120930,-0.00024896,0.00000033
0.00120940,-0.00033665,0.00001362
0.00120950,-0.00034481,0.00002721
0.00120960,-0.00040956,0.00004107
0.00120970,-0.00037383,0.00005516
0.00120980,-0.00037033,0.00006943
0.00120990,-0.00046790,0.00008384
0.00121000,-0.00030498,0.00009834
0.00121010,-0.00044485,0.00011287
0.00121020,-0.00040739,0.00012740
0.00121030,-0.00021311,0.00014186
0.00121040,-0.00036511,0.00015621
0.00121050,-0.00019232,0.00017040
0.00121060,-0.00025217,0.00018436
0.00121070,-0.00021073,0.00019804
0.00121080,-0.00025507,0.00021139
0.00121090,-0.00033898,0.00022435
0.00121100,-0.00022030,0.00023687
0.00121110,-0.00007806,0.00024888
0.00121120,-0.00004334,0.00026033
0.00121130,0.00000496,0.00027116
0.00121140,0.00010908,0.00028133
0.00121150,0.00012274,0.00029076
0.00121160,0.00008717,0.00029941
0.00121170,0.00020806,0.00030723
0.00121180,-0.00008069,0.00031415
0.00121190,-0.00017230,0.00032013
0.00121200,-0.00018942,0.00032513
0.00121210,-0.00028829,0.00032909
0.00121220,-0.00017286,0.00033197
0.00121230,-0.00023430,0.00033373
0.00121240,-0.00015628,0.00033433
0.00121250,0.00005403,0.00033373
0.00121260,-0.00007551,0.00033192
0.00121270,-0.00013373,0.00032886
0.00121280,-0.00025539,0.00032452
0.00121290,-0.00004309,0.00031889
0.00121300,-0.00002495,0.00031196
0.00121310,0.00011228,0.00030371
0.00121320,0.00001864,0.00029415
0.00121330,0.00005525,0.00028328
0.00121340,0.00003143,0.00027110
0.00121350,0.00002627,0.00025762
0.00121360,0.00013658,0.00024287
0.00121370,-0.00002859,0.00022686
0.00121380,0.00005816,0.00020963
0.00121390,0.00010031,0.00019121
0.00121400,0.00010692,0.00017165
0.00121410,0.00006519,0.00015098
0.00121420,0.00003822,0.00012926
0.00121430,0.00000667,0.00010654
0.00121440,-0.00015903,0.00008290
0.00121450,-0.00009395,0.00005839
0.00121460,0.00000494,0.00003309
0.00121470,-0.00011446,0.00000708
0.00121480,-0.00012237,-0.00001957
0.00121490,-0.00015008,-0.00004675
0.00121500,-0.00029391,-0.00007439
0.00121510,-0.00032998,-0.00010239
0.00121520,-0.00025099,-0.00013064
0.00121530,-0.00029513,-0.00015904
0.00121540,-0.00029737,-0.00018750
0.00121550,-0.00023712,-0.00021588
0.00121560,-0.00024515,-0.00024410
0.00121570,-0.00024385,-0.00027202
0.00121580,-0.00039078,-0.00029954
0.00121590,-0.00027581,-0.00032654
0.00121600,-0.00033651,-0.00035290
0.00121610,-0.00018043,-0.00037851
0.00121620,-0.00038175,-0.00040325
0.00121630,-0.00038790,-0.00042701
0.00121640,-0.00028951,-0.00044966
0.00121650,-0.00045677,-0.00047110
0.00121660,-0.00041509,-0.00049122
0.00121670,-0.00061910,-0.00050990
0.00121680,-0.00044688,-0.00052706
0.00121690,-0.00047934,-0.00054257
0.00121700,-0.00053950,-0.00055635
0.00121710,-0.00037487,-0.00056830
0.00121720,-0.00031642,-0.00057834
0.00121730,-0.00024219,-0.00058637
0.00121740,-0.00037525,-0.00059233
0.00121750,-0.00052222,-0.00059614
0.00121760,-0.00059640,-0.00059774
0.00121770,-0.00058541,-0.00059707
0.00121780,-0.00049818,-0.00059407
0.00121790,-0.00047460,-0.00058870
0.00121800,-0.00063155,-0.00058094
0.00121810,-0.00056663,-0.00057074
0.00121820,-0.00070759,-0.00055811
0.00121830,-0.00048791,-0.00054302
0.00121840,-0.00056591,-0.00052549
0.00121850,-0.00044110,-0.00050552
0.00121860,-0.00037651,-0.00048315
0.00121870,-0.00051774,-0.00045841
0.00121880,-0.00048664,-0.00043134
0.00121890,-0.00065618,-0.00040200
0.00121900,-0.00051171,-0.00037047
0.00121910,-0.00066235,-0.00033683
0.00121920,-0.00059070,-0.00030117
0.00121930,-0.00050707,-0.00026359
0.00121940,-0.00045248,-0.00022421
0.00121950,-0.00044546,-0.00018317
0.00121960,-0.00045997,-0.00014058
0.00121970,-0.00021629,-0.00009661
0.00121980,-0.00020024,-0.00005141
0.00121990,-0.00035384,-0.00000514
0.00122000,-0.00024676,0.00004203
0.00122010,-0.00016453,0.00008990
0.00122020,-0.00007336,0.00013830
0.00122030,-0.00038305,0.00018702
0.00122040,-0.00018869,0.00023588
0.00122050,-0.00030327,0.00028467
0.00122060,-0.00026210,0.00033317
0.00122070,-0.00008457,0.00038119
0.00122080,-0.00010640,0.00042851
0.00122090,-0.00024746,0.00047491
0.00122100,-0.00036392,0.00052020
0.00122110,-0.00024528,0.00056415
0.00122120,-0.00030457,0.00060656
0.00122130,-0.00001637,0.00064723
0.00122140,0.00004764,0.00068596
0.00122150,0.00007021,0.00072255
0.00122160,-0.00002122,0.00075682
0.00122170,0.00007246,0.00078858
0.00122180,0.00010608,0.00081766
0.00122190,-0.00010317,0.00084390
0.00122200,-0.00000861,0.00086714
0.00122210,0.00010620,0.00088724
0.00122220,0.00046683,0.00090406
0.00122230,0.00026383,0.00091749
0.00122240,0.00009213,0.00092741
0.00122250,0.00030648,0.00093373
0.00122260,0.00034987,0.00093638
0.00122270,0.00025900,0.00093527
0.00122280,0.00009975,0.00093035
0.00122290,-0.00004196,0.00092160
0.00122300,-0.00003773,0.00090899
0.00122310,-0.00011896,0.00089251
0.00122320,0.00012615,0.00087217
0.00122330,0.00011626,0.00084800
0.00122340,-0.00002713,0.00082005
0.00122350,0.00018862,0.00078837
0.00122360,0.00006985,0.00075306
0.00122370,0.00030800,0.00071419
0.00122380,0.00018145,0.00067188
0.00122390,0.00010881,0.00062627
0.00122400,0.00015926,0.00057750
0.00122410,0.00001760,0.00052573
0.00122420,0.00014494,0.00047113
0.00122430,-0.00000181,0.00041390
0.00122440,-0.00016791,0.00035425
0.00122450,-0.00015924,0.00029240
0.00122460,0.00008893,0.00022858
0.00122470,0.00003015,0.00016303
0.00122480,-0.00006118,0.00009601
0.00122490,-0.00024472,0.00002779
0.00122500,-0.00025678,-0.00004137
0.00122510,-0.00010098,-0.00011117
0.00122520,-0.00023896,-0.00018134
0.00122530,-0.00028664,-0.00025158
0.00122540,-0.00037374,-0.00032160
0.00122550,-0.00031806,-0.00039109
0.00122560,-0.00027621,-0.00045977
0.00122570,-0.00038264,-0.00052732
0.00122580,-0.00034662,-0.00059347
0.00122590,-0.00029679,-0.00065790
0.00122600,-0.00048363,-0.00072034
0.00122610,-0.00044796,-0.00078050
0.00122620,-0.00049982,-0.00083810
0.00122630,-0.00042140,-0.00089288
0.00122640,-0.00034254,-0.00094457
0.00122650,-0.00050749,-0.00099294
0.00122660,-0.00054522,-0.00103774
0.00122670,-0.00044126,-0.00107875
0.00122680,-0.00049591,-0.00111576
0.00122690,-0.00058371,-0.00114858
0.00122700,-0.00059941,-0.00117704
0.00122710,-0.00046584,-0.00120096
0.00122720,-0.00060685,-0.00122022
0.00122730,-0.00063683,-0.00123468
0.00122740,-0.00053986,-0.00124425
0.00122750,-0.00066086,-0.00124884
0.00122760,-0.00057660,-0.00124838
0.00122770,-0.00066377,-0.00124285
0.00122780,-0.00068991,-0.00123221
0.00122790,-0.00081400,-0.00121648
0.00122800,-0.00069561,-0.00119568
0.00122810,-0.00072283,-0.00116985
0.00122820,-0.00076218,-0.00113907
0.00122830,-0.00079293,-0.00110343
0.00122840,-0.00064369,-0.00106304
0.00122850,-0.00046144,-0.00101804
0.00122860,-0.00058404,-0.00096858
0.00122870,-0.00035650,-0.00091485
0.00122880,-0.00049007,-0.00085703
0.00122890,-0.00027529,-0.00079534
0.00122900,-0.00018890,-0.00073003
0.00122910,-0.00027897,-0.00066132
0.00122920,-0.00027123,-0.00058951
0.00122930,-0.00054130,-0.00051486
0.00122940,-0.00041680,-0.00043767
0.00122950,-0.00025406,-0.00035824
0.00122960,-0.00007515,-0.00027691
0.00122970,-0.00006061,-0.00019399
0.00122980,-0.00021938,-0.00010982
0.00122990,-0.00029817,-0.00002475
0.00123000,-0.00032640,0.00006087
0.00123010,-0.00022386,0.00014669
0.00123020,-0.00023514,0.00023235
0.00123030,-0.00010646,0.00031749
0.00123040,-0.00020139,0.00040176
0.00123050,-0.00027015,0.00048480
0.00123060,-0.00015204,0.00056625
0.00123070,-0.00005060,0.00064577
0.00123080,0.00031124,0.00072303
0.00123090,0.00017476,0.00079768
0.00123100,-0.00006877,0.00086940
0.00123110,-0.00006543,0.00093789
0.00123120,-0.00014218,0.00100284
0.00123130,-0.00013490,0.00106397
0.00123140,-0.00017137,0.00112101
0.00123150,0.00019480,0.00117370
0.00123160,0.00008540,0.00122182
0.00123170,0.00015419,0.00126515
0.00123180,0.00034013,0.00130348
0.00123190,0.00014413,0.00133664
0.00123200,0.00005167,0.00136449
0.00123210,-0.00003078,0.00138687
0.00123220,0.00006763,0.00140370
0.00123230,0.00010605,0.00141487
0.00123240,0.00011856,0.00142033
0.00123250,-0.00006039,0.00142005
0.00123260,0.00004013,0.00141401
0.00123270,0.00012974,0.00140222
0.00123280,0.00001065,0.00138472
0.00123290,0.00009613,0.00136157
0.00123300,-0.00019196,0.00133286
0.00123310,-0.00020431,0.00129871
0.00123320,0.00005012,0.00125924
0.00123330,-0.00007007,0.00121462
0.00123340,-0.00009909,0.00116503
0.00123350,-0.00016927,0.00111067
0.00123360,-0.00008855,0.00105176
0.00123370,-0.00003236,0.00098855
0.00123380,-0.00001197,0.00092131
0.00123390,0.00008046,0.00085032
0.00123400,-0.00000921,0.00077586
0.00123410,0.00003453,0.00069827
0.00123420,0.00005035,0.00061785
0.00123430,-0.00008229,0.00053496
0.00123440,-0.00029020,0.00044993
0.00123450,-0.00040851,0.00036314
0.00123460,-0.00027803,0.00027494
0.00123470,-0.00042040,0.00018571
0.00123480,-0.00033845,0.00009583
0.00123490,-0.00027415,0.00000567
0.00123500,-0.00015673,-0.00008438
0.00123510,-0.00014106,-0.00017394
0.00123520,-0.00049684,-0.00026264
0.00123530,-0.00040998,-0.00035009
0.00123540,-0.00062661,-0.00043594
0.00123550,-0.00049699,-0.00051982
0.00123560,-0.00025775,-0.00060137
0.00123570,-0.00025046,-0.00068026
0.00123580,-0.00007054,-0.00075615
0.00123590,-0.00020810,-0.00082873
0.00123600,-0.00024813,-0.00089770
0.00123610,-0.00043817,-0.00096277
0.00123620,-0.00051519,-0.00102369
0.00123630,-0.00060118,-0.00108019
0.00123640,-0.00068965,-0.00113206
0.00123650,-0.00060396,-0.00117909
0.00123660,-0.00055556,-0.00122110
0.00123670,-0.00049178,-0.00125793
0.00123680,-0.00036566,-0.00128945
0.00123690,-0.00052498,-0.00131554
0.00123700,-0.00054795,-0.00133612
0.00123710,-0.00050194,-0.00135112
0.00123720,-0.00055781,-0.00136051
0.00123730,-0.00035462,-0.00136427
0.00123740,-0.00048437,-0.00136242
0.00123750,-0.00040840,-0.00135500
0.00123760,-0.00041595,-0.00134206
0.00123770,-0.00035412,-0.00132368
0.00123780,-0.00035916,-0.00129997
0.00123790,-0.00025047,-0.00127107
0.00123800,-0.00018582,-0.00123711
0.00123810,-0.00029813,-0.00119828
0.00123820,-0.00032829,-0.00115476
0.00123830,-0.00032173,-0.00110676
0.00123840,-0.00025395,-0.00105452
0.00123850,-0.00027706,-0.00099827
0.00123860,-0.00031142,-0.00093829
0.00123870,-0.00028767,-0.00087485
0.00123880,-0.00030928,-0.00080824
0.00123890,-0.00019310,-0.00073877
0.00123900,-0.00016574,-0.00066676
0.00123910,0.00001782,-0.00059252
0.00123920,0.00004948,-0.00051641
0.00123930,0.00017231,-0.00043875
0.00123940,-0.00001069,-0.00035990
0.00123950,-0.00014585,-0.00028022
0.00123960,-0.00015705,-0.00020004
0.00123970,-0.00000361,-0.00011974
0.00123980,0.00001620,-0.00003966
0.00123990,-0.00002750,0.00003984
0.00124000,-0.00018091,0.00011842
0.00124010,-0.00007357,0.00019573
0.00124020,-0.00020373,0.00027144
0.00124030,-0.00009801,0.00034522
0.00124040,-0.00008232,0.00041676
0.00124050,-0.00023505,0.00048576
0.00124060,-0.00015076,0.00055193
0.00124070,-0.00019489,0.00061498
0.00124080,-0.00007098,0.00067468
0.00124090,-0.00018108,0.00073077
0.00124100,-0.00019648,0.00078303
0.00124110,-0.00015900,0.00083126
0.00124120,-0.00004234,0.00087528
0.00124130,0.00003563,0.00091494
0.00124140,-0.00019435,0.00095009
0.00124150,-0.00032918,0.00098062
0.00124160,-0.00038226,0.00100643
0.00124170,-0.00013157,0.00102747
0.00124180,0.00006542,0.00104368
0.00124190,-0.00007341,0.00105504
0.00124200,-0.00019085,0.00106156
0.00124210,-0.00028510,0.00106327
0.00124220,-0.00034004,0.00106021
0.00124230,-0.00038736,0.00105246
0.00124240,-0.00047545,0.00104011
0.00124250,-0.00047064,0.00102328
0.00124260,-0.00040850,0.00100210
0.00124270,-0.00028079,0.00097674
0.00124280,-0.00020087,0.00094737
0.00124290,-0.00015192,0.00091419
0.00124300,-0.00041022,0.00087741
0.00124310,-0.00050754,0.00083726
0.00124320,-0.00050231,0.00079397
0.00124330,-0.00039560,0.00074781
0.00124340,-0.00024985,0.00069904
0.00124350,-0.00035875,0.00064794
0.00124360,-0.00039036,0.00059479
0.00124370,-0.00044164,0.00053989
0.00124380,-0.00040749,0.00048353
0.00124390,-0.00028561,0.00042602
0.00124400,-0.00020867,0.00036766
0.00124410,-0.00021040,0.00030875
0.00124420,-0.00041411,0.00024961
0.00124430,-0.00040886,0.00019053
0.00124440,-0.00033191,0.00013181
0.00124450,-0.00023848,0.00007375
0.00124460,-0.00010817,0.00001662
0.00124470,-0.00026365,-0.00003928
0.00124480,-0.00028472,-0.00009369
0.00124490,-0.00029553,-0.00014636
0.00124500,-0.00034587,-0.00019704
0.00124510,-0.00036591,-0.00024550
0.00124520,-0.00058262,-0.00029152
0.00124530,-0.00061074,-0.00033490
0.00124540,-0.00037549,-0.00037546
0.00124550,-0.00047449,-0.00041302
0.00124560,-0.00031648,-0.00044745
0.00124570,-0.00016760,-0.00047860
0.00124580,-0.00028695,-0.00050638
0.00124590,-0.00028635,-0.00053068
0.00124600,-0.00018895,-0.00055145
0.00124610,-0.00015473,-0.00056862
0.00124620,-0.00006760,-0.00058217
0.00124630,0.00010989,-0.00059209
0.00124640,0.00008365,-0.00059839
0.00124650,-0.00012050,-0.00060110
0.00124660,-0.00016815,-0.00060027
0.00124670,-0.00028223,-0.00059596
0.00124680,-0.00010669,-0.00058827
0.00124690,-0.00009901,-0.00057729
0.00124700,-0.00005781,-0.00056314
0.00124710,0.00006978,-0.00054597
0.00124720,-0.00015885,-0.00052592
0.00124730,-0.00015835,-0.00050317
0.00124740,-0.00023800,-0.00047788
0.00124750,-0.00038890,-0.00045025
0.00124760,-0.00035152,-0.00042050
0.00124770,-0.00024121,-0.00038882
0.00124780,-0.00021044,-0.00035545
0.00124790,-0.00022426,-0.00032061
0.00124800,-0.00003303,-0.00028455
0.00124810,0.00009947,-0.00024751
0.00124820,0.00003120,-0.00020973
0.00124830,-0.00002276,-0.00017147
0.00124840,-0.00012581,-0.00013298
0.00124850,-0.00001993,-0.00009452
0.00124860,0.00015339,-0.00005633
0.00124870,-0.00003732,-0.00001865
0.00124880,-0.00013793,0.00001826
0.00124890,-0.00010846,0.00005416
0.00124900,-0.00017996,0.00008884
0.00124910,-0.00013963,0.00012205
0.00124920,0.00000369,0.00015360
0.00124930,-0.00003325,0.00018328
0.00124940,0.00001597,0.00021091
0.00124950,0.00004540,0.00023629
0.00124960,-0.00020846,0.00025927
0.00124970,-0.00030575,0.00027971
0.00124980,-0.00039515,0.00029747
0.00124990,-0.00032928,0.00031243
0.00125000,-0.00032132,0.00032450
0.00125010,-0.00017126,0.00033360
0.00125020,-0.00017827,0.00033967
0.00125030,-0.00030283,0.00034266
0.00125040,-0.00014536,0.00034257
0.00125050,-0.00018987,0.00033938
0.00125060,-0.00004373,0.00033311
0.00125070,-0.00001443,0.00032381
0.00125080,-0.00017663,0.00031152
0.00125090,-0.00026541,0.00029633
0.00125100,-0.00038770,0.00027834
0.00125110,-0.00023773,0.00025765
0.00125120,-0.00040986,0.00023439
0.00125130,-0.00033829,0.00020873
0.00125140,-0.00055997,0.00018081
0.00125150,-0.00045645,0.00015081
0.00125160,-0.00045256,0.00011894
0.00125170,-0.00053236,0.00008539
0.00125180,-0.00045520,0.00005038
0.00125190,-0.00047487,0.00001414
0.00125200,-0.00054873,-0.00002311
0.00125210,-0.00063551,-0.00006111
0.00125220,-0.00062307,-0.00009964
0.00125230,-0.00066125,-0.00013843
0.00125240,-0.00077360,-0.00017723
0.00125250,-0.00060968,-0.00021579
0.00125260,-0.00061820,-0.00025386
0.00125270,-0.00039890,-0.00029118
0.00125280,-0.00028496,-0.00032750
0.00125290,-0.00045959,-0.00036259
0.00125300,-0.00046949,-0.00039619
0.00125310,-0.00045179,-0.00042808
0.00125320,-0.00040515,-0.00045803
0.00125330,-0.00025750,-0.00048583
0.00125340,-0.00046675,-0.00051127
0.00125350,-0.00045062,-0.00053415
0.00125360,-0.00058496,-0.00055431
0.00125370,-0.00040159,-0.00057157
0.00125380,-0.00048555,-0.00058578
0.00125390,-0.00039070,-0.00059681
0.00125400,-0.00029098,-0.00060453
0.00125410,-0.00052903,-0.00060885
0.00125420,-0.00031737,-0.00060969
0.00125430,-0.00027308,-0.00060697
0.00125440,-0.00033832,-0.00060066
0.00125450,-0.00032707,-0.00059073
0.00125460,-0.00031353,-0.00057717
0.00125470,-0.00021306,-0.00056001
0.00125480,-0.00040256,-0.00053927
0.00125490,-0.00027748,-0.00051501
0.00125500,-0.00023429,-0.00048731
0.00125510,-0.00016005,-0.00045625
0.00125520,-0.00002631,-0.00042196
0.00125530,-0.00014357,-0.00038456
0.00125540,-0.00003506,-0.00034420
0.00125550,0.00008603,-0.00030104
0.00125560,0.00005654,-0.00025529
0.00125570,-0.00007012,-0.00020712
0.00125580,-0.00005785,-0.00015676
0.00125590,-0.00007916,-0.00010444
0.00125600,0.00001334,-0.00005039
0.00125610,-0.00004097,0.00000512
0.00125620,-0.00014905,0.00006184
0.00125630,-0.00013994,0.00011950
0.00125640,-0.00009948,0.00017779
0.00125650,0.00014047,0.00023645
0.00125660,-0.00005936,0.00029518
0.00125670,0.00019285,0.00035366
0.00125680,0.00011384,0.00041161
0.00125690,0.00001025,0.00046872
0.00125700,0.00014279,0.00052469
0.00125710,0.00015506,0.00057923
0.00125720,0.00033426,0.00063202
0.00125730,0.00022500,0.00068279
0.00125740,0.00026283,0.00073124
0.00125750,0.00014320,0.00077712
0.00125760,0.00014048,0.00082014
0.00125770,-0.00019514,0.00086007
0.00125780,-0.00016988,0.00089665
0.00125790,-0.00023582,0.00092966
0.00125800,-0.00019303,0.00095891
0.00125810,0.00005091,0.00098418
0.00125820,0.00011805,0.00100532
0.00125830,-0.00001834,0.00102216
0.00125840,-0.00022022,0.00103457
0.00125850,-0.00003905,0.00104244
0.00125860,-0.00005604,0.00104568
0.00125870,0.00005088,0.00104422
0.00125880,0.00004304,0.00103801
0.00125890,-0.00008452,0.00102704
0.00125900,-0.00009179,0.00101129
0.00125910,-0.00002842,0.00099079
0.00125920,-0.00010120,0.00096559
0.00125930,0.00005804,0.00093576
0.00125940,-0.00012803,0.00090139
0.00125950,-0.00018029,0.00086260
0.00125960,-0.00003086,0.00081951
0.00125970,-0.00020803,0.00077230
0.00125980,0.00004180,0.00072113
0.00125990,-0.00011441,0.00066622
0.00126000,-0.00008034,0.00060776
0.00126010,-0.00017233,0.00054601
0.00126020,-0.00014457,0.00048122
0.00126030,-0.00025322,0.00041365
0.00126040,-0.00047479,0.00034359
0.00126050,-0.00034039,0.00027134
0.00126060,-0.00053022,0.00019721
0.00126070,-0.00034455,0.00012153
0.00126080,-0.00040450,0.00004462
0.00126090,-0.00039301,-0.00003317
0.00126100,-0.00034530,-0.00011149
0.00126110,-0.00056932,-0.00018999
0.00126120,-0.00050039,-0.00026832
0.00126130,-0.00049309,-0.00034612
0.00126140,-0.00062416,-0.00042302
0.00126150,-0.00062521,-0.00049867
0.00126160,-0.00051939,-0.00057272
0.00126170,-0.00056193,-0.00064481
0.00126180,-0.00057055,-0.00071462
0.00126190,-0.00049775,-0.00078179
0.00126200,-0.00052150,-0.00084601
0.00126210,-0.00043135,-0.00090697
0.00126220,-0.00052969,-0.00096437
0.00126230,-0.00057876,-0.00101793
0.00126240,-0.00049679,-0.00106738
0.00126250,-0.00056717,-0.00111247
0.00126260,-0.00059463,-0.00115298
0.00126270,-0.00048309,-0.00118869
0.00126280,-0.00053284,-0.00121942
0.00126290,-0.00060171,-0.00124501
0.00126300,-0.00049998,-0.00126531
0.00126310,-0.00043338,-0.00128021
0.00126320,-0.00028397,-0.00128962
0.00126330,-0.00051470,-0.00129347
0.00126340,-0.00042840,-0.00129172
0.00126350,-0.00038423,-0.00128437
0.00126360,-0.00032205,-0.00127141
0.00126370,-0.00023656,-0.00125291
0.00126380,-0.00025103,-0.00122891
0.00126390,-0.00022910,-0.00119951
0.00126400,-0.00045656,-0.00116484
0.00126410,-0.00038213,-0.00112503
0.00126420,-0.00040014,-0.00108025
0.00126430,-0.00033759,-0.00103070
0.00126440,-0.00031929,-0.00097657
0.00126450,-0.00016091,-0.00091812
0.00126460,-0.00024944,-0.00085560
0.00126470,-0.00011002,-0.00078928
0.00126480,0.00004944,-0.00071945
0.00126490,-0.00018760,-0.00064643
0.00126500,-0.00032754,-0.00057053
0.00126510,-0.00049244,-0.00049211
0.00126520,-0.00030316,-0.00041151
0.00126530,-0.00028515,-0.00032909
0.00126540,-0.00028790,-0.00024523
0.00126550,-0.00016840,-0.00016030
0.00126560,-0.00015963,-0.00007468
0.00126570,-0.00014552,0.00001123
0.00126580,-0.00030952,0.00009705
0.00126590,-0.00030748,0.00018239
0.00126600,0.00003710,0.00026686
0.00126610,-0.00008310,0.00035009
0.00126620,0.00011122,0.00043169
0.00126630,0.00007853,0.00051130
0.00126640,-0.00001910,0.00058857
0.00126650,-0.00003582,0.00066313
0.00126660,0.00015618,0.00073467
0.00126670,0.00028189,0.00080286
0.00126680,-0.00002387,0.00086740
0.00126690,0.00002126,0.00092800
0.00126700,0.00001866,0.00098441
0.00126710,0.00009649,0.00103637
0.00126720,-0.00006689,0.00108366
0.00126730,0.00000332,0.00112608
0.00126740,-0.00003362,0.00116345
0.00126750,0.00000588,0.00119562
0.00126760,0.00021353,0.00122246
0.00126770,0.00005741,0.00124386
0.00126780,0.00008095,0.00125974
0.00126790,-0.00010651,0.00127005
0.00126800,-0.00006454,0.00127476
0.00126810,-0.00005377,0.00127386
0.00126820,0.00011965,0.00126739
0.00126830,-0.00000375,0.00125539
0.00126840,-0.00007306,0.00123794
0.00126850,-0.00009035,0.00121513
0.00126860,-0.00013726,0.00118709
0.00126870,0.00005782,0.00115396
0.00126880,0.00015904,0.00111593
0.00126890,0.00003691,0.00107317
0.00126900,-0.00001628,0.00102590
0.00126910,-0.00014840,0.00097436
0.00126920,-0.00018068,0.00091879
0.00126930,-0.00032694,0.00085947
0.00126940,-0.00030635,0.00079668
0.00126950,-0.00031239,0.00073072
0.00126960,-0.00042670,0.00066191
0.00126970,-0.00036207,0.00059058
0.00126980,-0.00033006,0.00051705
0.00126990,-0.00030804,0.00044168
0.00127000,-0.00037659,0.00036481
0.00127010,-0.00049095,0.00028682
0.00127020,-0.00046947,0.00020805
0.00127030,-0.00052529,0.00012888
0.00127040,-0.00042119,0.00004967
0.00127050,-0.00034663,-0.00002922
0.00127060,-0.00037050,-0.00010742
0.00127070,-0.00038701,-0.00018458
0.00127080,-0.00039970,-0.00026035
0.00127090,-0.00027234,-0.00033438
0.00127100,-0.00043056,-0.00040636
0.00127110,-0.00054863,-0.00047596
0.00127120,-0.00031541,-0.00054288
0.00127130,-0.00043874,-0.00060682
0.00127140,-0.00046071,-0.00066751
0.00127150,-0.00061725,-0.00072470
0.00127160,-0.00056931,-0.00077815
0.00127170,-0.00032826,-0.00082764
0.00127180,-0.00027176,-0.00087297
0.00127190,-0.00031780,-0.00091397
0.00127200,-0.00044349,-0.00095049
0.00127210,-0.00067095,-0.00098238
0.00127220,-0.00050902,-0.00100956
0.00127230,-0.00025788,-0.00103193
0.00127240,-0.00046217,-0.00104943
0.00127250,-0.00047938,-0.00106203
0.00127260,-0.00051346,-0.00106971
0.00127270,-0.00047493,-0.00107248
0.00127280,-0.00045881,-0.00107039
0.00127290,-0.00046107,-0.00106347
0.00127300,-0.00049300,-0.00105182
0.00127310,-0.00031329,-0.00103554
0.00127320,-0.00042793,-0.00101474
0.00127330,-0.00043694,-0.00098956
0.00127340,-0.00025127,-0.00096018
0.00127350,-0.00039768,-0.00092675
0.00127360,-0.00033210,-0.00088949
0.00127370,-0.00031463,-0.00084859
0.00127380,-0.00037507,-0.00080429
0.00127390,-0.00041211,-0.00075682
0.00127400,-0.00050198,-0.00070644
0.00127410,-0.00070356,-0.00065340
0.00127420,-0.00043981,-0.00059798
0.00127430,-0.00049733,-0.00054046
0.00127440,-0.00045113,-0.00048112
0.00127450,-0.00038322,-0.00042025
0.00127460,-0.00034902,-0.00035816
0.00127470,-0.00021428,-0.00029514
0.00127480,-0.00039594,-0.00023150
0.00127490,-0.00022923,-0.00016752
0.00127500,-0.00014982,-0.00010351
0.00127510,-0.00008960,-0.00003976
0.00127520,-0.00006599,0.00002344
0.00127530,-0.00006653,0.00008580
0.00127540,-0.00017607,0.00014704
0.00127550,-0.00017354,0.00020691
0.00127560,-0.00005403,0.00026513
0.00127570,0.00002930,0.00032146
0.00127580,0.00000506,0.00037567
0.00127590,-0.00001207,0.00042753
0.00127600,0.00007335,0.00047682
0.00127610,0.00004227,0.00052336
0.00127620,0.00014248,0.00056696
0.00127630,0.00006559,0.00060746
0.00127640,0.00000148,0.00064470
0.00127650,-0.00002779,0.00067857
0.00127660,0.00004410,0.00070893
0.00127670,0.00014098,0.00073569
0.00127680,-0.00015226,0.00075877
0.00127690,-0.00002468,0.00077812
0.00127700,0.00019421,0.00079367
0.00127710,0.00018942,0.00080541
0.00127720,-0.00012320,0.00081332
0.00127730,-0.00010361,0.00081741
0.00127740,0.00008196,0.00081770
0.00127750,-0.00001193,0.00081423
0.00127760,0.00006136,0.00080706
0.00127770,0.00015845,0.00079626
0.00127780,0.00022425,0.00078192
0.00127790,0.00029300,0.00076415
0.00127800,0.00019918,0.00074305
0.00127810,0.00025963,0.00071877
0.00127820,0.00020880,0.00069145
0.00127830,-0.00001465,0.00066124
0.00127840,-0.00023728,0.00062832
0.00127850,-0.00018891,0.00059286
0.00127860,-0.00029295,0.00055506
0.00127870,-0.00037382,0.00051511
0.00127880,-0.00024998,0.00047322
0.00127890,-0.00026358,0.00042961
0.00127900,-0.00011988,0.00038448
0.00127910,-0.00029108,0.00033808
0.00127920,-0.00017312,0.00029061
0.00127930,-0.00020189,0.00024233
0.00127940,-0.00023973,0.00019344
0.00127950,-0.00002697,0.00014419
0.00127960,-0.00035501,0.00009481
0.00127970,-0.00030573,0.00004552
0.00127980,-0.00021783,-0.00000344
0.00127990,-0.00014043,-0.00005186
0.00128000,-0.00016638,-0.00009953
0.00128010,-0.00026552,-0.00014622
0.00128020,-0.00030293,-0.00019173
0.00128030,-0.00041807,-0.00023588
0.00128040,-0.00029264,-0.00027846
0.00128050,-0.00055214,-0.00031931
0.00128060,-0.00055493,-0.00035826
0.00128070,-0.00039124,-0.00039515
0.00128080,-0.00046098,-0.00042983
0.00128090,-0.00033893,-0.00046217
0.00128100,-0.00050857,-0.00049205
0.00128110,-0.00055442,-0.00051936
0.00128120,-0.00047504,-0.00054401
0.00128130,-0.00057535,-0.00056590
0.00128140,-0.00057091,-0.00058498
0.00128150,-0.00058596,-0.00060117
0.00128160,-0.00044133,-0.00061445
0.00128170,-0.00055808,-0.00062478
0.00128180,-0.00046619,-0.00063214
0.00128190,-0.00033719,-0.00063654
0.00128200,-0.00048072,-0.00063797
0.00128210,-0.00045612,-0.00063647
0.00128220,-0.00046126,-0.00063207
0.00128230,-0.00033900,-0.00062482
0.00128240,-0.00034834,-0.00061477
0.00128250,-0.00042359,-0.00060201
0.00128260,-0.00062603,-0.00058660
0.00128270,-0.00050513,-0.00056865
0.00128280,-0.00067552,-0.00054826
0.00128290,-0.00063205,-0.00052554
0.00128300,-0.00045678,-0.00050062
0.00128310,-0.00036880,-0.00047362
0.00128320,-0.00028363,-0.00044469
0.00128330,-0.00039565,-0.00041396
0.00128340,-0.00027333,-0.00038160
0.00128350,-0.00041279,-0.00034776
0.00128360,-0.00042675,-0.00031259
0.00128370,-0.00050546,-0.00027628
0.00128380,-0.00032505,-0.00023898
0.00128390,-0.00017245,-0.00020087
0.00128400,-0.00018618,-0.00016212
0.00128410,-0.00027368,-0.00012290
0.00128420,-0.00024995,-0.00008340
0.00128430,-0.00022139,-0.00004378
0.00128440,-0.00027278,-0.00000422
0.00128450,-0.00013162,0.00003512
0.00128460,-0.00035333,0.00007406
0.00128470,-0.00036305,0.00011244
0.00128480,-0.00028673,0.00015010
0.00128490,-0.00026423,0.00018688
0.00128500,-0.00015037,0.00022264
0.00128510,-0.00037292,0.00025721
0.00128520,-0.00031743,0.00029047
0.00128530,-0.00022774,0.00032228
0.00128540,-0.00030493,0.00035251
0.00128550,-0.00015342,0.00038104
0.00128560,-0.00018165,0.00040777
0.00128570,-0.00005236,0.00043260
0.00128580,-0.00006253,0.00045543
0.00128590,-0.00008859,0.00047618
0.00128600,0.00009350,0.00049477
0.00128610,0.00005914,0.00051115
0.00128620,-0.00011634,0.00052525
0.00128630,0.00011339,0.00053704
0.00128640,0.00012111,0.00054648
0.00128650,-0.00010380,0.00055353
0.00128660,0.00000768,0.00055819
0.00128670,-0.00005838,0.00056045
0.00128680,0.00004162,0.00056031
0.00128690,-0.00019823,0.00055777
0.00128700,0.00000720,0.00055287
0.00128710,-0.00010535,0.00054563
0.00128720,0.00002382,0.00053608
0.00128730,0.00026789,0.00052428
0.00128740,-0.00000078,0.00051028
0.00128750,-0.00002386,0.00049414
0.00128760,-0.00027040,0.00047594
0.00128770,-0.00003847,0.00045575
0.00128780,-0.00005563,0.00043366
0.00128790,-0.00007959,0.00040977
0.00128800,-0.00031074,0.00038417
0.00128810,-0.00017343,0.00035698
0.00128820,-0.00011672,0.00032831
0.00128830,-0.00017551,0.00029828
0.00128840,-0.00009873,0.00026701
0.00128850,-0.00023713,0.00023463
0.00128860,-0.00005385,0.00020129
0.00128870,-0.00007490,0.00016711
0.00128880,-0.00001327,0.00013224
0.00128890,-0.00013504,0.00009683
0.00128900,-0.00019465,0.00006101
0.00128910,-0.00012652,0.00002495
0.00128920,-0.00002567,-0.00001121
0.00128930,-0.00019563,-0.00004733
0.00128940,-0.00026858,-0.00008325
0.00128950,-0.00025655,-0.00011883
0.00128960,-0.00029758,-0.00015392
0.00128970,-0.00035572,-0.00018837
0.00128980,-0.00037690,-0.00022205
0.00128990,-0.00019818,-0.00025480
0.00129000,-0.00037268,-0.00028650
0.00129010,-0.00049286,-0.00031702
0.00129020,-0.00057572,-0.00034621
0.00129030,-0.00041190,-0.00037397
0.00129040,-0.00029790,-0.00040017
0.00129050,-0.00014790,-0.00042469
0.00129060,-0.00037496,-0.00044744
0.00129070,-0.00043853,-0.00046832
0.00129080,-0.00059381,-0.00048723
0.00129090,-0.00054263,-0.00050410
0.00129100,-0.00043674,-0.00051885
0.00129110,-0.00050993,-0.00053141
0.00129120,-0.00036207,-0.00054173
0.00129130,-0.00064477,-0.00054977
0.00129140,-0.00068208,-0.00055549
0.00129150,-0.00048156,-0.00055886
0.00129160,-0.00061431,-0.00055988
0.00129170,-0.00054087,-0.00055853
0.00129180,-0.00048943,-0.00055483
0.00129190,-0.00045194,-0.00054878
0.00129200,-0.00059199,-0.00054043
0.00129210,-0.00057912,-0.00052980
0.00129220,-0.00050954,-0.00051695
0.00129230,-0.00051108,-0.00050193
0.00129240,-0.00047230,-0.00048480
0.00129250,-0.00066666,-0.00046565
0.00129260,-0.00046970,-0.00044456
0.00129270,-0.00039152,-0.00042161
0.00129280,-0.00041392,-0.00039692
0.00129290,-0.00055034,-0.00037058
0.00129300,-0.00063359,-0.00034270
0.00129310,-0.00038430,-0.00031342
0.00129320,-0.00021376,-0.00028284
0.00129330,-0.00019319,-0.00025110
0.00129340,-0.00014910,-0.00021834
0.00129350,-0.00035629,-0.00018469
0.00129360,-0.00029545,-0.00015029
0.00129370,-0.00034291,-0.00011528
0.00129380,-0.00046808,-0.00007981
0.00129390,-0.00029364,-0.00004402
0.00129400,-0.00034133,-0.00000806
0.00129410,-0.00015380,0.00002793
0.00129420,-0.00038281,0.00006380
0.00129430,-0.00039641,0.00009941
0.00129440,-0.00005550,0.00013462
0.00129450,-0.00012948,0.00016928
0.00129460,-0.00013032,0.00020326
0.00129470,-0.00005898,0.00023642
0.00129480,-0.00016105,0.00026863
0.00129490,-0.00005037,0.00029976
0.00129500,0.00005374,0.00032970
0.00129510,-0.00025044,0.00035831
0.00129520,0.00003841,0.00038550
0.00129530,0.00020023,0.00041115
0.00129540,0.00007502,0.00043515
0.00129550,0.00003934,0.00045743
0.00129560,-0.00006972,0.00047787
0.00129570,0.00003585,0.00049642
0.00129580,0.00001366,0.00051298
0.00129590,0.00009595,0.00052750
0.00129600,-0.00003949,0.00053991
0.00129610,0.00003859,0.00055017
0.00129620,0.00016841,0.00055823
0.00129630,0.00018884,0.00056406
0.00129640,0.00008349,0.00056763
0.00129650,-0.00012051,0.00056894
0.00129660,0.00003205,0.00056796
0.00129670,-0.00016552,0.00056471
0.00129680,-0.00000663,0.00055920
0.00129690,0.00003356,0.00055144
0.00129700,0.00008303,0.00054147
0.00129710,0.00019114,0.00052932
0.00129720,0.00023262,0.00051504
0.00129730,0.00012043,0.00049869
0.00129740,0.00006480,0.00048032
0.00129750,0.00006843,0.00046000
0.00129760,-0.00008459,0.00043781
0.00129770,-0.00000793,0.00041383
0.00129780,0.00004522,0.00038815
0.00129790,-0.00019494,0.00036087
0.00129800,-0.00014803,0.00033209
0.00129810,-0.00012609,0.00030191
0.00129820,-0.00014261,0.00027044
0.00129830,-0.00008130,0.00023781
0.00129840,-0.00027477,0.00020413
0.00129850,-0.00034894,0.00016952
0.00129860,-0.00024110,0.00013412
0.00129870,-0.00020735,0.00009806
0.00129880,-0.00037493,0.00006147
0.00129890,-0.00032563,0.00002448
0.00129900,-0.00017482,-0.00001275
0.00129910,-0.00031884,-0.00005009
0.00129920,-0.00043653,-0.00008740
0.00129930,-0.00039760,-0.00012453
0.00129940,-0.00037866,-0.00016133
0.00129950,-0.00030667,-0.00019766
0.00129960,-0.00032561,-0.00023338
0.00129970,-0.00044313,-0.00026833
0.00129980,-0.00037566,-0.00030238
0.00129990,-0.00041877,-0.00033538
0.00130000,-0.00041466,-0.00036720
0.00130010,-0.00040618,-0.00039771
0.00130020,-0.00036395,-0.00042678
0.00130030,-0.00043976,-0.00045428
0.00130040,-0.00049799,-0.00048010
0.00130050,-0.00050567,-0.00050413
0.00130060,-0.00067898,-0.00052625
0.00130070,-0.00054674,-0.00054638
0.00130080,-0.00052352,-0.00056443
0.00130090,-0.00053915,-0.00058031
0.00130100,-0.00050308,-0.00059395
0.00130110,-0.00041905,-0.00060528
0.00130120,-0.00034450,-0.00061425
0.00130130,-0.00031139,-0.00062081
0.00130140,-0.00020379,-0.00062492
0.00130150,-0.00026413,-0.00062655
0.00130160,-0.00037816,-0.00062569
0.00130170,-0.00036209,-0.00062231
0.00130180,-0.00041423,-0.00061642
0.00130190,-0.00038979,-0.00060803
0.00130200,-0.00047894,-0.00059715
0.00130210,-0.00050138,-0.00058381
0.00130220,-0.00033478,-0.00056806
0.00130230,-0.00025664,-0.00054992
0.00130240,-0.00028184,-0.00052947
0.00130250,-0.00027882,-0.00050677
0.00130260,-0.00029185,-0.00048189
0.00130270,-0.00017384,-0.00045491
0.00130280,-0.00030544,-0.00042593
0.00130290,-0.00042901,-0.00039505
0.00130300,-0.00034464,-0.00036239
0.00130310,-0.00028569,-0.00032805
0.00130320,-0.00018647,-0.00029216
0.00130330,-0.00016848,-0.00025485
0.00130340,-0.00012977,-0.00021626
0.00130350,-0.00026805,-0.00017653
0.00130360,-0.00012276,-0.00013581
0.00130370,-0.00007777,-0.00009426
0.00130380,-0.00026728,-0.00005202
0.00130390,-0.00038270,-0.00000926
0.00130400,-0.00027848,0.00003386
0.00130410,-0.00017446,0.00007717
0.00130420,0.00014801,0.00012051
0.00130430,0.00006115,0.00016370
0.00130440,-0.00016013,0.00020659
0.00130450,-0.00015998,0.00024899
0.00130460,-0.00003322,0.00029074
0.00130470,0.00002745,0.00033167
0.00130480,-0.00018152,0.00037161
0.00130490,-0.00006978,0.00041040
0.00130500,-0.00023271,0.00044788
0.00130510,-0.00007630,0.00048389
0.00130520,0.00000210,0.00051827
0.00130530,-0.00014016,0.00055089
0.00130540,0.00001497,0.00058160
0.00130550,-0.00010524,0.00061026
0.00130560,-0.00005480,0.00063674
0.00130570,-0.00005630,0.00066094
0.00130580,-0.00004449,0.00068273
0.00130590,-0.00004936,0.00070202
0.00130600,-0.00000761,0.00071870
0.00130610,-0.00020229,0.00073271
0.00130620,-0.00016601,0.00074395
0.00130630,-0.00011354,0.00075238
0.00130640,-0.00004089,0.00075793
0.00130650,-0.00000036,0.00076056
0.00130660,-0.00001718,0.00076024
0.00130670,0.00000630,0.00075694
0.00130680,-0.00015065,0.00075066
0.00130690,-0.00016282,0.00074139
0.00130700,-0.00015653,0.00072914
0.00130710,-0.00015269,0.00071393
0.00130720,-0.00016540,0.00069581
0.00130730,-0.00001309,0.00067479
0.00130740,-0.00014350,0.00065095
0.00130750,-0.00026372,0.00062435
0.00130760,-0.00004768,0.00059505
0.00130770,-0.00006964,0.00056315
0.00130780,-0.00015727,0.00052875
0.00130790,-0.00033301,0.00049194
0.00130800,-0.00005828,0.00045285
0.00130810,-0.00010973,0.00041161
0.00130820,-0.00018723,0.00036836
0.00130830,-0.00014355,0.00032324
0.00130840,-0.00039776,0.00027641
0.00130850,-0.00017357,0.00022805
0.00130860,-0.00034249,0.00017831
0.00130870,-0.00030241,0.00012740
0.00130880,-0.00033864,0.00007549
0.00130890,-0.00053173,0.00002278
0.00130900,-0.00037306,-0.00003053
0.00130910,-0.00035242,-0.00008422
0.00130920,-0.00024289,-0.00013810
0.00130930,-0.00028573,-0.00019195
0.00130940,-0.00049892,-0.00024556
0.00130950,-0.00047188,-0.00029871
0.00130960,-0.00050695,-0.00035118
0.00130970,-0.00040859,-0.00040276
0.00130980,-0.00035182,-0.00045324
0.00130990,-0.00036828,-0.00050241
0.00131000,-0.00040007,-0.00055007
0.00131010,-0.00036004,-0.00059600
0.00131020,-0.00034780,-0.00064001
0.00131030,-0.00032092,-0.00068192
0.00131040,-0.00029102,-0.00072153
0.00131050,-0.00036597,-0.00075868
0.00131060,-0.00045071,-0.00079319
0.00131070,-0.00045986,-0.00082490
0.00131080,-0.00069910,-0.00085366
0.00131090,-0.00077830,-0.00087934
0.00131100,-0.00053388,-0.00090180
0.00131110,-0.00042511,-0.00092092
0.00131120,-0.00044071,-0.00093661
0.00131130,-0.00042393,-0.00094876
0.00131140,-0.00038060,-0.00095730
0.00131150,-0.00044282,-0.00096216
0.00131160,-0.00027751,-0.00096330
0.00131170,-0.00047330,-0.00096066
0.00131180,-0.00038944,-0.00095423
0.00131190,-0.00056483,-0.00094401
0.00131200,-0.00041628,-0.00093000
0.00131210,-0.00006291,-0.00091223
0.00131220,-0.00006491,-0.00089073
0.00131230,-0.00004833,-0.00086556
0.00131240,-0.00018559,-0.00083679
0.00131250,-0.00006422,-0.00080452
0.00131260,-0.00020231,-0.00076883
0.00131270,-0.00022980,-0.00072986
0.00131280,-0.00021971,-0.00068774
0.00131290,-0.00039355,-0.00064260
0.00131300,-0.00017864,-0.00059462
0.00131310,-0.00025347,-0.00054396
0.00131320,-0.00012513,-0.00049083
0.00131330,-0.00010321,-0.00043540
0.00131340,-0.00020280,-0.00037790
0.00131350,-0.00028582,-0.00031855
0.00131360,-0.00044234,-0.00025758
0.00131370,-0.00009504,-0.00019521
0.00131380,-0.00000682,-0.00013171
0.00131390,-0.00004905,-0.00006732
0.00131400,-0.00001198,-0.00000230
0.00131410,-0.00012274,0.00006309
0.00131420,-0.00015642,0.00012859
0.00131430,-0.00004842,0.00019393
0.00131440,-0.00016629,0.00025885
0.00131450,-0.00012801,0.00032308
0.00131460,-0.00001863,0.00038636
0.00131470,-0.00018163,0.00044843
0.00131480,-0.00009264,0.00050904
0.00131490,-0.00007188,0.00056792
0.00131500,-0.00002324,0.00062485
0.00131510,-0.00002797,0.00067959
0.00131520,-0.00017754,0.00073190
0.00131530,-0.00025325,0.00078157
0.00131540,-0.00026702,0.00082839
0.00131550,-0.00015601,0.00087217
0.00131560,-0.00020971,0.00091272
0.00131570,-0.00018998,0.00094986
0.00131580,-0.00022664,0.00098344
0.00131590,-0.00039428,0.00101331
0.00131600,0.00004586,0.00103935
0.00131610,-0.00009966,0.00106142
0.00131620,-0.00023457,0.00107944
0.00131630,-0.00010113,0.00109332
0.00131640,-0.00020668,0.00110300
0.00131650,-0.00005493,0.00110840
0.00131660,-0.00021915,0.00110951
0.00131670,-0.00024455,0.00110631
0.00131680,-0.00026448,0.00109879
0.00131690,-0.00026986,0.00108696
0.00131700,-0.00022749,0.00107088
0.00131710,-0.00038926,0.00105057
0.00131720,-0.00042680,0.00102613
0.00131730,-0.00034067,0.00099762
0.00131740,-0.00044240,0.00096516
0.00131750,-0.00056288,0.00092886
0.00131760,-0.00058589,0.00088886
0.00131770,-0.00044735,0.00084532
0.00131780,-0.00033806,0.00079840
0.00131790,-0.00031037,0.00074829
0.00131800,-0.00039030,0.00069518
0.00131810,-0.00041573,0.00063927
0.00131820,-0.00051379,0.00058080
0.00131830,-0.00039062,0.00051999
0.00131840,-0.00026128,0.00045709
0.00131850,-0.00028761,0.00039234
0.00131860,-0.00024071,0.00032602
0.00131870,-0.00033070,0.00025838
0.00131880,-0.00032773,0.00018971
0.00131890,-0.00043456,0.00012027
0.00131900,-0.00042738,0.00005036
0.00131910,-0.00030300,-0.00001974
0.00131920,-0.00036569,-0.00008975
0.00131930,-0.00031070,-0.00015937
0.00131940,-0.00025622,-0.00022832
0.00131950,-0.00015624,-0.00029632
0.00131960,-0.00016091,-0.00036308
0.00131970,-0.00012769,-0.00042834
0.00131980,-0.00006175,-0.00049180
0.00131990,-0.00016659,-0.00055323
0.00132000,-0.00015767,-0.00061236
0.00132010,-0.00023109,-0.00066894
0.00132020,-0.00013083,-0.00072274
0.00132030,-0.00008496,-0.00077355
0.00132040,-0.00012778,-0.00082115
0.00132050,-0.00010655,-0.00086534
0.00132060,0.00004988,-0.00090595
0.00132070,-0.00004162,-0.00094281
0.00132080,-0.00015040,-0.00097578
0.00132090,-0.00010755,-0.00100472
0.00132100,-0.00020501,-0.00102951
0.00132110,-0.00001691,-0.00105008
0.00132120,-0.00006062,-0.00106633
0.00132130,-0.00011445,-0.00107822
0.00132140,-0.00023177,-0.00108570
0.00132150,-0.00018984,-0.00108876
0.00132160,0.00003115,-0.00108741
0.00132170,-0.00013983,-0.00108166
0.00132180,-0.00020013,-0.00107155
0.00132190,-0.00026564,-0.00105716
0.00132200,-0.00017282,-0.00103854
0.00132210,-0.00037482,-0.00101581
0.00132220,-0.00029374,-0.00098908
0.00132230,-0.00013444,-0.00095849
0.00132240,-0.00005314,-0.00092417
0.00132250,-0.00019403,-0.00088630
0.00132260,0.00002921,-0.00084505
0.00132270,-0.00008220,-0.00080063
0.00132280,-0.00021828,-0.00075323
0.00132290,-0.00001358,-0.00070308
0.00132300,-0.00006260,-0.00065041
0.00132310,0.00013720,-0.00059546
0.00132320,-0.00000598,-0.00053846
0.00132330,-0.00003505,-0.00047969
0.00132340,0.00003879,-0.00041940
0.00132350,0.00018234,-0.00035787
0.00132360,0.00015777,-0.00029535
0.00132370,0.00015746,-0.00023212
0.00132380,-0.00015468,-0.00016847
0.00132390,-0.00030668,-0.00010466
0.00132400,-0.00034099,-0.00004097
0.00132410,-0.00029081,0.00002233
0.00132420,-0.00013306,0.00008497
0.00132430,-0.00005077,0.00014668
0.00132440,0.00002866,0.00020721
0.00132450,-0.00036251,0.00026629
0.00132460,-0.00044460,0.00032369
0.00132470,-0.00040098,0.00037916
0.00132480,-0.00049358,0.00043248
0.00132490,-0.00050861,0.00048342
0.00132500,-0.00055985,0.00053179
0.00132510,-0.00041950,0.00057739
0.00132520,-0.00045582,0.00062003
0.00132530,-0.00058397,0.00065956
0.00132540,-0.00059468,0.00069583
0.00132550,-0.00053309,0.00072869
0.00132560,-0.00040317,0.00075804
0.00132570,-0.00040244,0.00078377
0.00132580,-0.00039581,0.00080579
0.00132590,-0.00042039,0.00082406
0.00132600,-0.00040257,0.00083851
0.00132610,-0.00041353,0.00084912
0.00132620,-0.00063664,0.00085589
0.00132630,-0.00051137,0.00085882
0.00132640,-0.00070830,0.00085795
0.00132650,-0.00058264,0.00085331
0.00132660,-0.00040401,0.00084497
0.00132670,-0.00058328,0.00083301
0.00132680,-0.00030585,0.00081753
0.00132690,-0.00037946,0.00079865
0.00132700,-0.00044349,0.00077649
0.00132710,-0.00045109,0.00075119
0.00132720,-0.00038141,0.00072292
0.00132730,-0.00034517,0.00069183
0.00132740,-0.00034308,0.00065812
0.00132750,-0.00039073,0.00062198
0.00132760,-0.00032474,0.00058360
0.00132770,-0.00043716,0.00054320
0.00132780,-0.00034105,0.00050100
0.00132790,-0.00041670,0.00045722
0.00132800,-0.00035049,0.00041209
0.00132810,-0.00013464,0.00036585
0.00132820,-0.00024141,0.00031875
0.00132830,-0.00008451,0.00027101
0.00132840,-0.00040729,0.00022289
0.00132850,-0.00033469,0.00017462
0.00132860,-0.00036982,0.00012645
0.00132870,-0.00038661,0.00007861
0.00132880,-0.00019826,0.00003135
0.00132890,-0.00034639,-0.00001512
0.00132900,-0.00005800,-0.00006056
0.00132910,-0.00013689,-0.00010476
0.00132920,-0.00011303,-0.00014751
0.00132930,-0.00012775,-0.00018861
0.00132940,-0.00018319,-0.00022788
0.00132950,-0.00025630,-0.00026512
0.00132960,-0.00033048,-0.00030019
0.00132970,-0.00040136,-0.00033291
0.00132980,-0.00025475,-0.00036316
0.00132990,0.00004760,-0.00039081
0.00133000,0.00010191,-0.00041575
0.00133010,0.00000468,-0.00043788
0.00133020,-0.00008272,-0.00045712
0.00133030,-0.00001934,-0.00047340
0.00133040,-0.00013081,-0.00048670
0.00133050,-0.00007963,-0.00049696
0.00133060,0.00000402,-0.00050419
0.00133070,0.00002905,-0.00050838
0.00133080,-0.00001816,-0.00050956
0.00133090,-0.00000642,-0.00050775
0.00133100,0.00004140,-0.00050303
0.00133110,-0.00015986,-0.00049546
0.00133120,-0.00008559,-0.00048512
0.00133130,-0.00003240,-0.00047212
0.00133140,-0.00007583,-0.00045657
0.00133150,0.00016215,-0.00043861
0.00133160,0.00002365,-0.00041838
0.00133170,-0.00008744,-0.00039604
0.00133180,-0.00006817,-0.00037175
0.00133190,0.00012304,-0.00034571
0.00133200,0.00014059,-0.00031809
0.00133210,-0.00009703,-0.00028909
0.00133220,0.00001871,-0.00025893
0.00133230,-0.00007919,-0.00022781
0.00133240,0.00008872,-0.00019594
0.00133250,-0.00000201,-0.00016354
0.00133260,-0.00013573,-0.00013083
0.00133270,-0.00011764,-0.00009803
0.00133280,-0.00017476,-0.00006536
0.00133290,-0.00009599,-0.00003303
0.00133300,-0.00009097,-0.00000126
0.00133310,-0.00011341,0.00002976
0.00133320,-0.00013512,0.00005981
0.00133330,-0.00003588,0.00008870
0.00133340,-0.00017108,0.00011626
0.00133350,-0.00029156,0.00014229
0.00133360,-0.00024155,0.00016665
0.00133370,-0.00043645,0.00018917
0.00133380,-0.00037256,0.00020971
0.00133390,-0.00039090,0.00022814
0.00133400,-0.00028157,0.00024435
0.00133410,-0.00032075,0.00025823
0.00133420,-0.00050945,0.00026971
0.00133430,-0.00041195,0.00027871
0.00133440,-0.00039288,0.00028518
0.00133450,-0.00034336,0.00028908
0.00133460,-0.00038577,0.00029040
0.00133470,-0.00051996,0.00028911
0.00133480,-0.00042716,0.00028525
0.00133490,-0.00036314,0.00027883
0.00133500,-0.00042731,0.00026991
0.00133510,-0.00030865,0.00025854
0.00133520,-0.00048227,0.00024480
0.00133530,-0.00043553,0.00022879
0.00133540,-0.00049418,0.00021061
0.00133550,-0.00061389,0.00019039
0.00133560,-0.00052114,0.00016826
0.00133570,-0.00068790,0.00014437
0.00133580,-0.00069404,0.00011887
0.00133590,-0.00083300,0.00009194
0.00133600,-0.00085472,0.00006376
0.00133610,-0.00073257,0.00003452
0.00133620,-0.00093012,0.00000440
0.00133630,-0.00067683,-0.00002638
0.00133640,-0.00064408,-0.00005762
0.00133650,-0.00048201,-0.00008911
0.00133660,-0.00044793,-0.00012064
0.00133670,-0.00056248,-0.00015199
0.00133680,-0.00034225,-0.00018294
0.00133690,-0.00054269,-0.00021328
0.00133700,-0.00048061,-0.00024281
0.00133710,-0.00051049,-0.00027131
0.00133720,-0.00042891,-0.00029858
0.00133730,-0.00035039,-0.00032443
0.00133740,-0.00034184,-0.00034868
0.00133750,-0.00040502,-0.00037113
0.00133760,-0.00049439,-0.00039162
0.00133770,-0.00052078,-0.00041000
0.00133780,-0.00054437,-0.00042611
0.00133790,-0.00058508,-0.00043983
0.00133800,-0.00034993,-0.00045103
0.00133810,-0.00045125,-0.00045962
0.00133820,-0.00041350,-0.00046549
0.00133830,-0.00022547,-0.00046857
0.00133840,-0.00016998,-0.00046882
0.00133850,-0.00027773,-0.00046618
0.00133860,-0.00022044,-0.00046063
0.00133870,-0.00016342,-0.00045216
0.00133880,-0.00022402,-0.00044079
0.00133890,-0.00000993,-0.00042653
0.00133900,-0.00026651,-0.00040944
0.00133910,-0.00017818,-0.00038957
0.00133920,-0.00011164,-0.00036700
0.00133930,-0.00024019,-0.00034181
0.00133940,-0.00002972,-0.00031412
0.00133950,-0.00006520,-0.00028405
0.00133960,0.00004630,-0.00025173
0.00133970,0.00006303,-0.00021731
0.00133980,-0.00001506,-0.00018096
0.00133990,-0.00001177,-0.00014285
0.00134000,0.00012206,-0.00010316
0.00134010,0.00011350,-0.00006209
0.00134020,-0.00000753,-0.00001985
0.00134030,0.00004923,0.00002336
0.00134040,0.00002749,0.00006731
0.00134050,-0.00005995,0.00011178
0.00134060,-0.00007747,0.00015654
0.00134070,0.00009811,0.00020137
0.00134080,0.00008030,0.00024602
0.00134090,0.00014750,0.00029027
0.00134100,0.00032411,0.00033387
0.00134110,0.00013756,0.00037660
0.00134120,0.00022560,0.00041823
0.00134130,0.00019638,0.00045852
0.00134140,0.00007158,0.00049727
0.00134150,0.00003208,0.00053425
0.00134160,0.00013147,0.00056927
0.00134170,0.00010498,0.00060212
0.00134180,0.00007323,0.00063261
0.00134190,-0.00014504,0.00066057
0.00134200,-0.00010739,0.00068583
0.00134210,0.00022785,0.00070824
0.00134220,-0.00003805,0.00072766
0.00134230,-0.00005472,0.00074396
0.00134240,0.00004495,0.00075704
0.00134250,0.00020227,0.00076679
0.00134260,0.00001320,0.00077314
0.00134270,-0.00004947,0.00077602
0.00134280,0.00000978,0.00077539
0.00134290,-0.00013343,0.00077121
0.00134300,0.00000119,0.00076349
0.00134310,-0.00005157,0.00075221
0.00134320,-0.00007630,0.00073741
0.00134330,-0.00006607,0.00071913
0.00134340,-0.00010880,0.00069742
0.00134350,-0.00007626,0.00067235
0.00134360,-0.00018660,0.00064403
0.00134370,-0.00004114,0.00061256
0.00134380,-0.00000792,0.00057805
0.00134390,-0.00021342,0.00054066
0.00134400,-0.00018152,0.00050054
0.00134410,-0.00035198,0.00045784
0.00134420,-0.00029572,0.00041277
0.00134430,-0.00045999,0.00036550
0.00134440,-0.00052006,0.00031625
0.00134450,-0.00033377,0.00026523
0.00134460,-0.00035503,0.00021266
0.00134470,-0.00037154,0.00015878
0.00134480,-0.00032854,0.00010383
0.00134490,-0.00024091,0.00004806
0.00134500,-0.00037855,-0.00000829
0.00134510,-0.00050776,-0.00006495
0.00134520,-0.00055563,-0.00012167
0.00134530,-0.00069493,-0.00017819
0.00134540,-0.00066551,-0.00023425
0.00134550,-0.00060861,-0.00028960
0.00134560,-0.00047587,-0.00034397
0.00134570,-0.00052348,-0.00039712
0.00134580,-0.00053004,-0.00044880
0.00134590,-0.00052465,-0.00049878
0.00134600,-0.00054774,-0.00054681
0.00134610,-0.00044169,-0.00059268
0.00134620,-0.00049174,-0.00063618
0.00134630,-0.00076024,-0.00067710
0.00134640,-0.00062168,-0.00071525
0.00134650,-0.00053249,-0.00075045
0.00134660,-0.00051541,-0.00078255
0.00134670,-0.00061907,-0.00081138
0.00134680,-0.00067960,-0.00083683
0.00134690,-0.00058787,-0.00085876
0.00134700,-0.00055919,-0.00087708
0.00134710,-0.00050431,-0.00089171
0.00134720,-0.00045306,-0.00090258
0.00134730,-0.00038057,-0.00090963
0.00134740,-0.00046000,-0.00091284
0.00134750,-0.00049755,-0.00091219
0.00134760,-0.00048722,-0.00090769
0.00134770,-0.00055917,-0.00089936
0.00134780,-0.00041958,-0.00088724
0.00134790,-0.00046632,-0.00087138
0.00134800,-0.00028835,-0.00085186
0.00134810,-0.00041765,-0.00082877
0.00134820,-0.00051835,-0.00080222
0.00134830,-0.00034030,-0.00077233
0.00134840,-0.00029915,-0.00073923
0.00134850,-0.00012786,-0.00070308
0.00134860,-0.00012740,-0.00066404
0.00134870,-0.00027557,-0.00062230
0.00134880,-0.00024106,-0.00057805
0.00134890,-0.00028342,-0.00053147
0.00134900,-0.00026702,-0.00048280
0.00134910,-0.00027386,-0.00043225
0.00134920,-0.00021998,-0.00038005
0.00134930,-0.00017169,-0.00032644
0.00134940,-0.00015961,-0.00027165
0.00134950,-0.00006515,-0.00021593
0.00134960,-0.00005024,-0.00015954
0.00134970,-0.00013756,-0.00010271
0.00134980,-0.00007022,-0.00004571
0.00134990,-0.00009148,0.00001122
0.00135000,0.00001717,0.00006784
0.00135010,0.00004938,0.00012391
0.00135020,0.00009195,0.00017918
0.00135030,0.00018849,0.00023342
0.00135040,0.00000820,0.00028641
0.00135050,-0.00006551,0.00033794
0.00135060,-0.00001615,0.00038779
0.00135070,0.00009372,0.00043577
0.00135080,0.00003879,0.00048168
0.00135090,0.00008228,0.00052537
0.00135100,-0.00001074,0.00056664
0.00135110,-0.00013466,0.00060536
0.00135120,0.00003487,0.00064139
0.00135130,-0.00014156,0.00067458
0.00135140,0.00002330,0.00070483
0.00135150,0.00003145,0.00073203
0.00135160,0.00015492,0.00075609
0.00135170,0.00018224,0.00077694
0.00135180,0.00000897,0.00079451
0.00135190,0.00005510,0.00080876
0.00135200,0.00007964,0.00081965
0.00135210,0.00014596,0.00082715
0.00135220,0.00006030,0.00083126
0.00135230,0.00017700,0.00083199
0.00135240,0.00020705,0.00082936
0.00135250,0.00021496,0.00082340
0.00135260,-0.00001204,0.00081415
0.00135270,0.00025162,0.00080168
0.00135280,0.00027905,0.00078606
0.00135290,0.00002523,0.00076738
0.00135300,0.00022344,0.00074573
0.00135310,0.00003128,0.00072122
0.00135320,-0.00006982,0.00069397
0.00135330,-0.00026479,0.00066412
0.00135340,-0.00031002,0.00063180
0.00135350,-0.00015584,0.00059717
0.00135360,-0.00022104,0.00056038
0.00135370,-0.00041372,0.00052160
0.00135380,-0.00045174,0.00048101
0.00135390,-0.00034049,0.00043879
0.00135400,-0.00031661,0.00039512
0.00135410,-0.00024402,0.00035018
0.00135420,-0.00018121,0.00030418
0.00135430,-0.00035870,0.00025732
0.00135440,-0.00042580,0.00020978
0.00135450,-0.00026628,0.00016178
0.00135460,-0.00031482,0.00011351
0.00135470,-0.00054247,0.00006517
0.00135480,-0.00042999,0.00001695
0.00135490,-0.00040122,-0.00003093
0.00135500,-0.00026438,-0.00007830
0.00135510,-0.00035310,-0.00012495
0.00135520,-0.00057752,-0.00017072
0.00135530,-0.00053486,-0.00021540
0.00135540,-0.00068041,-0.00025885
0.00135550,-0.00060052,-0.00030088
0.00135560,-0.00061410,-0.00034133
0.00135570,-0.00054661,-0.00038007
0.00135580,-0.00059506,-0.00041693
0.00135590,-0.00058308,-0.00045180
0.00135600,-0.00054458,-0.00048455
0.00135610,-0.00046421,-0.00051506
0.00135620,-0.00031080,-0.00054323
0.00135630,-0.00053507,-0.00056897
0.00135640,-0.00054759,-0.00059219
0.00135650,-0.00043669,-0.00061284
0.00135660,-0.00034754,-0.00063084
0.00135670,-0.00041249,-0.00064615
0.00135680,-0.00053028,-0.00065874
0.00135690,-0.00035804,-0.00066857
0.00135700,-0.00041377,-0.00067564
0.00135710,-0.00045392,-0.00067995
0.00135720,-0.00022210,-0.00068149
0.00135730,-0.00058110,-0.00068030
0.00135740,-0.00064570,-0.00067640
0.00135750,-0.00054031,-0.00066982
0.00135760,-0.00051784,-0.00066062
0.00135770,-0.00034390,-0.00064887
0.00135780,-0.00039979,-0.00063462
0.00135790,-0.00039972,-0.00061795
0.00135800,-0.00043496,-0.00059896
0.00135810,-0.00043271,-0.00057773
0.00135820,-0.00050914,-0.00055438
0.00135830,-0.00049188,-0.00052900
0.00135840,-0.00028829,-0.00050172
0.00135850,-0.00033650,-0.00047265
0.00135860,-0.00020711,-0.00044194
0.00135870,-0.00023954,-0.00040971
0.00135880,0.00012023,-0.00037611
0.00135890,0.00002222,-0.00034128
0.00135900,-0.00014600,-0.00030536
0.00135910,0.00000723,-0.00026851
0.00135920,-0.00008908,-0.00023088
0.00135930,-0.00002293,-0.00019262
0.00135940,0.00004934,-0.00015390
0.00135950,-0.00003456,-0.00011486
0.00135960,0.00012951,-0.00007566
0.00135970,0.00015871,-0.00003646
0.00135980,-0.00007063,0.00000260
0.00135990,-0.00001757,0.00004136
0.00136000,-0.00009398,0.00007968
0.00136010,-0.00003880,0.00011741
0.00136020,0.00026567,0.00015442
0.00136030,0.00019161,0.00019057
0.00136040,0.00011528,0.00022573
0.00136050,0.00000371,0.00025978
0.00136060,-0.00004439,0.00029260
0.00136070,0.00001397,0.00032407
0.00136080,0.00013527,0.00035408
0.00136090,0.00034862,0.00038255
0.00136100,0.00028515,0.00040937
0.00136110,0.00027132,0.00043445
0.00136120,0.00018841,0.00045771
0.00136130,-0.00002532,0.00047909
0.00136140,0.00003011,0.00049850
0.00136150,-0.00013074,0.00051590
0.00136160,-0.00006974,0.00053122
0.00136170,0.00006370,0.00054443
0.00136180,-0.00030400,0.00055547
0.00136190,-0.00035847,0.00056433
0.00136200,-0.00014652,0.00057097
0.00136210,-0.00013290,0.00057538
0.00136220,-0.00012280,0.00057755
0.00136230,-0.00015240,0.00057748
0.00136240,-0.00020227,0.00057517
0.00136250,-0.00004702,0.00057063
0.00136260,-0.00022118,0.00056388
0.00136270,-0.00045072,0.00055496
0.00136280,-0.00032043,0.00054389
0.00136290,-0.00028523,0.00053073
0.00136300,-0.00015536,0.00051552
0.00136310,-0.00012918,0.00049832
0.00136320,-0.00011363,0.00047919
0.00136330,-0.00022489,0.00045821
0.00136340,-0.00041152,0.00043546
0.00136350,-0.00030086,0.00041102
0.00136360,-0.00024348,0.00038499
0.00136370,-0.00014106,0.00035745
0.00136380,-0.00028177,0.00032853
0.00136390,-0.00034788,0.00029832
0.00136400,-0.00032344,0.00026694
0.00136410,-0.00052257,0.00023452
0.00136420,-0.00060325,0.00020116
0.00136430,-0.00059683,0.00016701
0.00136440,-0.00059632,0.00013219
0.00136450,-0.00046240,0.00009683
0.00136460,-0.00041382,0.00006106
0.00136470,-0.00052862,0.00002503
0.00136480,-0.00055919,-0.00001113
0.00136490,-0.00043481,-0.00004729
0.00136500,-0.00029180,-0.00008329
0.00136510,-0.00048768,-0.00011902
0.00136520,-0.00071407,-0.00015432
0.00136530,-0.00051660,-0.00018907
0.00136540,-0.00054944,-0.00022312
0.00136550,-0.00070227,-0.00025635
0.00136560,-0.00053901,-0.00028863
0.00136570,-0.00057978,-0.00031983
0.00136580,-0.00062689,-0.00034983
0.00136590,-0.00062626,-0.00037851
0.00136600,-0.00050252,-0.00040576
0.00136610,-0.00043172,-0.00043147
0.00136620,-0.00030616,-0.00045554
0.00136630,-0.00031823,-0.00047788
0.00136640,-0.00045293,-0.00049838
0.00136650,-0.00043547,-0.00051698
0.00136660,-0.00062362,-0.00053359
0.00136670,-0.00043509,-0.00054814
0.00136680,-0.00042172,-0.00056059
0.00136690,-0.00059829,-0.00057086
0.00136700,-0.00052099,-0.00057892
0.00136710,-0.00057931,-0.00058473
0.00136720,-0.00039098,-0.00058825
0.00136730,-0.00021215,-0.00058948
0.00136740,-0.00019597,-0.00058840
0.00136750,-0.00026813,-0.00058500
0.00136760,-0.00041218,-0.00057929
0.00136770,-0.00028835,-0.00057128
0.00136780,-0.00008140,-0.00056100
0.00136790,-0.00015449,-0.00054847
0.00136800,-0.00021181,-0.00053373
0.00136810,-0.00022503,-0.00051684
0.00136820,-0.00025072,-0.00049784
0.00136830,-0.00022828,-0.00047679
0.00136840,-0.00004361,-0.00045377
0.00136850,-0.00004438,-0.00042885
0.00136860,-0.00010261,-0.00040212
0.00136870,-0.00022632,-0.00037366
0.00136880,-0.00001580,-0.00034357
0.00136890,0.00013514,-0.00031195
0.00136900,-0.00015560,-0.00027891
0.00136910,0.00005336,-0.00024457
0.00136920,-0.00018353,-0.00020903
0.00136930,-0.00017642,-0.00017243
0.00136940,-0.00006664,-0.00013489
0.00136950,0.00003516,-0.00009655
0.00136960,0.00022937,-0.00005752
0.00136970,0.00011126,-0.00001796
0.00136980,0.00023730,0.00002200
0.00136990,0.00014145,0.00006221
0.00137000,0.00007033,0.00010253
0.00137010,0.00025734,0.00014282
0.00137020,0.00009672,0.00018292
0.00137030,0.00015023,0.00022269
0.00137040,0.00015850,0.00026197
0.00137050,0.00009775,0.00030062
0.00137060,0.00019093,0.00033847
0.00137070,0.00013281,0.00037539
0.00137080,0.00016378,0.00041122
0.00137090,0.00022029,0.00044581
0.00137100,0.00023436,0.00047901
0.00137110,0.00005946,0.00051068
0.00137120,0.00003834,0.00054067
0.00137130,0.00017641,0.00056886
0.00137140,-0.00002076,0.00059510
0.00137150,0.00008781,0.00061927
0.00137160,0.00025723,0.00064124
0.00137170,0.00009606,0.00066090
0.00137180,0.00006175,0.00067814
0.00137190,-0.00004701,0.00069285
0.00137200,0.00015700,0.00070496
0.00137210,0.00007640,0.00071436
0.00137220,-0.00002236,0.00072099
0.00137230,-0.00015668,0.00072479
0.00137240,-0.00024417,0.00072570
0.00137250,-0.00028655,0.00072368
0.00137260,-0.00027930,0.00071870
0.00137270,-0.00023210,0.00071074
0.00137280,-0.00041038,0.00069979
0.00137290,-0.00023788,0.00068586
0.00137300,-0.00037196,0.00066897
0.00137310,-0.00040946,0.00064913
0.00137320,-0.00036662,0.00062641
0.00137330,-0.00034476,0.00060084
0.00137340,-0.00026949,0.00057250
0.00137350,-0.00045190,0.00054146
0.00137360,-0.00040225,0.00050781
0.00137370,-0.00045294,0.00047165
0.00137380,-0.00054866,0.00043311
0.00137390,-0.00040797,0.00039229
0.00137400,-0.00054526,0.00034934
0.00137410,-0.00063145,0.00030441
0.00137420,-0.00051476,0.00025766
0.00137430,-0.00057201,0.00020924
0.00137440,-0.00079832,0.00015935
0.00137450,-0.00074901,0.00010816
0.00137460,-0.00068586,0.00005588
0.00137470,-0.00056590,0.00000270
0.00137480,-0.00063054,-0.00005116
0.00137490,-0.00065825,-0.00010548
0.00137500,-0.00077922,-0.00016004
0.00137510,-0.00088326,-0.00021461
0.00137520,-0.00050526,-0.00026896
0.00137530,-0.00047521,-0.00032286
0.00137540,-0.00049973,-0.00037606
0.00137550,-0.00060169,-0.00042833
0.00137560,-0.00061324,-0.00047944
0.00137570,-0.00031564,-0.00052914
0.00137580,-0.00046400,-0.00057721
0.00137590,-0.00040853,-0.00062342
0.00137600,-0.00043049,-0.00066753
0.00137610,-0.00042354,-0.00070934
0.00137620,-0.00035654,-0.00074863
0.00137630,-0.00043436,-0.00078520
0.00137640,-0.00039785,-0.00081886
0.00137650,-0.00051273,-0.00084943
0.00137660,-0.00048540,-0.00087672
0.00137670,-0.00023474,-0.00090060
0.00137680,-0.00034782,-0.00092089
0.00137690,-0.00042144,-0.00093749
0.00137700,-0.00035328,-0.00095026
0.00137710,-0.00040864,-0.00095912
0.00137720,-0.00039982,-0.00096396
0.00137730,-0.00040167,-0.00096473
0.00137740,-0.00035459,-0.00096137
0.00137750,-0.00032372,-0.00095385
0.00137760,-0.00029094,-0.00094215
0.00137770,-0.00026347,-0.00092627
0.00137780,-0.00005825,-0.00090623
0.00137790,-0.00005965,-0.00088207
0.00137800,-0.00013867,-0.00085385
0.00137810,0.00005104,-0.00082165
0.00137820,-0.00003568,-0.00078555
0.00137830,-0.00001253,-0.00074567
0.00137840,0.00019094,-0.00070215
0.00137850,0.00019369,-0.00065513
0.00137860,0.00025586,-0.00060478
0.00137870,0.00031678,-0.00055128
0.00137880,0.00035342,-0.00049484
0.00137890,0.00035655,-0.00043566
0.00137900,0.00017547,-0.00037398
0.00137910,0.00022050,-0.00031005
0.00137920,0.00013992,-0.00024412
0.00137930,0.00012630,-0.00017646
0.00137940,0.00024492,-0.00010735
0.00137950,0.00016394,-0.00003709
0.00137960,0.00015909,0.00003403
0.00137970,0.00004853,0.00010571
0.00137980,0.00003835,0.00017763
0.00137990,0.00013346,0.00024947
0.00138000,0.00032582,0.00032093
0.00138010,0.00008005,0.00039168
0.00138020,0.00009383,0.00046140
0.00138030,-0.00000341,0.00052977
0.00138040,0.00011143,0.00059649
0.00138050,0.00009120,0.00066124
0.00138060,0.00000597,0.00072373
0.00138070,0.00018910,0.00078365
0.00138080,-0.00001125,0.00084071
0.00138090,0.00019868,0.00089465
0.00138100,0.00002750,0.00094520
0.00138110,-0.00004849,0.00099209
0.00138120,0.00005873,0.00103510
0.00138130,-0.00004826,0.00107400
0.00138140,-0.00010593,0.00110857
0.00138150,-0.00025850,0.00113862
0.00138160,-0.00022592,0.00116399
0.00138170,-0.00020236,0.00118450
0.00138180,-0.00019295,0.00120003
0.00138190,-0.00019001,0.00121046
0.00138200,-0.00023384,0.00121569
0.00138210,-0.00024152,0.00121565
0.00138220,-0.00025112,0.00121028
0.00138230,-0.00032694,0.00119956
0.00138240,-0.00035595,0.00118348
0.00138250,-0.00032970,0.00116206
0.00138260,-0.00060751,0.00113535
0.00138270,-0.00077084,0.00110341
0.00138280,-0.00056721,0.00106633
0.00138290,-0.00045549,0.00102423
0.00138300,-0.00044613,0.00097725
0.00138310,-0.00030485,0.00092555
0.00138320,-0.00023011,0.00086932
0.00138330,-0.00032731,0.00080878
0.00138340,-0.00041701,0.00074415
0.00138350,-0.00057429,0.00067569
0.00138360,-0.00058099,0.00060367
0.00138370,-0.00054275,0.00052839
0.00138380,-0.00054623,0.00045015
0.00138390,-0.00070734,0.00036930
0.00138400,-0.00047483,0.00028617
0.00138410,-0.00064009,0.00020112
0.00138420,-0.00047974,0.00011452
0.00138430,-0.00052050,0.00002676
0.00138440,-0.00063077,-0.00006178
0.00138450,-0.00067283,-0.00015070
0.00138460,-0.00068215,-0.00023960
0.00138470,-0.00062089,-0.00032808
0.00138480,-0.00050930,-0.00041572
0.00138490,-0.00051883,-0.00050213
0.00138500,-0.00057555,-0.00058691
0.00138510,-0.00080144,-0.00066965
0.00138520,-0.00060023,-0.00074997
0.00138530,-0.00054792,-0.00082749
0.00138540,-0.00056288,-0.00090184
0.00138550,-0.00050681,-0.00097265
0.00138560,-0.00037829,-0.00103959
0.00138570,-0.00033542,-0.00110233
0.00138580,-0.00034468,-0.00116056
0.00138590,-0.00025815,-0.00121398
0.00138600,-0.00040746,-0.00126232
0.00138610,-0.00021233,-0.00130534
0.00138620,-0.00026659,-0.00134281
0.00138630,-0.00033877,-0.00137452
0.00138640,-0.00033987,-0.00140029
0.00138650,-0.00034293,-0.00141999
0.00138660,-0.00025975,-0.00143347
0.00138670,-0.00033991,-0.00144065
0.00138680,-0.00012778,-0.00144145
0.00138690,-0.00014215,-0.00143583
0.00138700,-0.00009522,-0.00142379
0.00138710,-0.00022982,-0.00140534
0.00138720,-0.00029041,-0.00138052
0.00138730,-0.00016606,-0.00134942
0.00138740,-0.00014195,-0.00131213
0.00138750,0.00007370,-0.00126879
0.00138760,0.00021914,-0.00121957
0.00138770,0.00001413,-0.00116466
0.00138780,-0.00016505,-0.00110427
0.00138790,-0.00005923,-0.00103864
0.00138800,0.00004517,-0.00096804
0.00138810,0.00014935,-0.00089278
0.00138820,0.00012730,-0.00081316
0.00138830,0.00013968,-0.00072952
0.00138840,-0.00001736,-0.00064222
0.00138850,-0.00025484,-0.00055163
0.00138860,0.00008125,-0.00045816
0.00138870,0.00011718,-0.00036222
0.00138880,0.00012471,-0.00026421
0.00138890,0.00017150,-0.00016459
0.00138900,0.00009785,-0.00006378
0.00138910,0.00003823,0.00003774
0.00138920,0.00013692,0.00013954
0.00138930,0.00007271,0.00024114
0.00138940,0.00019772,0.00034209
0.00138950,0.00012534,0.00044192
0.00138960,0.00008968,0.00054018
0.00138970,0.00010999,0.00063641
0.00138980,0.00012711,0.00073018
0.00138990,0.00016886,0.00082104
0.00139000,0.00026920,0.00090859
0.00139010,0.00021208,0.00099240
0.00139020,-0.00003451,0.00107210
0.00139030,-0.00011673,0.00114730
0.00139040,-0.00020001,0.00121765
0.00139050,-0.00002912,0.00128283
0.00139060,-0.00003969,0.00134252
0.00139070,-0.00027668,0.00139645
0.00139080,-0.00037477,0.00144434
0.00139090,-0.00018587,0.00148597
0.00139100,-0.00012282,0.00152114
0.00139110,0.00003798,0.00154966
0.00139120,0.00002030,0.00157141
0.00139130,-0.00025548,0.00158626
0.00139140,-0.00021222,0.00159412
0.00139150,-0.00019116,0.00159495
0.00139160,-0.00011884,0.00158873
0.00139170,-0.00027235,0.00157547
0.00139180,-0.00022484,0.00155520
0.00139190,-0.00017578,0.00152801
0.00139200,-0.00025864,0.00149399
0.00139210,-0.00016718,0.00145328
0.00139220,-0.00017314,0.00140605
0.00139230,-0.00020442,0.00135249
0.00139240,-0.00058678,0.00129283
0.00139250,-0.00053043,0.00122732
0.00139260,-0.00037929,0.00115624
0.00139270,-0.00054610,0.00107988
0.00139280,-0.00034803,0.00099859
0.00139290,-0.00050419,0.00091270
0.00139300,-0.00054746,0.00082261
0.00139310,-0.00044707,0.00072869
0.00139320,-0.00051138,0.00063137
0.00139330,-0.00034963,0.00053106
0.00139340,-0.00042686,0.00042822
0.00139350,-0.00044749,0.00032330
0.00139360,-0.00050163,0.00021676
0.00139370,-0.00047378,0.00010907
0.00139380,-0.00052660,0.00000073
0.00139390,-0.00060561,-0.00010779
0.00139400,-0.00026821,-0.00021601
0.00139410,-0.00048778,-0.00032343
0.00139420,-0.00054095,-0.00042957
0.00139430,-0.00052974,-0.00053396
0.00139440,-0.00054893,-0.00063613
0.00139450,-0.00060219,-0.00073561
0.00139460,-0.00043562,-0.00083195
0.00139470,-0.00029004,-0.00092472
0.00139480,-0.00060060,-0.00101351
0.00139490,-0.00049389,-0.00109789
0.00139500,-0.00031453,-0.00117750
0.00139510,-0.00015336,-0.00125197
0.00139520,-0.00014646,-0.00132097
0.00139530,-0.00031950,-0.00138418
0.00139540,-0.00012436,-0.00144131
0.00139550,-0.00027496,-0.00149211
0.00139560,-0.00013821,-0.00153634
0.00139570,-0.00009422,-0.00157380
0.00139580,-0.00019908,-0.00160434
0.00139590,-0.00016547,-0.00162780
0.00139600,-0.00012696,-0.00164409
0.00139610,-0.00007161,-0.00165313
0.00139620,-0.00011341,-0.00165489
0.00139630,-0.00008584,-0.00164937
0.00139640,-0.00018591,-0.00163658
0.00139650,-0.00014880,-0.00161660
0.00139660,-0.00030180,-0.00158953
0.00139670,-0.00043500,-0.00155548
0.00139680,-0.00028162,-0.00151462
0.00139690,-0.00021398,-0.00146714
0.00139700,-0.00013454,-0.00141327
0.00139710,-0.00031898,-0.00135324
0.00139720,-0.00033771,-0.00128735
0.00139730,-0.00034017,-0.00121589
0.00139740,-0.00029827,-0.00113919
0.00139750,-0.00010938,-0.00105761
0.00139760,-0.00017889,-0.00097151
0.00139770,-0.00016734,-0.00088130
0.00139780,-0.00038939,-0.00078739
0.00139790,-0.00027383,-0.00069019
0.00139800,-0.00030839,-0.00059017
0.00139810,-0.00030507,-0.00048776
0.00139820,-0.00005740,-0.00038343
0.00139830,-0.00009918,-0.00027766
0.00139840,-0.00005467,-0.00017091
0.00139850,-0.00029510,-0.00006368
0.00139860,-0.00021244,0.00004357
0.00139870,-0.00009215,0.00015036
0.00139880,-0.00010515,0.00025621
0.00139890,-0.00016398,0.00036065
0.00139900,-0.00020403,0.00046323
0.00139910,-0.00011321,0.00056349
0.00139920,-0.00011632,0.00066101
0.00139930,-0.00013904,0.00075536
0.00139940,-0.00022524,0.00084613
0.00139950,-0.00015602,0.00093294
0.00139960,-0.00021351,0.00101542
0.00139970,-0.00031599,0.00109321
0.00139980,-0.00012427,0.00116600
0.00139990,-0.00019040,0.00123349
0.00140000,-0.00027641,0.00129539
0.00140010,-0.00024534,0.00135146
0.00140020,-0.00010899,0.00140147
0.00140030,-0.00011122,0.00144522
0.00140040,-0.00032787,0.00148256
0.00140050,-0.00033129,0.00151332
0.00140060,-0.00029637,0.00153742
0.00140070,-0.00016520,0.00155477
0.00140080,-0.00021869,0.00156532
0.00140090,-0.00024444,0.00156905
0.00140100,-0.00037113,0.00156597
0.00140110,-0.00028939,0.00155614
0.00140120,-0.00027139,0.00153961
0.00140130,-0.00039482,0.00151650
0.00140140,-0.00033224,0.00148694
0.00140150,-0.00025690,0.00145108
0.00140160,-0.00034148,0.00140912
0.00140170,-0.00040348,0.00136127
0.00140180,-0.00026834,0.00130777
0.00140190,-0.00026970,0.00124889
0.00140200,-0.00024940,0.00118493
0.00140210,-0.00020581,0.00111619
0.00140220,-0.00028026,0.00104300
0.00140230,-0.00030835,0.00096572
0.00140240,-0.00039105,0.00088472
0.00140250,-0.00017632,0.00080038
0.00140260,-0.00024411,0.00071311
0.00140270,-0.00008880,0.00062331
0.00140280,-0.00012868,0.00053141
0.00140290,-0.00013717,0.00043783
0.00140300,-0.00016596,0.00034300
0.00140310,-0.00020578,0.00024738
0.00140320,-0.00012906,0.00015138
0.00140330,-0.00019699,0.00005546
0.00140340,-0.00018438,-0.00003995
0.00140350,-0.00027531,-0.00013443
0.00140360,-0.00020828,-0.00022755
0.00140370,-0.00018150,-0.00031889
0.00140380,-0.00030617,-0.00040807
0.00140390,-0.00017249,-0.00049468
0.00140400,-0.00024741,-0.00057837
0.00140410,-0.00029206,-0.00065876
0.00140420,-0.00019451,-0.00073553
0.00140430,-0.00016940,-0.00080836
0.00140440,-0.00009892,-0.00087695
0.00140450,-0.00006526,-0.00094103
0.00140460,-0.00001733,-0.00100035
0.00140470,-0.00023476,-0.00105470
0.00140480,-0.00020764,-0.00110386
0.00140490,-0.00016320,-0.00114767
0.00140500,-0.00028935,-0.00118599
0.00140510,-0.00033530,-0.00121870
0.00140520,-0.00015661,-0.00124570
0.00140530,-0.00023544,-0.00126694
0.00140540,0.00001303,-0.00128237
0.00140550,-0.00005999,-0.00129200
0.00140560,-0.00003555,-0.00129585
0.00140570,0.00022179,-0.00129395
0.00140580,-0.00004132,-0.00128639
0.00140590,-0.00008452,-0.00127327
0.00140600,-0.00002065,-0.00125471
0.00140610,-0.00012642,-0.00123086
0.00140620,-0.00001139,-0.00120189
0.00140630,-0.00005287,-0.00116801
0.00140640,-0.00032035,-0.00112943
0.00140650,-0.00036205,-0.00108639
0.00140660,-0.00026489,-0.00103914
0.00140670,-0.00010155,-0.00098796
0.00140680,-0.00013916,-0.00093314
0.00140690,-0.00021278,-0.00087500
0.00140700,-0.00017415,-0.00081383
0.00140710,-0.00021154,-0.00074998
0.00140720,0.00002623,-0.00068379
0.00140730,0.00000262,-0.00061559
0.00140740,-0.00006333,-0.00054575
0.00140750,-0.00017997,-0.00047462
0.00140760,-0.00013794,-0.00040255
0.00140770,-0.00003216,-0.00032990
0.00140780,-0.00009085,-0.00025704
0.00140790,-0.00027085,-0.00018430
0.00140800,-0.00036195,-0.00011204
0.00140810,-0.00028546,-0.00004060
0.00140820,-0.00038017,0.00002970
0.00140830,-0.00024168,0.00009854
0.00140840,-0.00019229,0.00016561
0.00140850,-0.00024866,0.00023062
0.00140860,-0.00015606,0.00029330
0.00140870,-0.00039201,0.00035338
0.00140880,-0.00008418,0.00041063
0.00140890,-0.00018371,0.00046482
0.00140900,-0.00023277,0.00051574
0.00140910,-0.00009302,0.00056322
0.00140920,-0.00023333,0.00060708
0.00140930,-0.00006736,0.00064719
0.00140940,-0.00030270,0.00068342
0.00140950,-0.00028932,0.00071567
0.00140960,-0.00036869,0.00074388
0.00140970,-0.00022385,0.00076797
0.00140980,-0.00019704,0.00078792
0.00140990,-0.00028313,0.00080372
0.00141000,-0.00009811,0.00081537
0.00141010,-0.00030637,0.00082291
0.00141020,-0.00029340,0.00082639
0.00141030,-0.00029079,0.00082587
0.00141040,-0.00022093,0.00082146
0.00141050,-0.00014381,0.00081325
0.00141060,-0.00021910,0.00080137
0.00141070,-0.00028983,0.00078597
0.00141080,-0.00038249,0.00076721
0.00141090,-0.00030543,0.00074525
0.00141100,-0.00051437,0.00072030
0.00141110,-0.00035864,0.00069254
0.00141120,-0.00026104,0.00066220
0.00141130,-0.00033516,0.00062948
0.00141140,-0.00022736,0.00059463
0.00141150,-0.00034015,0.00055788
0.00141160,-0.00036853,0.00051947
0.00141170,-0.00016711,0.00047966
0.00141180,-0.00014179,0.00043869
0.00141190,0.00003656,0.00039682
0.00141200,-0.00024206,0.00035430
0.00141210,-0.00024317,0.00031139
0.00141220,-0.00023043,0.00026834
0.00141230,-0.00032535,0.00022539
0.00141240,-0.00015805,0.00018278
0.00141250,-0.00028144,0.00014075
0.00141260,-0.00009236,0.00009953
0.00141270,-0.00028671,0.00005932
0.00141280,-0.00026212,0.00002035
0.00141290,-0.00020677,-0.00001721
0.00141300,-0.00009621,-0.00005316
0.00141310,0.00002124,-0.00008734
0.00141320,-0.00012083,-0.00011959
0.00141330,-0.00009346,-0.00014977
0.00141340,-0.00011982,-0.00017776
0.00141350,-0.00005912,-0.00020346
0.00141360,-0.00013174,-0.00022676
0.00141370,-0.00008878,-0.00024760
0.00141380,-0.00010481,-0.00026592
0.00141390,-0.00004723,-0.00028168
0.00141400,-0.00014513,-0.00029484
0.00141410,0.00002902,-0.00030541
0.00141420,-0.00004269,-0.00031340
0.00141430,-0.00022468,-0.00031882
0.00141440,-0.00024401,-0.00032172
0.00141450,-0.00022261,-0.00032216
0.00141460,-0.00007711,-0.00032020
0.00141470,-0.00009888,-0.00031594
0.00141480,-0.00009706,-0.00030947
0.00141490,-0.00009235,-0.00030090
0.00141500,-0.00003341,-0.00029036
0.00141510,-0.00001430,-0.00027799
0.00141520,0.00003759,-0.00026392
0.00141530,0.00001787,-0.00024832
0.00141540,-0.00004778,-0.00023135
0.00141550,-0.00016712,-0.00021317
0.00141560,-0.00027270,-0.00019397
0.00141570,-0.00001441,-0.00017392
0.00141580,-0.00003937,-0.00015321
0.00141590,-0.00016003,-0.00013203
0.00141600,-0.00004235,-0.00011055
0.00141610,-0.00029754,-0.00008898
0.00141620,-0.00013262,-0.00006748
0.00141630,-0.00015699,-0.00004625
0.00141640,-0.00013732,-0.00002546
0.00141650,-0.00007247,-0.00000528
0.00141660,-0.00027128,0.00001412
0.00141670,-0.00027197,0.00003258
0.00141680,-0.00029385,0.00004996
0.00141690,-0.00012174,0.00006611
0.00141700,-0.00001620,0.00008091
0.00141710,-0.00017621,0.00009423
0.00141720,-0.00008622,0.00010596
0.00141730,-0.00032494,0.00011601
0.00141740,-0.00023977,0.00012430
0.00141750,-0.00013651,0.00013076
0.00141760,-0.00028714,0.00013533
0.00141770,-0.00041483,0.00013797
0.00141780,-0.00028710,0.00013866
0.00141790,-0.00025480,0.00013737
0.00141800,-0.00008508,0.00013411
0.00141810,-0.00022775,0.00012890
0.00141820,-0.00020357,0.00012176
0.00141830,-0.00029256,0.00011274
0.00141840,-0.00030094,0.00010189
0.00141850,-0.00011874,0.00008928
0.00141860,-0.00030334,0.00007499
0.00141870,-0.00045333,0.00005913
0.00141880,-0.00039925,0.00004179
0.00141890,-0.00051587,0.00002309
0.00141900,-0.00035930,0.00000315
0.00141910,-0.00014958,-0.00001788
0.00141920,-0.00031729,-0.00003986
0.00141930,-0.00038036,-0.00006264
0.00141940,-0.00036434,-0.00008606
0.00141950,-0.00037571,-0.00010997
0.00141960,-0.00061982,-0.00013419
0.00141970,-0.00057135,-0.00015855
0.00141980,-0.00037908,-0.00018288
0.00141990,-0.00039512,-0.00020701
0.00142000,-0.00045599,-0.00023075
0.00142010,-0.00066145,-0.00025394
0.00142020,-0.00051264,-0.00027641
0.00142030,-0.00054493,-0.00029797
0.00142040,-0.00065829,-0.00031848
0.00142050,-0.00053845,-0.00033776
0.00142060,-0.00054473,-0.00035566
0.00142070,-0.00053170,-0.00037204
0.00142080,-0.00056986,-0.00038675
0.00142090,-0.00046382,-0.00039966
0.00142100,-0.00016567,-0.00041065
0.00142110,-0.00010243,-0.00041961
0.00142120,-0.00009890,-0.00042643
0.00142130,-0.00014752,-0.00043104
0.00142140,-0.00027319,-0.00043334
0.00142150,-0.00035279,-0.00043327
0.00142160,-0.00047679,-0.00043079
0.00142170,-0.00054591,-0.00042585
0.00142180,-0.00048640,-0.00041843
0.00142190,-0.00057100,-0.00040851
0.00142200,-0.00046939,-0.00039610
0.00142210,-0.00041175,-0.00038122
0.00142220,-0.00040741,-0.00036389
0.00142230,-0.00014400,-0.00034417
0.00142240,-0.00020049,-0.00032210
0.00142250,-0.00023287,-0.00029777
0.00142260,-0.00038884,-0.00027126
0.00142270,-0.00024581,-0.00024267
0.00142280,-0.00003325,-0.00021211
0.00142290,-0.00023471,-0.00017971
0.00142300,-0.00014038,-0.00014561
0.00142310,-0.00002476,-0.00010994
0.00142320,-0.00020353,-0.00007288
0.00142330,-0.00024518,-0.00003458
0.00142340,-0.00016701,0.00000477
0.00142350,-0.00004584,0.00004499
0.00142360,-0.00012364,0.00008590
0.00142370,-0.00032081,0.00012728
0.00142380,-0.00014026,0.00016896
0.00142390,-0.00016378,0.00021071
0.00142400,-0.00005714,0.00025233
0.00142410,0.00009981,0.00029361
0.00142420,0.00005898,0.00033434
0.00142430,-0.00002025,0.00037432
0.00142440,-0.00019749,0.00041334
0.00142450,0.00000171,0.00045119
0.00142460,0.00009333,0.00048767
0.00142470,0.00015440,0.00052259
0.00142480,0.00002575,0.00055577
0.00142490,0.00005909,0.00058701
0.00142500,0.00014196,0.00061614
0.00142510,0.00026312,0.00064301
0.00142520,0.00009330,0.00066746
0.00142530,-0.00006693,0.00068933
0.00142540,-0.00008741,0.00070851
0.00142550,-0.00001157,0.00072487
0.00142560,0.00017509,0.00073830
0.00142570,0.00007908,0.00074870
0.00142580,-0.00003462,0.00075601
0.00142590,-0.00014399,0.00076015
0.00142600,0.00001082,0.00076107
0.00142610,0.00000792,0.00075872
0.00142620,-0.00011070,0.00075310
0.00142630,-0.00012607,0.00074419
0.00142640,-0.00016034,0.00073200
0.00142650,-0.00018398,0.00071655
0.00142660,-0.00018029,0.00069788
0.00142670,0.00000480,0.00067605
0.00142680,-0.00001155,0.00065112
0.00142690,-0.00003854,0.00062316
0.00142700,0.00021388,0.00059229
0.00142710,0.00005190,0.00055860
0.00142720,-0.00020127,0.00052222
0.00142730,-0.00008103,0.00048329
0.00142740,-0.00019836,0.00044194
0.00142750,-0.00007291,0.00039833
0.00142760,-0.00010766,0.00035264
0.00142770,-0.00009310,0.00030504
0.00142780,-0.00017317,0.00025571
0.00142790,-0.00023314,0.00020486
0.00142800,-0.00017709,0.00015269
0.00142810,-0.00041354,0.00009940
0.00142820,-0.00036105,0.00004522
0.00142830,-0.00043311,-0.00000964
0.00142840,-0.00030555,-0.00006495
0.00142850,-0.00023292,-0.00012047
0.00142860,-0.00037567,-0.00017597
0.00142870,-0.00034002,-0.00023123
0.00142880,-0.00023696,-0.00028600
0.00142890,-0.00031953,-0.00034004
0.00142900,-0.00016918,-0.00039314
0.00142910,-0.00023390,-0.00044504
0.00142920,-0.00013236,-0.00049553
0.00142930,-0.00017104,-0.00054439
0.00142940,-0.00029843,-0.00059138
0.00142950,-0.00037437,-0.00063631
0.00142960,-0.00059903,-0.00067897
0.00142970,-0.00044603,-0.00071915
0.00142980,-0.00041186,-0.00075669
0.00142990,-0.00046380,-0.00079139
0.00143000,-0.00053039,-0.00082310
0.00143010,-0.00070684,-0.00085167
0.00143020,-0.00051632,-0.00087696
0.00143030,-0.00037458,-0.00089884
0.00143040,-0.00047212,-0.00091721
0.00143050,-0.00051365,-0.00093197
0.00143060,-0.00049036,-0.00094304
0.00143070,-0.00053524,-0.00095036
0.00143080,-0.00063948,-0.00095387
0.00143090,-0.00058226,-0.00095356
0.00143100,-0.00064023,-0.00094939
0.00143110,-0.00051601,-0.00094138
0.00143120,-0.00027742,-0.00092953
0.00143130,-0.00029131,-0.00091388
0.00143140,-0.00026995,-0.00089448
0.00143150,-0.00033603,-0.00087139
0.00143160,-0.00030206,-0.00084468
0.00143170,-0.00024286,-0.00081446
0.00143180,-0.00027795,-0.00078083
0.00143190,-0.00031790,-0.00074392
0.00143200,-0.00037885,-0.00070387
0.00143210,-0.00035713,-0.00066082
0.00143220,-0.00020914,-0.00061495
0.00143230,-0.00017577,-0.00056643
0.00143240,-0.00018151,-0.00051546
0.00143250,-0.00019906,-0.00046225
0.00143260,-0.00022012,-0.00040699
0.00143270,-0.00023152,-0.00034992
0.00143280,-0.00016927,-0.00029128
0.00143290,-0.00003188,-0.00023129
0.00143300,-0.00001016,-0.00017021
0.00143310,-0.00003654,-0.00010829
0.00143320,-0.00030815,-0.00004579
0.00143330,-0.00016863,0.00001704
0.00143340,-0.00015708,0.00007992
0.00143350,-0.00003393,0.00014260
0.00143360,0.00000579,0.00020481
0.00143370,0.00008127,0.00026629
0.00143380,0.00010156,0.00032679
0.00143390,-0.00001913,0.00038605
0.00143400,0.00019596,0.00044381
0.00143410,0.00002238,0.00049985
0.00143420,-0.00000736,0.00055392
0.00143430,0.00002210,0.00060580
0.00143440,0.00009715,0.00065528
0.00143450,-0.00001596,0.00070214
0.00143460,0.00000979,0.00074620
0.00143470,-0.00001573,0.00078726
0.00143480,-0.00002015,0.00082517
0.00143490,0.00002641,0.00085977
0.00143500,0.00000148,0.00089090
0.00143510,0.00010183,0.00091846
0.00143520,-0.00002702,0.00094232
0.00143530,-0.00001045,0.00096239
0.00143540,0.00009899,0.00097859
0.00143550,0.00002351,0.00099086
0.00143560,-0.00011519,0.00099914
0.00143570,-0.00014735,0.00100340
0.00143580,0.00004629,0.00100364
0.00143590,-0.00000264,0.00099984
0.00143600,0.00017888,0.00099204
0.00143610,0.00021481,0.00098026
0.00143620,0.00014126,0.00096456
0.00143630,0.00032509,0.00094499
0.00143640,-0.00002185,0.00092165
0.00143650,0.00018098,0.00089464
0.00143660,0.00008284,0.00086405
0.00143670,0.00004828,0.00083002
0.00143680,-0.00016351,0.00079269
0.00143690,-0.00023264,0.00075222
0.00143700,-0.00001485,0.00070876
0.00143710,-0.00006455,0.00066250
0.00143720,0.00008718,0.00061362
0.00143730,-0.00016491,0.00056233
0.00143740,-0.00018480,0.00050884
0.00143750,-0.00002942,0.00045335
0.00143760,-0.00006389,0.00039611
0.00143770,-0.00004576,0.00033734
0.00143780,-0.00024773,0.00027728
0.00143790,-0.00033851,0.00021618
0.00143800,-0.00037841,0.00015429
0.00143810,-0.00036555,0.00009186
0.00143820,-0.00020178,0.00002914
0.00143830,-0.00029738,-0.00003361
0.00143840,-0.00014573,-0.00009614
0.00143850,-0.00018212,-0.00015818
0.00143860,-0.00032944,-0.00021948
0.00143870,-0.00022389,-0.00027980
0.00143880,-0.00030332,-0.00033889
0.00143890,-0.00029628,-0.00039650
0.00143900,-0.00030661,-0.00045241
0.00143910,-0.00035018,-0.00050638
0.00143920,-0.00032602,-0.00055820
0.00143930,-0.00031074,-0.00060765
0.00143940,-0.00044935,-0.00065454
0.00143950,-0.00037506,-0.00069868
0.00143960,-0.00027991,-0.00073989
0.00143970,-0.00041083,-0.00077800
0.00143980,-0.00040183,-0.00081287
0.00143990,-0.00030925,-0.00084437
0.00144000,-0.00052895,-0.00087235
0.00144010,-0.00066419,-0.00089673
0.00144020,-0.00047256,-0.00091740
0.00144030,-0.00038525,-0.00093429
0.00144040,-0.00033069,-0.00094735
0.00144050,-0.00042483,-0.00095651
0.00144060,-0.00055312,-0.00096175
0.00144070,-0.00050294,-0.00096307
0.00144080,-0.00038135,-0.00096046
0.00144090,-0.00018866,-0.00095394
0.00144100,-0.00034707,-0.00094355
0.00144110,-0.00045101,-0.00092933
0.00144120,-0.00061604,-0.00091136
0.00144130,-0.00058048,-0.00088971
0.00144140,-0.00064326,-0.00086448
0.00144150,-0.00053174,-0.00083579
0.00144160,-0.00017884,-0.00080375
0.00144170,-0.00024470,-0.00076851
0.00144180,-0.00018137,-0.00073022
0.00144190,-0.00034552,-0.00068905
0.00144200,-0.00043422,-0.00064516
0.00144210,-0.00043123,-0.00059876
0.00144220,-0.00053213,-0.00055002
0.00144230,-0.00037216,-0.00049917
0.00144240,-0.00039273,-0.00044640
0.00144250,-0.00026082,-0.00039196
0.00144260,-0.00014019,-0.00033606
0.00144270,-0.00011536,-0.00027894
0.00144280,-0.00011164,-0.00022084
0.00144290,-0.00004568,-0.00016199
0.00144300,-0.00002808,-0.00010265
0.00144310,-0.00019751,-0.00004306
0.00144320,-0.00006835,0.00001654
0.00144330,-0.00011013,0.00007590
0.00144340,-0.00011774,0.00013478
0.00144350,-0.00012831,0.00019293
0.00144360,-0.00009441,0.00025013
0.00144370,-0.00019370,0.00030614
0.00144380,-0.00006601,0.00036073
0.00144390,0.00000798,0.00041369
0.00144400,-0.00012814,0.00046481
0.00144410,0.00000370,0.00051389
0.00144420,-0.00012551,0.00056073
0.00144430,-0.00006724,0.00060515
0.00144440,-0.00007913,0.00064698
0.00144450,0.00014530,0.00068606
0.00144460,-0.00005758,0.00072225
0.00144470,-0.00006344,0.00075541
0.00144480,0.00000452,0.00078543
0.00144490,0.00007161,0.00081218
0.00144500,0.00001060,0.00083559
0.00144510,-0.00012078,0.00085558
0.00144520,-0.00014075,0.00087207
0.00144530,-0.00016931,0.00088503
0.00144540,-0.00014435,0.00089441
0.00144550,-0.00000083,0.00090020
0.00144560,0.00013005,0.00090239
0.00144570,-0.00003040,0.00090098
0.00144580,0.00006637,0.00089601
0.00144590,-0.00013381,0.00088750
0.00144600,-0.00008511,0.00087550
0.00144610,0.00008346,0.00086008
0.00144620,0.00000471,0.00084131
0.00144630,0.00014807,0.00081927
0.00144640,0.00007445,0.00079406
0.00144650,-0.00002597,0.00076579
0.00144660,-0.00021486,0.00073458
0.00144670,-0.00008475,0.00070056
0.00144680,-0.00009882,0.00066386
0.00144690,-0.00021118,0.00062464
0.00144700,-0.00009305,0.00058304
0.00144710,-0.00009304,0.00053924
0.00144720,-0.00006362,0.00049340
0.00144730,0.00009535,0.00044571
0.00144740,-0.00010776,0.00039634
0.00144750,-0.00005869,0.00034550
0.00144760,-0.00031083,0.00029337
0.00144770,-0.00042606,0.00024015
0.00144780,-0.00027564,0.00018604
0.00144790,-0.00024674,0.00013126
0.00144800,-0.00018118,0.00007600
0.00144810,-0.00019969,0.00002047
0.00144820,-0.00022682,-0.00003511
0.00144830,-0.00034695,-0.00009055
0.00144840,-0.00032965,-0.00014563
0.00144850,-0.00021482,-0.00020016
0.00144860,-0.00044693,-0.00025392
0.00144870,-0.00037402,-0.00030672
0.00144880,-0.00034453,-0.00035837
0.00144890,-0.00017901,-0.00040867
0.00144900,-0.00016330,-0.00045744
0.00144910,-0.00019582,-0.00050449
0.00144920,-0.00033270,-0.00054965
0.00144930,-0.00029479,-0.00059275
0.00144940,-0.00034014,-0.00063363
0.00144950,-0.00027206,-0.00067214
0.00144960,-0.00022222,-0.00070812
0.00144970,-0.00052410,-0.00074144
0.00144980,-0.00039026,-0.00077198
0.00144990,-0.00038998,-0.00079961
0.00145000,-0.00037113,-0.00082422
0.00145010,-0.00034453,-0.00084572
0.00145020,-0.00041738,-0.00086401
0.00145030,-0.00045800,-0.00087903
0.00145040,-0.00046633,-0.00089071
0.00145050,-0.00053112,-0.00089900
0.00145060,-0.00046545,-0.00090385
0.00145070,-0.00045232,-0.00090524
0.00145080,-0.00054673,-0.00090315
0.00145090,-0.00040653,-0.00089758
0.00145100,-0.00025051,-0.00088854
0.00145110,-0.00033757,-0.00087605
0.00145120,-0.00033761,-0.00086014
0.00145130,-0.00021753,-0.00084086
0.00145140,-0.00026691,-0.00081826
0.00145150,-0.00022270,-0.00079243
0.00145160,-0.00021155,-0.00076344
0.00145170,-0.00004209,-0.00073138
0.00145180,-0.00026677,-0.00069636
0.00145190,-0.00032598,-0.00065851
0.00145200,-0.00026809,-0.00061794
0.00145210,-0.00018316,-0.00057481
0.00145220,0.00000450,-0.00052926
0.00145230,0.00007149,-0.00048145
0.00145240,-0.00003431,-0.00043155
0.00145250,-0.00014758,-0.00037975
0.00145260,-0.00019992,-0.00032624
0.00145270,-0.00020712,-0.00027121
0.00145280,-0.00003476,-0.00021487
0.00145290,-0.00016947,-0.00015743
0.00145300,-0.00022325,-0.00009910
0.00145310,-0.00007484,-0.00004012
0.00145320,-0.00007638,0.00001930
0.00145330,-0.00003317,0.00007893
0.00145340,-0.00001774,0.00013852
0.00145350,0.00014675,0.00019785
0.00145360,0.00015927,0.00025669
0.00145370,-0.00001593,0.00031479
0.00145380,-0.00002261,0.00037194
0.00145390,0.00002181,0.00042789
0.00145400,0.00003515,0.00048242
0.00145410,-0.00009371,0.00053531
0.00145420,0.00019047,0.00058633
0.00145430,0.00006783,0.00063529
0.00145440,0.00000252,0.00068197
0.00145450,0.00010180,0.00072618
0.00145460,0.00010061,0.00076774
0.00145470,0.00007013,0.00080645
0.00145480,-0.00002869,0.00084215
0.00145490,0.00001039,0.00087469
0.00145500,-0.00002127,0.00090393
0.00145510,0.00007042,0.00092971
0.00145520,-0.00001362,0.00095193
0.00145530,-0.00000338,0.00097048
0.00145540,0.00004551,0.00098527
0.00145550,0.00011006,0.00099621
0.00145560,0.00018201,0.00100324
0.00145570,0.00015472,0.00100632
0.00145580,0.00007536,0.00100540
0.00145590,-0.00013905,0.00100049
0.00145600,0.00000855,0.00099157
0.00145610,-0.00016662,0.00097867
0.00145620,-0.00023296,0.00096182
0.00145630,-0.00007944,0.00094106
0.00145640,-0.00028995,0.00091646
0.00145650,-0.00032399,0.00088812
0.00145660,-0.00030591,0.00085611
0.00145670,-0.00043777,0.00082056
0.00145680,-0.00021352,0.00078159
0.00145690,-0.00041266,0.00073934
0.00145700,-0.00034908,0.00069398
0.00145710,-0.00033398,0.00064566
0.00145720,-0.00044132,0.00059457
0.00145730,-0.00028256,0.00054090
0.00145740,-0.00054603,0.00048485
0.00145750,-0.00025802,0.00042665
0.00145760,-0.00010047,0.00036650
0.00145770,-0.00007300,0.00030464
0.00145780,-0.00016114,0.00024132
0.00145790,-0.00014481,0.00017676
0.00145800,-0.00017839,0.00011123
0.00145810,-0.00045817,0.00004497
0.00145820,-0.00048068,-0.00002175
0.00145830,-0.00058587,-0.00008868
0.00145840,-0.00050629,-0.00015555
0.00145850,-0.00036218,-0.00022210
0.00145860,-0.00033969,-0.00028808
0.00145870,-0.00039163,-0.00035321
0.00145880,-0.00034714,-0.00041725
0.00145890,-0.00030891,-0.00047994
0.00145900,-0.00040036,-0.00054102
0.00145910,-0.00031178,-0.00060025
0.00145920,-0.00039443,-0.00065739
0.00145930,-0.00052840,-0.00071221
0.00145940,-0.00055395,-0.00076448
0.00145950,-0.00043980,-0.00081399
0.00145960,-0.00030867,-0.00086052
0.00145970,-0.00036077,-0.00090388
0.00145980,-0.00045611,-0.00094388
0.00145990,-0.00038206,-0.00098035
0.00146000,-0.00024973,-0.00101312
0.00146010,-0.00010125,-0.00104205
0.00146020,-0.00008215,-0.00106699
0.00146030,-0.00029169,-0.00108782
0.00146040,-0.00030614,-0.00110445
0.00146050,-0.00034495,-0.00111677
0.00146060,-0.00029672,-0.00112471
0.00146070,-0.00035639,-0.00112821
0.00146080,-0.00021052,-0.00112723
0.00146090,-0.00011812,-0.00112175
0.00146100,-0.00024299,-0.00111177
0.00146110,-0.00025533,-0.00109729
0.00146120,-0.00037510,-0.00107836
0.00146130,-0.00028038,-0.00105501
0.00146140,-0.00029798,-0.00102732
0.00146150,-0.00014085,-0.00099539
0.00146160,-0.00024154,-0.00095932
0.00146170,-0.00040652,-0.00091923
0.00146180,-0.00029947,-0.00087527
0.00146190,-0.00030857,-0.00082761
0.00146200,-0.00015301,-0.00077643
0.00146210,-0.00012197,-0.00072191
0.00146220,-0.00012623,-0.00066428
0.00146230,-0.00008891,-0.00060375
0.00146240,-0.00001651,-0.00054057
0.00146250,0.00022005,-0.00047499
0.00146260,0.00014266,-0.00040726
0.00146270,-0.00003699,-0.00033767
0.00146280,0.00000880,-0.00026649
0.00146290,-0.00002986,-0.00019401
0.00146300,-0.00008206,-0.00012052
0.00146310,0.00003529,-0.00004632
0.00146320,-0.00000358,0.00002828
0.00146330,0.00006842,0.00010298
0.00146340,-0.00002746,0.00017748
0.00146350,-0.00009916,0.00025146
0.00146360,0.00000768,0.00032464
0.00146370,0.00002237,0.00039669
0.00146380,-0.00006878,0.00046734
0.00146390,-0.00027272,0.00053629
0.00146400,-0.00035377,0.00060325
0.00146410,-0.00021671,0.00066794
0.00146420,-0.00018608,0.00073009
0.00146430,-0.00012152,0.00078945
0.00146440,-0.00007023,0.00084577
0.00146450,-0.00015302,0.00089879
0.00146460,-0.00001245,0.00094831
0.00146470,0.00003099,0.00099411
0.00146480,-0.00012094,0.00103599
0.00146490,-0.00011996,0.00107377
0.00146500,0.00000171,0.00110729
0.00146510,-0.00010841,0.00113639
0.00146520,-0.00016061,0.00116095
0.00146530,-0.00012514,0.00118086
0.00146540,-0.00013643,0.00119602
0.00146550,-0.00013055,0.00120637
0.00146560,-0.00011610,0.00121186
0.00146570,-0.00027810,0.00121245
0.00146580,-0.00035408,0.00120814
0.00146590,-0.00034124,0.00119894
0.00146600,-0.00030411,0.00118488
0.00146610,-0.00043433,0.00116602
0.00146620,-0.00029200,0.00114244
0.00146630,-0.00024047,0.00111423
0.00146640,-0.00019851,0.00108150
0.00146650,-0.00015965,0.00104439
0.00146660,-0.00026212,0.00100305
0.00146670,-0.00030369,0.00095766
0.00146680,-0.00035262,0.00090841
0.00146690,-0.00032320,0.00085549
0.00146700,-0.00048353,0.00079914
0.00146710,-0.00044906,0.00073958
0.00146720,-0.00049349,0.00067707
0.00146730,-0.00031193,0.00061186
0.00146740,-0.00025336,0.00054422
0.00146750,-0.00016168,0.00047443
0.00146760,-0.00008440,0.00040279
0.00146770,-0.00025046,0.00032959
0.00146780,-0.00017120,0.00025513
0.00146790,-0.00033437,0.00017972
0.00146800,-0.00019853,0.00010367
0.00146810,-0.00022981,0.00002728
0.00146820,-0.00020405,-0.00004911
0.00146830,-0.00035621,-0.00012521
0.00146840,-0.00037402,-0.00020070
0.00146850,-0.00034633,-0.00027526
0.00146860,-0.00037036,-0.00034861
0.00146870,-0.00014368,-0.00042043
0.00146880,-0.00009754,-0.00049044
0.00146890,-0.00013836,-0.00055835
0.00146900,-0.00033093,-0.00062389
0.00146910,-0.00051160,-0.00068679
0.00146920,-0.00029482,-0.00074680
0.00146930,-0.00012285,-0.00080368
0.00146940,-0.00014696,-0.00085721
0.00146950,-0.00044874,-0.00090716
0.00146960,-0.00049955,-0.00095336
0.00146970,-0.00049574,-0.00099561
0.00146980,-0.00031977,-0.00103375
0.00146990,-0.00011892,-0.00106763
0.00147000,0.00005147,-0.00109713
0.00147010,-0.00026437,-0.00112214
0.00147020,-0.00030582,-0.00114257
0.00147030,-0.00047307,-0.00115834
0.00147040,-0.00028003,-0.00116940
0.00147050,-0.00006125,-0.00117573
0.00147060,-0.00030539,-0.00117730
0.00147070,-0.00015498,-0.00117412
0.00147080,-0.00023797,-0.00116622
0.00147090,-0.00019702,-0.00115365
0.00147100,0.00003966,-0.00113646
0.00147110,0.00014558,-0.00111475
0.00147120,0.00021194,-0.00108862
0.00147130,0.00006540,-0.00105818
0.00147140,0.00010550,-0.00102358
0.00147150,-0.00005017,-0.00098497
0.00147160,-0.00015173,-0.00094252
0.00147170,-0.00001209,-0.00089641
0.00147180,-0.00000221,-0.00084686
0.00147190,-0.00020794,-0.00079408
0.00147200,-0.00001322,-0.00073829
0.00147210,-0.00011331,-0.00067974
0.00147220,-0.00004188,-0.00061869
0.00147230,-0.00008167,-0.00055539
0.00147240,-0.00031563,-0.00049011
0.00147250,-0.00012985,-0.00042314
0.00147260,-0.00025164,-0.00035476
0.00147270,-0.00009030,-0.00028526
0.00147280,0.00007031,-0.00021493
0.00147290,0.00003070,-0.00014407
0.00147300,-0.00002151,-0.00007298
0.00147310,-0.00011625,-0.00000195
0.00147320,-0.00019272,0.00006872
0.00147330,-0.00038892,0.00013874
0.00147340,-0.00029168,0.00020782
0.00147350,-0.00020313,0.00027568
0.00147360,-0.00002313,0.00034205
0.00147370,-0.00002221,0.00040665
0.00147380,-0.00012539,0.00046922
0.00147390,-0.00008402,0.00052953
0.00147400,-0.00010965,0.00058732
0.00147410,0.00015734,0.00064237
0.00147420,-0.00013204,0.00069448
0.00147430,-0.00020187,0.00074343
0.00147440,-0.00016144,0.00078905
0.00147450,-0.00020143,0.00083117
0.00147460,0.00006187,0.00086963
0.00147470,-0.00021051,0.00090429
0.00147480,-0.00011764,0.00093503
0.00147490,-0.00012282,0.00096176
0.00147500,-0.00031551,0.00098437
0.00147510,-0.00024645,0.00100281
0.00147520,-0.00043549,0.00101702
0.00147530,-0.00029245,0.00102697
0.00147540,-0.00036739,0.00103265
0.00147550,-0.00016506,0.00103405
0.00147560,-0.00013033,0.00103120
0.00147570,-0.00036403,0.00102414
0.00147580,-0.00025570,0.00101292
0.00147590,-0.00032297,0.00099762
0.00147600,-0.00047353,0.00097832
0.00147610,-0.00041850,0.00095513
0.00147620,-0.00035860,0.00092818
0.00147630,-0.00033008,0.00089760
0.00147640,-0.00052337,0.00086354
0.00147650,-0.00051281,0.00082617
0.00147660,-0.00052163,0.00078567
0.00147670,-0.00044027,0.00074223
0.00147680,-0.00041628,0.00069606
0.00147690,-0.00039521,0.00064736
0.00147700,-0.00026908,0.00059637
0.00147710,-0.00030518,0.00054331
0.00147720,-0.00040518,0.00048843
0.00147730,-0.00060107,0.00043197
0.00147740,-0.00036764,0.00037418
0.00147750,-0.00034088,0.00031532
0.00147760,-0.00031271,0.00025565
0.00147770,-0.00010290,0.00019543
0.00147780,-0.00017449,0.00013492
0.00147790,-0.00022473,0.00007438
0.00147800,-0.00031150,0.00001407
0.00147810,-0.00027884,-0.00004576
0.00147820,-0.00022501,-0.00010485
0.00147830,-0.00014918,-0.00016296
0.00147840,-0.00029906,-0.00021985
0.00147850,-0.00040422,-0.00027529
0.00147860,-0.00013062,-0.00032905
0.00147870,-0.00009082,-0.00038093
0.00147880,-0.00015385,-0.00043072
0.00147890,-0.00005047,-0.00047822
0.00147900,-0.00017651,-0.00052327
0.00147910,0.00001856,-0.00056569
0.00147920,-0.00023259,-0.00060533
0.00147930,-0.00026813,-0.00064205
0.00147940,-0.00011988,-0.00067573
0.00147950,-0.00005404,-0.00070625
0.00147960,-0.00017135,-0.00073352
0.00147970,-0.00020925,-0.00075746
0.00147980,-0.00013229,-0.00077800
0.00147990,-0.00022922,-0.00079510
0.00148000,-0.00019948,-0.00080871
0.00148010,-0.00023968,-0.00081882
0.00148020,-0.00018027,-0.00082543
0.00148030,0.00000264,-0.00082854
0.00148040,-0.00004485,-0.00082818
0.00148050,0.00000365,-0.00082439
0.00148060,-0.00023318,-0.00081723
0.00148070,-0.00030342,-0.00080676
0.00148080,-0.00024920,-0.00079308
0.00148090,-0.00021407,-0.00077626
0.00148100,-0.00006542,-0.00075644
0.00148110,-0.00013662,-0.00073372
0.00148120,-0.00019789,-0.00070824
0.00148130,-0.00016729,-0.00068014
0.00148140,-0.00020746,-0.00064959
0.00148150,-0.00007702,-0.00061674
0.00148160,-0.00024187,-0.00058177
0.00148170,-0.00009014,-0.00054487
0.00148180,-0.00036879,-0.00050621
0.00148190,-0.00036461,-0.00046600
0.00148200,-0.00025442,-0.00042443
0.00148210,-0.00024494,-0.00038170
0.00148220,-0.00025758,-0.00033802
0.00148230,-0.00025772,-0.00029359
0.00148240,-0.00014012,-0.00024862
0.00148250,-0.00018121,-0.00020331
0.00148260,-0.00025860,-0.00015787
0.00148270,-0.00030031,-0.00011249
0.00148280,-0.00042605,-0.00006736
0.00148290,-0.00030413,-0.00002267
0.00148300,-0.00021439,0.00002140
0.00148310,-0.00043038,0.00006466
0.00148320,-0.00036444,0.00010696
0.00148330,-0.00037372,0.00014813
0.00148340,-0.00043859,0.00018804
0.00148350,-0.00024440,0.00022653
0.00148360,-0.00031332,0.00026348
0.00148370,-0.00038080,0.00029877
0.00148380,-0.00049198,0.00033229
0.00148390,-0.00047293,0.00036395
0.00148400,-0.00024578,0.00039365
0.00148410,-0.00043754,0.00042132
0.00148420,-0.00051127,0.00044690
0.00148430,-0.00045499,0.00047034
0.00148440,-0.00028627,0.00049158
0.00148450,-0.00039698,0.00051060
0.00148460,-0.00045824,0.00052738
0.00148470,-0.00028568,0.00054190
0.00148480,-0.00033308,0.00055416
0.00148490,-0.00026545,0.00056417
0.00148500,-0.00027305,0.00057195
0.00148510,-0.00025837,0.00057752
0.00148520,-0.00040158,0.00058093
0.00148530,-0.00033384,0.00058220
0.00148540,-0.00036867,0.00058140
0.00148550,-0.00051056,0.00057857
0.00148560,-0.00039335,0.00057380
0.00148570,-0.00027380,0.00056714
0.00148580,-0.00029254,0.00055868
0.00148590,-0.00029771,0.00054850
0.00148600,-0.00031245,0.00053668
0.00148610,-0.00036690,0.00052331
0.00148620,-0.00029337,0.00050850
0.00148630,-0.00035046,0.00049233
0.00148640,-0.00036366,0.00047490
0.00148650,-0.00026424,0.00045632
0.00148660,-0.00024740,0.00043668
0.00148670,-0.00020527,0.00041610
0.00148680,-0.00004496,0.00039466
0.00148690,-0.00000384,0.00037247
0.00148700,-0.00006386,0.00034963
0.00148710,-0.00015866,0.00032624
0.00148720,-0.00028610,0.00030239
0.00148730,-0.00048157,0.00027817
0.00148740,-0.00026057,0.00025368
0.00148750,-0.00027220,0.00022899
0.00148760,-0.00029788,0.00020420
0.00148770,-0.00022141,0.00017937
0.00148780,-0.00028927,0.00015458
0.00148790,-0.00011694,0.00012990
0.00148800,-0.00020850,0.00010540
0.00148810,-0.00028717,0.00008113
0.00148820,-0.00032026,0.00005714
0.00148830,-0.00036810,0.00003350
0.00148840,-0.00028517,0.00001024
0.00148850,-0.00026318,-0.00001259
0.00148860,-0.00015438,-0.00003496
0.00148870,-0.00008350,-0.00005683
0.00148880,-0.00006735,-0.00007817
0.00148890,-0.00008435,-0.00009896
0.00148900,0.00012251,-0.00011917
0.00148910,0.00004812,-0.00013879
0.00148920,0.00004027,-0.00015780
0.00148930,0.00007897,-0.00017619
0.00148940,-0.00008905,-0.00019396
0.00148950,-0.00015417,-0.00021108
0.00148960,-0.00018464,-0.00022756
0.00148970,-0.00007350,-0.00024340
0.00148980,-0.00021310,-0.00025859
0.00148990,-0.00017365,-0.00027313
0.00149000,-0.00025926,-0.00028703
0.00149010,-0.00024935,-0.00030028
0.00149020,-0.00013193,-0.00031289
0.00149030,-0.00022480,-0.00032487
0.00149040,-0.00009128,-0.00033621
0.00149050,-0.00017361,-0.00034692
0.00149060,-0.00008903,-0.00035700
0.00149070,-0.00011757,-0.00036646
0.00149080,-0.00005435,-0.00037530
0.00149090,-0.00008837,-0.00038351
0.00149100,-0.00018569,-0.00039111
0.00149110,-0.00007452,-0.00039807
0.00149120,-0.00006180,-0.00040441
0.00149130,-0.00011202,-0.00041012
0.00149140,-0.00020636,-0.00041518
0.00149150,-0.00026506,-0.00041958
0.00149160,-0.00026652,-0.00042332
0.00149170,-0.00025939,-0.00042638
0.00149180,-0.00027308,-0.00042875
0.00149190,-0.00038081,-0.00043039
0.00149200,-0.00016687,-0.00043131
0.00149210,-0.00016527,-0.00043146
0.00149220,-0.00013547,-0.00043083
0.00149230,-0.00023441,-0.00042939
0.00149240,-0.00012003,-0.00042712
0.00149250,-0.00014886,-0.00042399
0.00149260,-0.00019810,-0.00041997
0.00149270,-0.00024401,-0.00041503
0.00149280,-0.00039919,-0.00040915
0.00149290,-0.00026100,-0.00040230
0.00149300,-0.00029415,-0.00039446
0.00149310,-0.00005555,-0.00038560
0.00149320,-0.00003334,-0.00037570
0.00149330,-0.00030132,-0.00036475
0.00149340,-0.00027259,-0.00035272
0.00149350,-0.00030776,-0.00033961
0.00149360,-0.00035053,-0.00032541
0.00149370,-0.00039673,-0.00031012
0.00149380,-0.00041403,-0.00029372
0.00149390,-0.00046149,-0.00027624
0.00149400,-0.00042457,-0.00025768
0.00149410,-0.00048987,-0.00023805
0.00149420,-0.00045161,-0.00021736
0.00149430,-0.00044198,-0.00019566
0.00149440,-0.00073007,-0.00017297
0.00149450,-0.00078638,-0.00014931
0.00149460,-0.00050697,-0.00012475
0.00149470,-0.00047165,-0.00009931
0.00149480,-0.00054121,-0.00007306
0.00149490,-0.00054107,-0.00004605
0.00149500,-0.00055225,-0.00001835
0.00149510,-0.00035735,0.00000999
0.00149520,-0.00044565,0.00003888
0.00149530,-0.00025950,0.00006825
0.00149540,-0.00018282,0.00009801
0.00149550,-0.00046256,0.00012809
0.00149560,-0.00036280,0.00015839
0.00149570,-0.00046288,0.00018882
0.00149580,-0.00046491,0.00021928
0.00149590,-0.00046661,0.00024967
0.00149600,-0.00050495,0.00027989
0.00149610,-0.00050455,0.00030983
0.00149620,-0.00056132,0.00033939
0.00149630,-0.00044107,0.00036845
0.00149640,-0.00060597,0.00039690
0.00149650,-0.00020559,0.00042464
0.00149660,-0.00036288,0.00045154
0.00149670,-0.00015163,0.00047750
0.00149680,-0.00007877,0.00050240
0.00149690,-0.00029728,0.00052614
0.00149700,0.00000874,0.00054861
0.00149710,-0.00014500,0.00056970
0.00149720,0.00002181,0.00058931
0.00149730,-0.00017029,0.00060734
0.00149740,-0.00024137,0.00062369
0.00149750,-0.00017013,0.00063828
0.00149760,-0.00010460,0.00065102
0.00149770,-0.00005941,0.00066183
0.00149780,-0.00018461,0.00067063
0.00149790,-0.00019873,0.00067737
0.00149800,-0.00037487,0.00068197
0.00149810,-0.00035826,0.00068438
0.00149820,-0.00016754,0.00068456
0.00149830,-0.00002447,0.00068247
0.00149840,0.00003149,0.00067808
0.00149850,0.00004306,0.00067137
0.00149860,-0.00007600,0.00066233
0.00149870,0.00016763,0.00065095
0.00149880,-0.00003050,0.00063724
0.00149890,-0.00000280,0.00062121
0.00149900,-0.00015224,0.00060288
0.00149910,-0.00005801,0.00058230
0.00149920,0.00000062,0.00055950
0.00149930,0.00002138,0.00053453
0.00149940,0.00015939,0.00050745
0.00149950,-0.00014652,0.00047834
0.00149960,0.00010889,0.00044727
0.00149970,-0.00000934,0.00041433
0.00149980,0.00004371,0.00037961
0.00149990,0.00012637,0.00034322
