0.00000000,-0.00024604,-0.00000000
0.00000010,-0.00011830,-0.00000004
0.00000020,-0.00025051,-0.00000026
0.00000030,-0.00004407,-0.00000105
0.00000040,-0.00020766,-0.00000318
0.00000050,-0.00033361,-0.00000768
0.00000060,-0.00032421,-0.00001554
0.00000070,-0.00041582,-0.00002721
0.00000080,-0.00031382,-0.00004212
0.00000090,-0.00033970,-0.00005847
0.00000100,-0.00026589,-0.00007338
0.00000110,-0.00033725,-0.00008331
0.00000120,-0.00034749,-0.00008474
0.00000130,-0.00020438,-0.00007492
0.00000140,-0.00014468,-0.00005244
0.00000150,-0.00027176,-0.00001763
0.00000160,-0.00026144,0.00002737
0.00000170,-0.00013565,0.00007884
0.00000180,-0.00017999,0.00013192
0.00000190,-0.00010469,0.00018128
0.00000200,-0.00019977,0.00022170
0.00000210,-0.00014863,0.00024876
0.00000220,0.00001673,0.00025923
0.00000230,-0.00013409,0.00025145
0.00000240,-0.00004313,0.00022539
0.00000250,-0.00001944,0.00018260
0.00000260,0.00002333,0.00012600
0.00000270,0.00025913,0.00005954
0.00000280,0.00013954,-0.00001218
0.00000290,0.00015395,-0.00008437
0.00000300,0.00016927,-0.00015238
0.00000310,0.00010664,-0.00021213
0.00000320,0.00016375,-0.00026026
0.00000330,-0.00000243,-0.00029440
0.00000340,0.00011624,-0.00031319
0.00000350,0.00004169,-0.00031627
0.00000360,0.00004907,-0.00030423
0.00000370,0.00003819,-0.00027847
0.00000380,-0.00022027,-0.00024102
0.00000390,-0.00026618,-0.00019433
0.00000400,-0.00024557,-0.00014116
0.00000410,-0.00021472,-0.00008430
0.00000420,-0.00020355,-0.00002646
0.00000430,-0.00017338,0.00002985
0.00000440,-0.00018371,0.00008243
0.00000450,-0.00028984,0.00012940
0.00000460,-0.00023398,0.00016919
0.00000470,-0.00030773,0.00020057
0.00000480,-0.00037272,0.00022264
0.00000490,-0.00026045,0.00023478
0.00000500,-0.00021433,0.00023674
0.00000510,-0.00005688,0.00022864
0.00000520,-0.00000854,0.00021103
0.00000530,-0.00011285,0.00018490
0.00000540,0.00010601,0.00015168
0.00000550,0.00015042,0.00011316
0.00000560,0.00002668,0.00007142
0.00000570,-0.00004625,0.00002865
0.00000580,0.00002848,-0.00001297
0.00000590,0.00006584,-0.00005144
0.00000600,0.00017587,-0.00008511
0.00000610,0.00019443,-0.00011278
0.00000620,0.00004636,-0.00013371
0.00000630,0.00012824,-0.00014760
0.00000640,0.00002713,-0.00015454
0.00000650,-0.00011028,-0.00015486
0.00000660,-0.00013894,-0.00014906
0.00000670,-0.00023349,-0.00013770
0.00000680,-0.00025759,-0.00012140
0.00000690,-0.00025063,-0.00010082
0.00000700,-0.00018639,-0.00007667
0.00000710,-0.00039515,-0.00004970
0.00000720,-0.00032619,-0.00002082
0.00000730,-0.00025733,0.00000900
0.00000740,-0.00033736,0.00003866
0.00000750,-0.00034403,0.00006699
0.00000760,-0.00021078,0.00009281
0.00000770,-0.00027420,0.00011499
0.00000780,-0.00030338,0.00013253
0.00000790,-0.00019471,0.00014465
0.00000800,-0.00006719,0.00015087
0.00000810,-0.00000935,0.00015101
0.00000820,0.00005275,0.00014522
0.00000830,-0.00004372,0.00013388
0.00000840,0.00001264,0.00011758
0.00000850,-0.00000411,0.00009700
0.00000860,-0.00011254,0.00007283
0.00000870,-0.00005221,0.00004582
0.00000880,0.00010918,0.00001675
0.00000890,0.00021623,-0.00001353
0.00000900,0.00020892,-0.00004407
0.00000910,0.00011799,-0.00007377
0.00000920,0.00011715,-0.00010146
0.00000930,-0.00008660,-0.00012594
0.00000940,-0.00001757,-0.00014601
0.00000950,-0.00013609,-0.00016066
0.00000960,-0.00010644,-0.00016904
0.00000970,-0.00000317,-0.00017056
0.00000980,-0.00008734,-0.00016492
0.00000990,-0.00006786,-0.00015212
0.00001000,-0.00020759,-0.00013245
0.00001010,-0.00018873,-0.00010650
0.00001020,-0.00031095,-0.00007508
0.00001030,-0.00026948,-0.00003927
0.00001040,-0.00014584,-0.00000035
0.00001050,-0.00023031,0.00004024
0.00001060,-0.00026497,0.00008086
0.00001070,-0.00031761,0.00011979
0.00001080,-0.00028735,0.00015520
0.00001090,-0.00026519,0.00018522
0.00001100,-0.00029410,0.00020808
0.00001110,-0.00030925,0.00022219
0.00001120,-0.00016818,0.00022631
0.00001130,-0.00017025,0.00021959
0.00001140,-0.00010775,0.00020175
0.00001150,0.00003992,0.00017303
0.00001160,0.00012198,0.00013421
0.00001170,-0.00001744,0.00008662
0.00001180,0.00015303,0.00003203
0.00001190,0.00017223,-0.00002731
0.00001200,0.00008724,-0.00008883
0.00001210,0.00040698,-0.00014966
0.00001220,0.00021252,-0.00020683
0.00001230,0.00017306,-0.00025737
0.00001240,0.00004464,-0.00029855
0.00001250,-0.00010312,-0.00032802
0.00001260,-0.00006880,-0.00034393
0.00001270,-0.00025472,-0.00034502
0.00001280,-0.00006548,-0.00033072
0.00001290,-0.00021643,-0.00030113
0.00001300,-0.00002115,-0.00025703
0.00001310,-0.00021423,-0.00019991
0.00001320,-0.00028431,-0.00013183
0.00001330,-0.00023512,-0.00005544
0.00001340,-0.00039406,0.00002617
0.00001350,-0.00027805,0.00010963
0.00001360,-0.00038756,0.00019135
0.00001370,-0.00035586,0.00026772
0.00001380,-0.00021645,0.00033525
0.00001390,-0.00032423,0.00039071
0.00001400,-0.00020907,0.00043132
0.00001410,-0.00012969,0.00045483
0.00001420,-0.00020463,0.00045973
0.00001430,-0.00026179,0.00044527
0.00001440,-0.00021166,0.00041162
0.00001450,0.00009229,0.00035984
0.00001460,0.00011238,0.00029188
0.00001470,0.00017770,0.00021055
0.00001480,-0.00004012,0.00011930
0.00001490,-0.00007828,0.00002209
0.00001500,0.00000506,-0.00007684
0.00001510,0.00012647,-0.00017321
0.00001520,0.00001153,-0.00026287
0.00001530,-0.00008581,-0.00034203
0.00001540,0.00010090,-0.00040737
0.00001550,-0.00007729,-0.00045619
0.00001560,-0.00007284,-0.00048646
0.00001570,-0.00011300,-0.00049687
0.00001580,-0.00014063,-0.00048689
0.00001590,-0.00038305,-0.00045682
0.00001600,-0.00045404,-0.00040783
0.00001610,-0.00029365,-0.00034196
0.00001620,-0.00028371,-0.00026203
0.00001630,-0.00012176,-0.00017151
0.00001640,-0.00034872,-0.00007437
0.00001650,-0.00021775,0.00002510
0.00001660,-0.00021495,0.00012252
0.00001670,-0.00019820,0.00021363
0.00001680,-0.00012901,0.00029452
0.00001690,-0.00013061,0.00036180
0.00001700,-0.00020422,0.00041281
0.00001710,-0.00009465,0.00044565
0.00001720,0.00000024,0.00045927
0.00001730,0.00002663,0.00045349
0.00001740,-0.00013487,0.00042893
0.00001750,-0.00033697,0.00038701
0.00001760,-0.00022830,0.00032986
0.00001770,-0.00027694,0.00026026
0.00001780,-0.00018043,0.00018148
0.00001790,-0.00028546,0.00009722
0.00001800,-0.00011370,0.00001136
0.00001810,-0.00002136,-0.00007218
0.00001820,0.00001178,-0.00014967
0.00001830,0.00008130,-0.00021775
0.00001840,0.00009181,-0.00027367
0.00001850,0.00000247,-0.00031541
0.00001860,-0.00026534,-0.00034173
0.00001870,-0.00020830,-0.00035221
0.00001880,-0.00027549,-0.00034722
0.00001890,0.00008801,-0.00032784
0.00001900,0.00006402,-0.00029573
0.00001910,-0.00000152,-0.00025309
0.00001920,0.00009856,-0.00020243
0.00001930,-0.00002190,-0.00014650
0.00001940,0.00002224,-0.00008810
0.00001950,0.00004426,-0.00002998
0.00001960,0.00023099,0.00002532
0.00001970,0.00019330,0.00007559
0.00001980,0.00010458,0.00011900
0.00001990,-0.00007783,0.00015417
0.00002000,-0.00009102,0.00018020
0.00002010,0.00009279,0.00019663
0.00002020,0.00008471,0.00020344
0.00002030,-0.00002210,0.00020103
0.00002040,0.00002626,0.00019015
0.00002050,0.00010412,0.00017195
0.00002060,0.00004327,0.00014787
0.00002070,-0.00010178,0.00011962
0.00002080,-0.00010061,0.00008905
0.00002090,-0.00012825,0.00005804
0.00002100,-0.00023649,0.00002836
0.00002110,-0.00016978,0.00000155
0.00002120,-0.00039946,-0.00002119
0.00002130,-0.00037851,-0.00003903
0.00002140,-0.00050383,-0.00005157
0.00002150,-0.00047021,-0.00005880
0.00002160,-0.00017842,-0.00006106
0.00002170,-0.00028748,-0.00005902
0.00002180,-0.00018231,-0.00005354
0.00002190,-0.00021178,-0.00004562
0.00002200,-0.00011815,-0.00003634
0.00002210,-0.00002460,-0.00002675
0.00002220,-0.00000433,-0.00001779
0.00002230,0.00013246,-0.00001024
0.00002240,0.00018775,-0.00000465
0.00002250,0.00006447,-0.00000140
0.00002260,-0.00013253,-0.00000065
0.00002270,-0.00002235,-0.00000242
0.00002280,0.00003462,-0.00000660
0.00002290,0.00003236,-0.00001296
0.00002300,-0.00004606,-0.00002113
0.00002310,-0.00006158,-0.00003061
0.00002320,-0.00013419,-0.00004075
0.00002330,-0.00005754,-0.00005072
0.00002340,-0.00014612,-0.00005957
0.00002350,-0.00022355,-0.00006633
0.00002360,-0.00023887,-0.00007008
0.00002370,-0.00017430,-0.00007011
0.00002380,-0.00015021,-0.00006597
0.00002390,-0.00047119,-0.00005753
0.00002400,-0.00023877,-0.00004499
0.00002410,-0.00029986,-0.00002888
0.00002420,-0.00036927,-0.00001001
0.00002430,-0.00018638,0.00001062
0.00002440,-0.00010857,0.00003186
0.00002450,0.00006443,0.00005246
0.00002460,-0.00004326,0.00007120
0.00002470,0.00004340,0.00008689
0.00002480,0.00000215,0.00009847
0.00002490,0.00006079,0.00010512
0.00002500,0.00010352,0.00010625
0.00002510,0.00009885,0.00010163
0.00002520,0.00004290,0.00009133
0.00002530,0.00009036,0.00007581
0.00002540,0.00012866,0.00005587
0.00002550,0.00009045,0.00003263
0.00002560,0.00008671,0.00000746
0.00002570,0.00011456,-0.00001805
0.00002580,0.00008692,-0.00004224
0.00002590,0.00002179,-0.00006346
0.00002600,-0.00011287,-0.00008021
0.00002610,-0.00023819,-0.00009124
0.00002620,-0.00021344,-0.00009567
0.00002630,-0.00013264,-0.00009304
0.00002640,-0.00023308,-0.00008333
0.00002650,-0.00026296,-0.00006699
0.00002660,-0.00008803,-0.00004492
0.00002670,-0.00030106,-0.00001842
0.00002680,-0.00026897,0.00001090
0.00002690,-0.00030930,0.00004115
0.00002700,-0.00010602,0.00007034
0.00002710,0.00004207,0.00009650
0.00002720,-0.00018736,0.00011777
0.00002730,-0.00005336,0.00013260
0.00002740,0.00000197,0.00013980
0.00002750,0.00004576,0.00013861
0.00002760,0.00003934,0.00012878
0.00002770,0.00012179,0.00011050
0.00002780,0.00001423,0.00008443
0.00002790,0.00026188,0.00005160
0.00002800,0.00019596,0.00001340
0.00002810,0.00019834,-0.00002850
0.00002820,0.00014512,-0.00007220
0.00002830,0.00012419,-0.00011566
0.00002840,0.00027488,-0.00015668
0.00002850,0.00018069,-0.00019305
0.00002860,0.00017844,-0.00022263
0.00002870,-0.00006036,-0.00024345
0.00002880,-0.00024012,-0.00025388
0.00002890,-0.00026542,-0.00025273
0.00002900,-0.00023807,-0.00023934
0.00002910,-0.00003564,-0.00021366
0.00002920,-0.00011777,-0.00017635
0.00002930,-0.00013342,-0.00012871
0.00002940,-0.00022548,-0.00007269
0.00002950,-0.00035537,-0.00001075
0.00002960,-0.00041735,0.00005426
0.00002970,-0.00045203,0.00011926
0.00002980,-0.00033460,0.00018119
0.00002990,-0.00049465,0.00023711
0.00003000,-0.00049110,0.00028441
0.00003010,-0.00043328,0.00032091
0.00003020,-0.00040032,0.00034493
0.00003030,-0.00010180,0.00035536
0.00003040,-0.00004639,0.00035164
0.00003050,0.00006630,0.00033374
0.00003060,-0.00008278,0.00030215
0.00003070,-0.00010868,0.00025784
0.00003080,-0.00006719,0.00020224
0.00003090,0.00014273,0.00013723
0.00003100,0.00040226,0.00006515
0.00003110,0.00022728,-0.00001124
0.00003120,0.00046806,-0.00008886
0.00003130,0.00048913,-0.00016444
0.00003140,0.00020622,-0.00023464
0.00003150,0.00027119,-0.00029628
0.00003160,0.00026153,-0.00034652
0.00003170,0.00008724,-0.00038306
0.00003180,0.00014675,-0.00040425
0.00003190,0.00011358,-0.00040923
0.00003200,0.00015686,-0.00039787
0.00003210,-0.00006688,-0.00037083
0.00003220,-0.00013763,-0.00032942
0.00003230,-0.00011875,-0.00027552
0.00003240,-0.00024855,-0.00021144
0.00003250,-0.00006282,-0.00013982
0.00003260,-0.00034392,-0.00006355
0.00003270,-0.00028070,0.00001439
0.00003280,-0.00032245,0.00009098
0.00003290,-0.00026820,0.00016329
0.00003300,-0.00036784,0.00022858
0.00003310,-0.00048450,0.00028444
0.00003320,-0.00020285,0.00032888
0.00003330,-0.00045394,0.00036044
0.00003340,-0.00027738,0.00037821
0.00003350,-0.00019757,0.00038186
0.00003360,-0.00028937,0.00037163
0.00003370,-0.00019107,0.00034827
0.00003380,-0.00012881,0.00031299
0.00003390,-0.00016295,0.00026741
0.00003400,-0.00008406,0.00021351
0.00003410,-0.00011269,0.00015350
0.00003420,0.00006632,0.00008977
0.00003430,0.00023181,0.00002478
0.00003440,0.00016064,-0.00003911
0.00003450,0.00031007,-0.00009969
0.00003460,0.00012933,-0.00015505
0.00003470,0.00011402,-0.00020359
0.00003480,-0.00004857,-0.00024407
0.00003490,0.00020568,-0.00027557
0.00003500,0.00024142,-0.00029746
0.00003510,0.00008481,-0.00030937
0.00003520,0.00007650,-0.00031118
0.00003530,-0.00001595,-0.00030307
0.00003540,-0.00000167,-0.00028547
0.00003550,-0.00008722,-0.00025913
0.00003560,-0.00002420,-0.00022507
0.00003570,-0.00000723,-0.00018461
0.00003580,-0.00018213,-0.00013930
0.00003590,-0.00008532,-0.00009086
0.00003600,-0.00032667,-0.00004113
0.00003610,-0.00042435,0.00000814
0.00003620,-0.00022793,0.00005528
0.00003630,-0.00030441,0.00009887
0.00003640,-0.00014897,0.00013780
0.00003650,-0.00000228,0.00017123
0.00003660,-0.00000391,0.00019865
0.00003670,-0.00023616,0.00021975
0.00003680,-0.00035521,0.00023441
0.00003690,-0.00025692,0.00024263
0.00003700,-0.00019257,0.00024444
0.00003710,-0.00009747,0.00023997
0.00003720,-0.00021421,0.00022939
0.00003730,-0.00028975,0.00021294
0.00003740,-0.00023597,0.00019101
0.00003750,-0.00016165,0.00016414
0.00003760,-0.00010407,0.00013301
0.00003770,-0.00000405,0.00009845
0.00003780,0.00012606,0.00006139
0.00003790,0.00026488,0.00002282
0.00003800,0.00023505,-0.00001625
0.00003810,0.00013353,-0.00005487
0.00003820,0.00012703,-0.00009210
0.00003830,0.00011148,-0.00012704
0.00003840,0.00009750,-0.00015881
0.00003850,0.00007161,-0.00018653
0.00003860,0.00007311,-0.00020933
0.00003870,-0.00003302,-0.00022636
0.00003880,-0.00017072,-0.00023690
0.00003890,-0.00021654,-0.00024034
0.00003900,-0.00008381,-0.00023629
0.00003910,-0.00018521,-0.00022461
0.00003920,-0.00023701,-0.00020546
0.00003930,-0.00032419,-0.00017930
0.00003940,-0.00032845,-0.00014689
0.00003950,-0.00048866,-0.00010923
0.00003960,-0.00027653,-0.00006755
0.00003970,-0.00007402,-0.00002321
0.00003980,-0.00017158,0.00002225
0.00003990,-0.00016414,0.00006727
0.00004000,-0.00008220,0.00011022
0.00004010,-0.00011388,0.00014949
0.00004020,-0.00009787,0.00018351
0.00004030,-0.00005158,0.00021080
0.00004040,-0.00024663,0.00023000
0.00004050,-0.00023502,0.00024001
0.00004060,-0.00008726,0.00024007
0.00004070,-0.00005282,0.00022984
0.00004080,0.00010874,0.00020954
0.00004090,0.00017989,0.00017998
0.00004100,0.00002542,0.00014251
0.00004110,0.00013559,0.00009894
0.00004120,0.00026030,0.00005145
0.00004130,0.00010738,0.00000238
0.00004140,0.00018637,-0.00004585
0.00004150,0.00006404,-0.00009091
0.00004160,-0.00012236,-0.00013061
0.00004170,-0.00003102,-0.00016299
0.00004180,-0.00003162,-0.00018640
0.00004190,0.00005955,-0.00019957
0.00004200,0.00002941,-0.00020169
0.00004210,-0.00002340,-0.00019251
0.00004220,0.00004251,-0.00017240
0.00004230,-0.00015513,-0.00014238
0.00004240,-0.00025700,-0.00010407
0.00004250,-0.00030691,-0.00005963
0.00004260,-0.00055070,-0.00001159
0.00004270,-0.00057990,0.00003732
0.00004280,-0.00053042,0.00008432
0.00004290,-0.00041118,0.00012676
0.00004300,-0.00033709,0.00016225
0.00004310,-0.00043086,0.00018879
0.00004320,-0.00030689,0.00020484
0.00004330,-0.00044240,0.00020936
0.00004340,-0.00032418,0.00020192
0.00004350,-0.00015832,0.00018261
0.00004360,-0.00002517,0.00015211
0.00004370,0.00009886,0.00011158
0.00004380,0.00005833,0.00006270
0.00004390,0.00015930,0.00000758
0.00004400,0.00011030,-0.00005133
0.00004410,0.00003624,-0.00011123
0.00004420,0.00023302,-0.00016918
0.00004430,0.00035421,-0.00022213
0.00004440,0.00048001,-0.00026712
0.00004450,0.00032096,-0.00030140
0.00004460,0.00014270,-0.00032264
0.00004470,0.00000159,-0.00032904
0.00004480,-0.00000475,-0.00031953
0.00004490,0.00004071,-0.00029378
0.00004500,0.00019739,-0.00025231
0.00004510,0.00019249,-0.00019645
0.00004520,0.00006999,-0.00012824
0.00004530,0.00005353,-0.00005040
0.00004540,-0.00011050,0.00003385
0.00004550,-0.00027780,0.00012085
0.00004560,-0.00018410,0.00020670
0.00004570,-0.00022576,0.00028737
0.00004580,-0.00003060,0.00035894
0.00004590,-0.00029864,0.00041774
0.00004600,-0.00017759,0.00046060
0.00004610,-0.00014025,0.00048500
0.00004620,-0.00016380,0.00048924
0.00004630,-0.00007202,0.00047251
0.00004640,-0.00005975,0.00043495
0.00004650,-0.00024716,0.00037767
0.00004660,-0.00040957,0.00030265
0.00004670,-0.00016974,0.00021276
0.00004680,-0.00018341,0.00011156
0.00004690,-0.00016669,0.00000318
0.00004700,-0.00016676,-0.00010786
0.00004710,-0.00007906,-0.00021685
0.00004720,-0.00000779,-0.00031911
0.00004730,-0.00019279,-0.00041016
0.00004740,-0.00004561,-0.00048597
0.00004750,0.00002321,-0.00054313
0.00004760,-0.00009059,-0.00057904
0.00004770,-0.00021721,-0.00059200
0.00004780,0.00000484,-0.00058134
0.00004790,0.00012879,-0.00054740
0.00004800,0.00014315,-0.00049156
0.00004810,0.00008890,-0.00041613
0.00004820,0.00011553,-0.00032430
0.00004830,0.00010336,-0.00021993
0.00004840,0.00019149,-0.00010736
0.00004850,0.00038538,0.00000881
0.00004860,0.00021729,0.00012391
0.00004870,0.00006832,0.00023340
0.00004880,0.00004930,0.00033301
0.00004890,0.00002680,0.00041890
0.00004900,0.00000342,0.00048784
0.00004910,-0.00007472,0.00053726
0.00004920,-0.00019136,0.00056545
0.00004930,-0.00014123,0.00057157
0.00004940,-0.00011500,0.00055573
0.00004950,-0.00020290,0.00051893
0.00004960,-0.00040070,0.00046308
0.00004970,-0.00034366,0.00039080
0.00004980,-0.00033251,0.00030535
0.00004990,-0.00055407,0.00021041
0.00005000,-0.00038206,0.00010999
0.00005010,-0.00047199,0.00000818
0.00005020,-0.00051822,-0.00009099
0.00005030,-0.00044197,-0.00018371
0.00005040,-0.00042748,-0.00026651
0.00005050,-0.00018012,-0.00033644
0.00005060,-0.00041531,-0.00039115
0.00005070,-0.00031586,-0.00042894
0.00005080,-0.00008430,-0.00044886
0.00005090,0.00000292,-0.00045071
0.00005100,0.00014702,-0.00043499
0.00005110,-0.00002479,-0.00040296
0.00005120,0.00004548,-0.00035653
0.00005130,0.00029003,-0.00029822
0.00005140,0.00033812,-0.00023100
0.00005150,0.00026786,-0.00015813
0.00005160,0.00012763,-0.00008295
0.00005170,0.00015137,-0.00000872
0.00005180,0.00013957,0.00006156
0.00005190,0.00018804,0.00012527
0.00005200,0.00020389,0.00018024
0.00005210,0.00021897,0.00022481
0.00005220,0.00013192,0.00025787
0.00005230,0.00002758,0.00027880
0.00005240,-0.00001855,0.00028754
0.00005250,-0.00013857,0.00028449
0.00005260,-0.00013188,0.00027050
0.00005270,-0.00018623,0.00024687
0.00005280,-0.00024081,0.00021524
0.00005290,-0.00023696,0.00017752
0.00005300,-0.00011414,0.00013580
0.00005310,-0.00035792,0.00009220
0.00005320,-0.00019026,0.00004880
0.00005330,-0.00025246,0.00000746
0.00005340,-0.00039557,-0.00003018
0.00005350,-0.00027921,-0.00006285
0.00005360,-0.00033869,-0.00008963
0.00005370,-0.00032252,-0.00010999
0.00005380,-0.00053188,-0.00012381
0.00005390,-0.00026874,-0.00013135
0.00005400,-0.00011044,-0.00013317
0.00005410,-0.00025439,-0.00013012
0.00005420,-0.00004056,-0.00012322
0.00005430,-0.00016759,-0.00011358
0.00005440,-0.00018429,-0.00010227
0.00005450,-0.00005958,-0.00009030
0.00005460,-0.00005016,-0.00007848
0.00005470,0.00012115,-0.00006737
0.00005480,0.00003277,-0.00005725
0.00005490,0.00006401,-0.00004813
0.00005500,-0.00001733,-0.00003980
0.00005510,-0.00007558,-0.00003188
0.00005520,-0.00017138,-0.00002393
0.00005530,-0.00028504,-0.00001552
0.00005540,-0.00014617,-0.00000631
0.00005550,-0.00021855,0.00000394
0.00005560,-0.00006268,0.00001529
0.00005570,-0.00027767,0.00002768
0.00005580,-0.00029578,0.00004096
0.00005590,-0.00044936,0.00005489
0.00005600,-0.00032038,0.00006917
0.00005610,-0.00010872,0.00008339
0.00005620,-0.00042531,0.00009704
0.00005630,-0.00034846,0.00010945
0.00005640,-0.00029888,0.00011980
0.00005650,-0.00019196,0.00012717
0.00005660,-0.00006610,0.00013061
0.00005670,0.00006401,0.00012920
0.00005680,0.00018932,0.00012223
0.00005690,0.00008316,0.00010929
0.00005700,0.00017292,0.00009038
0.00005710,0.00011426,0.00006591
0.00005720,0.00018913,0.00003676
0.00005730,0.00014803,0.00000411
0.00005740,0.00015356,-0.00003057
0.00005750,0.00008751,-0.00006569
0.00005760,0.00001687,-0.00009966
0.00005770,0.00007437,-0.00013090
0.00005780,-0.00009726,-0.00015800
0.00005790,-0.00010494,-0.00017967
0.00005800,-0.00030507,-0.00019486
0.00005810,-0.00030194,-0.00020275
0.00005820,-0.00020776,-0.00020277
0.00005830,-0.00032048,-0.00019461
0.00005840,-0.00021653,-0.00017825
0.00005850,-0.00045680,-0.00015393
0.00005860,-0.00040629,-0.00012219
0.00005870,-0.00044715,-0.00008390
0.00005880,-0.00057201,-0.00004025
0.00005890,-0.00029727,0.00000721
0.00005900,-0.00032551,0.00005660
0.00005910,-0.00008393,0.00010575
0.00005920,-0.00012209,0.00015235
0.00005930,-0.00019569,0.00019404
0.00005940,-0.00025934,0.00022865
0.00005950,-0.00016776,0.00025435
0.00005960,-0.00005500,0.00026974
0.00005970,-0.00003358,0.00027396
0.00005980,0.00002853,0.00026667
0.00005990,0.00019187,0.00024803
0.00006000,0.00028286,0.00021865
0.00006010,0.00022626,0.00017959
0.00006020,0.00035503,0.00013223
0.00006030,0.00028820,0.00007830
0.00006040,0.00013000,0.00001983
0.00006050,-0.00004058,-0.00004093
0.00006060,0.00010229,-0.00010154
0.00006070,0.00006815,-0.00015950
0.00006080,-0.00001678,-0.00021231
0.00006090,-0.00003620,-0.00025762
0.00006100,0.00012846,-0.00029333
0.00006110,-0.00000889,-0.00031768
0.00006120,-0.00018159,-0.00032933
0.00006130,-0.00016549,-0.00032749
0.00006140,-0.00025961,-0.00031191
0.00006150,-0.00026723,-0.00028297
0.00006160,-0.00038496,-0.00024167
0.00006170,-0.00044538,-0.00018961
0.00006180,-0.00037072,-0.00012894
0.00006190,-0.00036065,-0.00006224
0.00006200,-0.00033785,0.00000757
0.00006210,-0.00030689,0.00007739
0.00006220,-0.00025637,0.00014412
0.00006230,-0.00013276,0.00020482
0.00006240,-0.00010217,0.00025689
0.00006250,-0.00019087,0.00029819
0.00006260,-0.00011771,0.00032712
0.00006270,-0.00002451,0.00034267
0.00006280,-0.00001994,0.00034442
0.00006290,-0.00005610,0.00033254
0.00006300,-0.00013990,0.00030773
0.00006310,-0.00001453,0.00027117
0.00006320,0.00012971,0.00022448
0.00006330,0.00023907,0.00016963
0.00006340,0.00020819,0.00010889
0.00006350,0.00005238,0.00004478
0.00006360,0.00018101,-0.00002007
0.00006370,0.00001592,-0.00008302
0.00006380,0.00013715,-0.00014154
0.00006390,0.00033148,-0.00019332
0.00006400,-0.00001627,-0.00023643
0.00006410,0.00000298,-0.00026937
0.00006420,0.00010450,-0.00029117
0.00006430,0.00007730,-0.00030140
0.00006440,-0.00008234,-0.00030014
0.00006450,-0.00006529,-0.00028796
0.00006460,-0.00001563,-0.00026583
0.00006470,-0.00021131,-0.00023505
0.00006480,-0.00006488,-0.00019717
0.00006490,-0.00000144,-0.00015388
0.00006500,-0.00030557,-0.00010697
0.00006510,-0.00048580,-0.00005824
0.00006520,-0.00041065,-0.00000948
0.00006530,-0.00012502,0.00003757
0.00006540,-0.00019558,0.00008133
0.00006550,-0.00035594,0.00012040
0.00006560,-0.00029474,0.00015364
0.00006570,-0.00017973,0.00018015
0.00006580,-0.00019700,0.00019935
0.00006590,-0.00020549,0.00021096
0.00006600,-0.00015367,0.00021505
0.00006610,-0.00008809,0.00021197
0.00006620,-0.00014644,0.00020239
0.00006630,-0.00003380,0.00018719
0.00006640,0.00013371,0.00016744
0.00006650,0.00000135,0.00014430
0.00006660,0.00002246,0.00011895
0.00006670,0.00002186,0.00009250
0.00006680,0.00016781,0.00006594
0.00006690,0.00016231,0.00004005
0.00006700,0.00018775,0.00001543
0.00006710,0.00020779,-0.00000752
0.00006720,-0.00006064,-0.00002858
0.00006730,0.00005215,-0.00004768
0.00006740,0.00012473,-0.00006486
0.00006750,0.00020181,-0.00008022
0.00006760,0.00008255,-0.00009392
0.00006770,-0.00011501,-0.00010612
0.00006780,-0.00003227,-0.00011697
0.00006790,-0.00027718,-0.00012657
0.00006800,-0.00031540,-0.00013490
0.00006810,-0.00017345,-0.00014179
0.00006820,-0.00018757,-0.00014688
0.00006830,-0.00019842,-0.00014965
0.00006840,-0.00037801,-0.00014944
0.00006850,-0.00018172,-0.00014558
0.00006860,-0.00028602,-0.00013749
0.00006870,-0.00033478,-0.00012474
0.00006880,-0.00010405,-0.00010717
0.00006890,-0.00039467,-0.00008492
0.00006900,-0.00019991,-0.00005849
0.00006910,-0.00023364,-0.00002865
0.00006920,-0.00029727,0.00000357
0.00006930,-0.00038283,0.00003696
0.00006940,-0.00041490,0.00007022
0.00006950,-0.00009414,0.00010203
0.00006960,-0.00009000,0.00013109
0.00006970,-0.00001996,0.00015619
0.00006980,-0.00000497,0.00017628
0.00006990,0.00020637,0.00019044
0.00007000,0.00012530,0.00019799
0.00007010,-0.00014205,0.00019850
0.00007020,0.00008970,0.00019179
0.00007030,0.00028088,0.00017802
0.00007040,0.00020720,0.00015760
0.00007050,0.00010999,0.00013118
0.00007060,0.00008944,0.00009969
0.00007070,0.00014867,0.00006424
0.00007080,0.00018043,0.00002620
0.00007090,0.00025597,-0.00001292
0.00007100,0.00012996,-0.00005143
0.00007110,-0.00012722,-0.00008764
0.00007120,-0.00042953,-0.00011984
0.00007130,-0.00029228,-0.00014649
0.00007140,-0.00050235,-0.00016625
0.00007150,-0.00060533,-0.00017813
0.00007160,-0.00047515,-0.00018153
0.00007170,-0.00051272,-0.00017634
0.00007180,-0.00025928,-0.00016294
0.00007190,-0.00033487,-0.00014219
0.00007200,-0.00030518,-0.00011536
0.00007210,-0.00023052,-0.00008405
0.00007220,-0.00043180,-0.00005008
0.00007230,-0.00047985,-0.00001533
0.00007240,-0.00037956,0.00001833
0.00007250,-0.00018443,0.00004922
0.00007260,-0.00018181,0.00007590
0.00007270,0.00001086,0.00009723
0.00007280,0.00013164,0.00011235
0.00007290,0.00002842,0.00012073
0.00007300,0.00031629,0.00012209
0.00007310,0.00025451,0.00011645
0.00007320,0.00026835,0.00010409
0.00007330,0.00031601,0.00008558
0.00007340,0.00023602,0.00006176
0.00007350,0.00037872,0.00003378
0.00007360,0.00045043,0.00000308
0.00007370,0.00043033,-0.00002861
0.00007380,0.00058312,-0.00005939
0.00007390,0.00133976,-0.00008726
0.00007400,0.00374801,-0.00011031
0.00007410,0.00913184,-0.00012682
0.00007420,0.01828618,-0.00013545
0.00007430,0.03195789,-0.00013527
0.00007440,0.05024350,-0.00012589
0.00007450,0.07232692,-0.00010741
0.00007460,0.09668787,-0.00008044
0.00007470,0.12133018,-0.00004604
0.00007480,0.14383551,-0.00000570
0.00007490,0.16094114,0.00003869
0.00007500,0.16937341,0.00008488
0.00007510,0.16612682,0.00013025
0.00007520,0.14836826,0.00017190
0.00007530,0.11344097,0.00020671
0.00007540,0.06018253,0.00023147
0.00007550,-0.01211486,0.00024312
0.00007560,-0.10291189,0.00023903
0.00007570,-0.20973793,0.00021734
0.00007580,-0.32916022,0.00017733
0.00007590,-0.45662943,0.00011967
0.00007600,-0.58605472,0.00004669
0.00007610,-0.71043237,-0.00003757
0.00007620,-0.82229026,-0.00012749
0.00007630,-0.91324499,-0.00021613
0.00007640,-0.97642168,-0.00029575
0.00007650,-1.00395808,-0.00035843
0.00007660,-0.99011136,-0.00039678
0.00007670,-0.93008722,-0.00040469
0.00007680,-0.82095786,-0.00037795
0.00007690,-0.66265196,-0.00031482
0.00007700,-0.45604532,-0.00021638
0.00007710,-0.20616938,-0.00008670
0.00007720,0.08048596,0.00006729
0.00007730,0.39477543,0.00023605
0.00007740,0.72515348,0.00040798
0.00007750,1.05917955,0.00057011
0.00007760,1.38195952,0.00070894
0.00007770,1.67898400,0.00081130
0.00007780,1.93490788,0.00086528
0.00007790,2.13581566,0.00086115
0.00007800,2.26864109,0.00079215
0.00007810,2.32285970,0.00065519
0.00007820,2.29008925,0.00045135
0.00007830,2.16599860,0.00018617
0.00007840,1.94953414,-0.00013030
0.00007850,1.64329835,-0.00048378
0.00007860,1.25452053,-0.00085624
0.00007870,0.79360208,-0.00122666
0.00007880,0.27502452,-0.00157207
0.00007890,-0.28366077,-0.00186871
0.00007900,-0.86234348,-0.00209343
0.00007910,-1.43886442,-0.00222507
0.00007920,-1.99058134,-0.00224595
0.00007930,-2.49376955,-0.00214316
0.00007940,-2.92708052,-0.00190974
0.00007950,-3.27041125,-0.00154547
0.00007960,-3.50655679,-0.00105748
0.00007970,-3.62195046,-0.00046028
0.00007980,-3.60757594,0.00022449
0.00007990,-3.45964707,0.00096881
0.00008000,-3.17850880,0.00173935
0.00008010,-2.77111556,0.00249892
0.00008020,-2.24882920,0.00320817
0.00008030,-1.62818614,0.00382752
0.00008040,-0.93033881,0.00431915
0.00008050,-0.17966510,0.00464905
0.00008060,0.59620941,0.00478892
0.00008070,1.36849499,0.00471790
0.00008080,2.10711122,0.00442401
0.00008090,2.78367911,0.00390527
0.00008100,3.37146035,0.00317034
0.00008110,3.84637772,0.00223873
0.00008120,4.18891807,0.00114046
0.00008130,4.38474247,-0.00008481
0.00008140,4.42421906,-0.00138912
0.00008150,4.30448324,-0.00271811
0.00008160,4.02820036,-0.00401327
0.00008170,3.60457528,-0.00521458
0.00008180,3.04841178,-0.00626330
0.00008190,2.37945928,-0.00710490
0.00008200,1.62280753,-0.00769182
0.00008210,0.80627321,-0.00798599
0.00008220,-0.03936465,-0.00796099
0.00008230,-0.88358871,-0.00760359
0.00008240,-1.69412283,-0.00691482
0.00008250,-2.44070324,-0.00591030
0.00008260,-3.09618066,-0.00462000
0.00008270,-3.63674431,-0.00308732
0.00008280,-4.04299404,-0.00136759
0.00008290,-4.30064331,0.00047400
0.00008300,-4.40243825,0.00236493
0.00008310,-4.34578704,0.00422829
0.00008320,-4.13494519,0.00598600
0.00008330,-3.77962630,0.00756219
0.00008340,-3.29520610,0.00888656
0.00008350,-2.70170281,0.00989763
0.00008360,-2.02338171,0.01054564
0.00008370,-1.28686068,0.01079505
0.00008380,-0.52076809,0.01062636
0.00008390,0.24539260,0.01003728
0.00008400,0.98341444,0.00904311
0.00008410,1.66592845,0.00767636
0.00008420,2.26912897,0.00598561
0.00008430,2.77281843,0.00403362
0.00008440,3.16129437,0.00189483
0.00008450,3.42392525,-0.00034769
0.00008460,3.55496932,-0.00260565
0.00008470,3.55410435,-0.00478922
0.00008480,3.42637772,-0.00681079
0.00008490,3.18154052,-0.00858869
0.00008500,2.83344581,-0.01005068
0.00008510,2.39920251,-0.01113705
0.00008520,1.89945252,-0.01180322
0.00008530,1.35582015,-0.01202161
0.00008540,0.79057740,-0.01178285
0.00008550,0.22688248,-0.01109611
0.00008560,-0.31450425,-0.00998871
0.00008570,-0.81438237,-0.00850499
0.00008580,-1.25542172,-0.00670437
0.00008590,-1.62453136,-0.00465886
0.00008600,-1.91180307,-0.00245003
0.00008610,-2.11131797,-0.00016558
0.00008620,-2.22071931,0.00210431
0.00008630,-2.24189768,0.00427074
0.00008640,-2.17997765,0.00624986
0.00008650,-2.04303357,0.00796633
0.00008660,-1.84218810,0.00935642
0.00008670,-1.59024159,0.01037066
0.00008680,-1.30088214,0.01097565
0.00008690,-0.98873104,0.01115531
0.00008700,-0.66820933,0.01091117
0.00008710,-0.35343214,0.01026201
0.00008720,-0.05632579,0.00924259
0.00008730,0.21257984,0.00790183
0.00008740,0.44508506,0.00630039
0.00008750,0.63500715,0.00450782
0.00008760,0.77883344,0.00259949
0.00008770,0.87530740,0.00065331
0.00008780,0.92559539,-0.00125352
0.00008790,0.93315587,-0.00304768
0.00008800,0.90224104,-0.00466269
0.00008810,0.83959503,-0.00604144
0.00008820,0.75156416,-0.00713835
0.00008830,0.64608043,-0.00792096
0.00008840,0.53075763,-0.00837089
0.00008850,0.41185708,-0.00848422
0.00008860,0.29646914,-0.00827113
0.00008870,0.18948815,-0.00775495
0.00008880,0.09521763,-0.00697070
0.00008890,0.01621938,-0.00596302
0.00008900,-0.04577309,-0.00478386
0.00008910,-0.09039684,-0.00348982
0.00008920,-0.11875484,-0.00213946
0.00008930,-0.13234886,-0.00079054
0.00008940,-0.13347983,0.00050246
0.00008950,-0.12510923,0.00169062
0.00008960,-0.10999011,0.00273250
0.00008970,-0.09147408,0.00359552
0.00008980,-0.07190223,0.00425694
0.00008990,-0.05340218,0.00470430
0.00009000,-0.03756844,0.00493528
0.00009010,-0.02485172,0.00495718
0.00009020,-0.01616005,0.00478597
0.00009030,-0.01036946,0.00444491
0.00009040,-0.00697401,0.00396298
0.00009050,-0.00500411,0.00337311
0.00009060,-0.00383818,0.00271033
0.00009070,-0.00344737,0.00200990
0.00009080,-0.00306198,0.00130563
0.00009090,-0.00324450,0.00062833
0.00009100,-0.00373018,0.00000454
0.00009110,-0.00440203,-0.00054448
0.00009120,-0.00503959,-0.00100336
0.00009130,-0.00561279,-0.00136289
0.00009140,-0.00613903,-0.00161989
0.00009150,-0.00637593,-0.00177680
0.00009160,-0.00659460,-0.00184090
0.00009170,-0.00656280,-0.00182336
0.00009180,-0.00606187,-0.00173807
0.00009190,-0.00498495,-0.00160050
0.00009200,-0.00401505,-0.00142647
0.00009210,-0.00260827,-0.00123113
0.00009220,-0.00109261,-0.00102809
0.00009230,0.00042539,-0.00082880
0.00009240,0.00235293,-0.00064219
0.00009250,0.00394281,-0.00047457
0.00009260,0.00540131,-0.00032964
0.00009270,0.00670805,-0.00020884
0.00009280,0.00743852,-0.00011166
0.00009290,0.00798921,-0.00003610
0.00009300,0.00807840,0.00002089
0.00009310,0.00777240,0.00006297
0.00009320,0.00691112,0.00009403
0.00009330,0.00577784,0.00011782
0.00009340,0.00442451,0.00013766
0.00009350,0.00304336,0.00015621
0.00009360,0.00164033,0.00017538
0.00009370,0.00011992,0.00019628
0.00009380,-0.00124994,0.00021922
0.00009390,-0.00245895,0.00024387
0.00009400,-0.00346900,0.00026928
0.00009410,-0.00440805,0.00029412
0.00009420,-0.00499140,0.00031681
0.00009430,-0.00513687,0.00033566
0.00009440,-0.00521421,0.00034905
0.00009450,-0.00512816,0.00035555
0.00009460,-0.00478663,0.00035399
0.00009470,-0.00436072,0.00034361
0.00009480,-0.00388376,0.00032407
0.00009490,-0.00303687,0.00029549
0.00009500,-0.00214818,0.00025846
0.00009510,-0.00126499,0.00021397
0.00009520,-0.00057451,0.00016342
0.00009530,0.00036999,0.00010856
0.00009540,0.00094407,0.00005142
0.00009550,0.00152000,-0.00000577
0.00009560,0.00194493,-0.00006069
0.00009570,0.00215269,-0.00011109
0.00009580,0.00226434,-0.00015494
0.00009590,0.00221038,-0.00019058
0.00009600,0.00227658,-0.00021680
0.00009610,0.00217548,-0.00023299
0.00009620,0.00195662,-0.00023908
0.00009630,0.00162405,-0.00023558
0.00009640,0.00123869,-0.00022343
0.00009650,0.00084871,-0.00020392
0.00009660,0.00062965,-0.00017855
0.00009670,0.00006564,-0.00014889
0.00009680,-0.00046090,-0.00011650
0.00009690,-0.00088766,-0.00008283
0.00009700,-0.00105754,-0.00004918
0.00009710,-0.00136643,-0.00001670
0.00009720,-0.00141382,0.00001364
0.00009730,-0.00139220,0.00004101
0.00009740,-0.00143200,0.00006471
0.00009750,-0.00099351,0.00008419
0.00009760,-0.00063338,0.00009901
0.00009770,-0.00067633,0.00010892
0.00009780,-0.00043368,0.00011387
0.00009790,-0.00036850,0.00011404
0.00009800,-0.00015529,0.00010984
0.00009810,0.00012562,0.00010191
0.00009820,0.00032713,0.00009108
0.00009830,0.00041420,0.00007824
0.00009840,0.00067568,0.00006431
0.00009850,0.00073165,0.00005006
0.00009860,0.00063277,0.00003610
0.00009870,0.00045694,0.00002282
0.00009880,0.00040291,0.00001041
0.00009890,0.00020865,-0.00000114
0.00009900,0.00011845,-0.00001195
0.00009910,-0.00017978,-0.00002224
0.00009920,-0.00026811,-0.00003222
0.00009930,-0.00037017,-0.00004211
0.00009940,-0.00053459,-0.00005202
0.00009950,-0.00068092,-0.00006199
0.00009960,-0.00078241,-0.00007195
0.00009970,-0.00072415,-0.00008173
0.00009980,-0.00083358,-0.00009100
0.00009990,-0.00076510,-0.00009933
0.00010000,-0.00065150,-0.00010613
0.00010010,-0.00063694,-0.00011075
0.00010020,-0.00058118,-0.00011255
0.00010030,-0.00073591,-0.00011095
0.00010040,-0.00061212,-0.00010552
0.00010050,-0.00064030,-0.00009607
0.00010060,-0.00054801,-0.00008262
0.00010070,-0.00037728,-0.00006543
0.00010080,-0.00041760,-0.00004489
0.00010090,-0.00044941,-0.00002154
0.00010100,-0.00039840,0.00000401
0.00010110,-0.00039821,0.00003112
0.00010120,-0.00027005,0.00005905
0.00010130,-0.00033049,0.00008699
0.00010140,-0.00016066,0.00011398
0.00010150,-0.00001275,0.00013896
0.00010160,0.00007195,0.00016076
0.00010170,0.00021361,0.00017822
0.00010180,0.00020274,0.00019023
0.00010190,0.00028821,0.00019589
0.00010200,0.00042905,0.00019451
0.00010210,0.00054436,0.00018579
0.00010220,0.00069354,0.00016977
0.00010230,0.00078352,0.00014688
0.00010240,0.00086106,0.00011788
0.00010250,0.00064899,0.00008385
0.00010260,0.00039196,0.00004609
0.00010270,0.00053945,0.00000606
0.00010280,0.00040984,-0.00003473
0.00010290,0.00038679,-0.00007477
0.00010300,0.00010617,-0.00011264
0.00010310,-0.00007543,-0.00014702
0.00010320,-0.00025508,-0.00017676
0.00010330,-0.00048644,-0.00020081
0.00010340,-0.00051389,-0.00021828
0.00010350,-0.00073702,-0.00022837
0.00010360,-0.00085847,-0.00023044
0.00010370,-0.00107412,-0.00022398
0.00010380,-0.00124787,-0.00020875
0.00010390,-0.00129573,-0.00018483
0.00010400,-0.00125232,-0.00015277
0.00010410,-0.00126090,-0.00011358
0.00010420,-0.00131637,-0.00006877
0.00010430,-0.00105766,-0.00002025
0.00010440,-0.00088219,0.00002977
0.00010450,-0.00072742,0.00007895
0.00010460,-0.00075024,0.00012493
0.00010470,-0.00047674,0.00016552
0.00010480,-0.00015633,0.00019882
0.00010490,-0.00001440,0.00022328
0.00010500,0.00027135,0.00023785
0.00010510,0.00044345,0.00024198
0.00010520,0.00083991,0.00023561
0.00010530,0.00087858,0.00021918
0.00010540,0.00088876,0.00019353
0.00010550,0.00104198,0.00015989
0.00010560,0.00093781,0.00011978
0.00010570,0.00084770,0.00007497
0.00010580,0.00061262,0.00002738
0.00010590,0.00068663,-0.00002097
0.00010600,0.00070277,-0.00006802
0.00010610,0.00064586,-0.00011178
0.00010620,0.00058245,-0.00015039
0.00010630,0.00030419,-0.00018224
0.00010640,0.00000570,-0.00020603
0.00010650,-0.00029581,-0.00022080
0.00010660,-0.00028333,-0.00022598
0.00010670,-0.00042798,-0.00022142
0.00010680,-0.00063959,-0.00020731
0.00010690,-0.00065709,-0.00018430
0.00010700,-0.00056158,-0.00015337
0.00010710,-0.00076796,-0.00011592
0.00010720,-0.00107562,-0.00007364
0.00010730,-0.00115814,-0.00002852
0.00010740,-0.00137002,0.00001729
0.00010750,-0.00143146,0.00006156
0.00010760,-0.00131832,0.00010219
0.00010770,-0.00136988,0.00013731
0.00010780,-0.00132025,0.00016542
0.00010790,-0.00123719,0.00018547
0.00010800,-0.00107567,0.00019685
0.00010810,-0.00083956,0.00019939
0.00010820,-0.00067129,0.00019328
0.00010830,-0.00028270,0.00017905
0.00010840,0.00025769,0.00015755
0.00010850,0.00069806,0.00012992
0.00010860,0.00119132,0.00009752
0.00010870,0.00157636,0.00006196
0.00010880,0.00190837,0.00002494
0.00010890,0.00232278,-0.00001179
0.00010900,0.00280367,-0.00004657
0.00010910,0.00310611,-0.00007786
0.00010920,0.00306686,-0.00010440
0.00010930,0.00314435,-0.00012524
0.00010940,0.00287585,-0.00013971
0.00010950,0.00260064,-0.00014749
0.00010960,0.00212862,-0.00014853
0.00010970,0.00150790,-0.00014308
0.00010980,0.00079606,-0.00013162
0.00010990,-0.00027930,-0.00011486
0.00011000,-0.00117430,-0.00009376
0.00011010,-0.00209200,-0.00006944
0.00011020,-0.00302542,-0.00004319
0.00011030,-0.00394137,-0.00001640
0.00011040,-0.00458446,0.00000947
0.00011050,-0.00514017,0.00003304
0.00011060,-0.00548108,0.00005299
0.00011070,-0.00571355,0.00006826
0.00011080,-0.00563937,0.00007805
0.00011090,-0.00551675,0.00008196
0.00011100,-0.00505345,0.00008003
0.00011110,-0.00416682,0.00007271
0.00011120,-0.00328092,0.00006090
0.00011130,-0.00228172,0.00004580
0.00011140,-0.00104147,0.00002883
0.00011150,0.00037575,0.00001147
0.00011160,0.00197620,-0.00000483
0.00011170,0.00339296,-0.00001879
0.00011180,0.00466308,-0.00002936
0.00011190,0.00560937,-0.00003580
0.00011200,0.00644096,-0.00003768
0.00011210,0.00715988,-0.00003492
0.00011220,0.00766110,-0.00002776
0.00011230,0.00772071,-0.00001673
0.00011240,0.00759888,-0.00000258
0.00011250,0.00702177,0.00001373
0.00011260,0.00617521,0.00003115
0.00011270,0.00513319,0.00004854
0.00011280,0.00379345,0.00006474
0.00011290,0.00235957,0.00007865
0.00011300,0.00045952,0.00008924
0.00011310,-0.00101890,0.00009559
0.00011320,-0.00261204,0.00009700
0.00011330,-0.00430192,0.00009296
0.00011340,-0.00573367,0.00008327
0.00011350,-0.00700747,0.00006804
0.00011360,-0.00792648,0.00004771
0.00011370,-0.00874053,0.00002303
0.00011380,-0.00892287,-0.00000498
0.00011390,-0.00913324,-0.00003509
0.00011400,-0.00847316,-0.00006596
0.00011410,-0.00761718,-0.00009612
0.00011420,-0.00670507,-0.00012410
0.00011430,-0.00543138,-0.00014845
0.00011440,-0.00408646,-0.00016782
0.00011450,-0.00231439,-0.00018103
0.00011460,-0.00068860,-0.00018720
0.00011470,0.00105860,-0.00018578
0.00011480,0.00287870,-0.00017662
0.00011490,0.00446376,-0.00015994
0.00011500,0.00615231,-0.00013628
0.00011510,0.00724603,-0.00010647
0.00011520,0.00788459,-0.00007154
0.00011530,0.00815304,-0.00003271
0.00011540,0.00824706,0.00000861
0.00011550,0.00808617,0.00005085
0.00011560,0.00766901,0.00009232
0.00011570,0.00695463,0.00013129
0.00011580,0.00575127,0.00016607
0.00011590,0.00424710,0.00019512
0.00011600,0.00282059,0.00021711
0.00011610,0.00126346,0.00023105
0.00011620,-0.00006716,0.00023631
0.00011630,-0.00150523,0.00023270
0.00011640,-0.00299592,0.00022040
0.00011650,-0.00436453,0.00020000
0.00011660,-0.00558686,0.00017241
0.00011670,-0.00626540,0.00013887
0.00011680,-0.00672331,0.00010085
0.00011690,-0.00682900,0.00005999
0.00011700,-0.00678985,0.00001801
0.00011710,-0.00662659,-0.00002343
0.00011720,-0.00612866,-0.00006279
0.00011730,-0.00510345,-0.00009872
0.00011740,-0.00403536,-0.00013000
0.00011750,-0.00305614,-0.00015565
0.00011760,-0.00202823,-0.00017488
0.00011770,-0.00085960,-0.00018721
0.00011780,0.00040912,-0.00019248
0.00011790,0.00152063,-0.00019088
0.00011800,0.00272238,-0.00018295
0.00011810,0.00323348,-0.00016952
0.00011820,0.00385836,-0.00015169
0.00011830,0.00428791,-0.00013069
0.00011840,0.00441820,-0.00010783
0.00011850,0.00432332,-0.00008435
0.00011860,0.00413421,-0.00006135
0.00011870,0.00383498,-0.00003974
0.00011880,0.00318514,-0.00002016
0.00011890,0.00247952,-0.00000300
0.00011900,0.00160210,0.00001167
0.00011910,0.00103605,0.00002402
0.00011920,0.00014163,0.00003440
0.00011930,-0.00057986,0.00004331
0.00011940,-0.00108787,0.00005124
0.00011950,-0.00183660,0.00005864
0.00011960,-0.00216578,0.00006587
0.00011970,-0.00247334,0.00007312
0.00011980,-0.00250137,0.00008049
0.00011990,-0.00254232,0.00008794
0.00012000,-0.00241755,0.00009536
0.00012010,-0.00203315,0.00010258
0.00012020,-0.00172839,0.00010937
0.00012030,-0.00115172,0.00011542
0.00012040,-0.00082652,0.00012039
0.00012050,-0.00060392,0.00012387
0.00012060,-0.00005579,0.00012539
0.00012070,0.00035657,0.00012449
0.00012080,0.00076801,0.00012068
0.00012090,0.00112254,0.00011353
0.00012100,0.00126244,0.00010267
0.00012110,0.00118915,0.00008783
0.00012120,0.00103626,0.00006884
0.00012130,0.00099986,0.00004574
0.00012140,0.00062088,0.00001876
0.00012150,0.00051748,-0.00001164
0.00012160,0.00019039,-0.00004474
0.00012170,-0.00025154,-0.00007954
0.00012180,-0.00044949,-0.00011484
0.00012190,-0.00060666,-0.00014923
0.00012200,-0.00078460,-0.00018115
0.00012210,-0.00097410,-0.00020899
0.00012220,-0.00106184,-0.00023114
0.00012230,-0.00112949,-0.00024615
0.00012240,-0.00113071,-0.00025281
0.00012250,-0.00099804,-0.00025032
0.00012260,-0.00077715,-0.00023831
0.00012270,-0.00050243,-0.00021690
0.00012280,-0.00028135,-0.00018669
0.00012290,-0.00010429,-0.00014869
0.00012300,0.00012348,-0.00010428
0.00012310,0.00030564,-0.00005511
0.00012320,0.00038765,-0.00000299
0.00012330,0.00050977,0.00005016
0.00012340,0.00057438,0.00010236
0.00012350,0.00066164,0.00015164
0.00012360,0.00068635,0.00019614
0.00012370,0.00055544,0.00023416
0.00012380,0.00056839,0.00026429
0.00012390,0.00056806,0.00028543
0.00012400,0.00044107,0.00029686
0.00012410,0.00025096,0.00029825
0.00012420,0.00001175,0.00028960
0.00012430,0.00001200,0.00027124
0.00012440,-0.00018652,0.00024379
0.00012450,-0.00034453,0.00020811
0.00012460,-0.00052061,0.00016535
0.00012470,-0.00084496,0.00011690
0.00012480,-0.00071427,0.00006439
0.00012490,-0.00064585,0.00000967
0.00012500,-0.00069801,-0.00004523
0.00012510,-0.00075410,-0.00009818
0.00012520,-0.00057036,-0.00014708
0.00012530,-0.00065430,-0.00018994
0.00012540,-0.00052445,-0.00022504
0.00012550,-0.00025478,-0.00025101
0.00012560,-0.00047215,-0.00026695
0.00012570,-0.00044520,-0.00027246
0.00012580,-0.00042999,-0.00026770
0.00012590,-0.00029060,-0.00025333
0.00012600,-0.00045963,-0.00023047
0.00012610,-0.00030636,-0.00020058
0.00012620,-0.00038482,-0.00016535
0.00012630,-0.00034030,-0.00012655
0.00012640,-0.00008482,-0.00008591
0.00012650,-0.00021220,-0.00004501
0.00012660,-0.00019886,-0.00000524
0.00012670,-0.00021084,0.00003226
0.00012680,-0.00031492,0.00006651
0.00012690,-0.00016534,0.00009674
0.00012700,-0.00017697,0.00012229
0.00012710,-0.00006866,0.00014259
0.00012720,-0.00006065,0.00015720
0.00012730,0.00008696,0.00016576
0.00012740,-0.00003123,0.00016812
0.00012750,0.00002700,0.00016432
0.00012760,0.00004325,0.00015469
0.00012770,-0.00001373,0.00013986
0.00012780,0.00033468,0.00012073
0.00012790,0.00021906,0.00009841
0.00012800,0.00027056,0.00007422
0.00012810,0.00027488,0.00004952
0.00012820,0.00023548,0.00002571
0.00012830,0.00014297,0.00000413
0.00012840,0.00019401,-0.00001399
0.00012850,0.00021193,-0.00002757
0.00012860,-0.00002630,-0.00003575
0.00012870,-0.00019804,-0.00003791
0.00012880,-0.00022049,-0.00003377
0.00012890,-0.00019097,-0.00002345
0.00012900,-0.00021431,-0.00000753
0.00012910,-0.00019754,0.00001286
0.00012920,-0.00046730,0.00003604
0.00012930,-0.00068862,0.00005981
0.00012940,-0.00078902,0.00008147
0.00012950,-0.00088346,0.00009797
0.00012960,-0.00082013,0.00010613
0.00012970,-0.00081502,0.00010289
0.00012980,-0.00059178,0.00008552
0.00012990,-0.00051576,0.00005195
0.00013000,-0.00042724,0.00000095
0.00013010,-0.00023521,-0.00006757
0.00013020,-0.00020081,-0.00015243
0.00013030,-0.00015330,-0.00025096
0.00013040,-0.00007395,-0.00035895
0.00013050,0.00009211,-0.00047063
0.00013060,0.00025537,-0.00057882
0.00013070,0.00032179,-0.00067518
0.00013080,0.00032294,-0.00075059
0.00013090,0.00044803,-0.00079575
0.00013100,0.00049297,-0.00080173
0.00013110,0.00046026,-0.00076072
0.00013120,0.00066789,-0.00066666
0.00013130,0.00053639,-0.00051600
0.00013140,0.00047524,-0.00030822
0.00013150,0.00048652,-0.00004635
0.00013160,0.00026157,0.00026275
0.00013170,0.00021217,0.00060827
0.00013180,0.00000940,0.00097566
0.00013190,-0.00011958,0.00134701
0.00013200,-0.00012623,0.00170177
0.00013210,-0.00029936,0.00201767
0.00013220,-0.00046004,0.00227192
0.00013230,-0.00054894,0.00244248
0.00013240,-0.00054194,0.00250955
0.00013250,-0.00051527,0.00245695
0.00013260,-0.00068729,0.00227345
0.00013270,-0.00077669,0.00195403
0.00013280,-0.00072682,0.00150068
0.00013290,-0.00072086,0.00092306
0.00013300,-0.00088047,0.00023860
0.00013310,-0.00089629,-0.00052779
0.00013320,-0.00064597,-0.00134452
0.00013330,-0.00060302,-0.00217457
0.00013340,-0.00062621,-0.00297713
0.00013350,-0.00048985,-0.00370962
0.00013360,-0.00036647,-0.00432986
0.00013370,-0.00007481,-0.00479845
0.00013380,0.00010708,-0.00508102
0.00013390,0.00011375,-0.00515038
0.00013400,0.00021515,-0.00498838
0.00013410,0.00027404,-0.00458735
0.00013420,0.00041150,-0.00395101
0.00013430,0.00045336,-0.00309486
0.00013440,0.00054727,-0.00204603
0.00013450,0.00047949,-0.00084241
0.00013460,0.00048490,0.00046868
0.00013470,0.00057563,0.00183243
0.00013480,0.00047602,0.00318889
0.00013490,0.00035564,0.00447578
0.00013500,0.00007762,0.00563139
0.00013510,0.00004328,0.00659762
0.00013520,-0.00000512,0.00732300
0.00013530,-0.00016120,0.00776535
0.00013540,-0.00035375,0.00789412
0.00013550,-0.00064040,0.00769220
0.00013560,-0.00071729,0.00715713
0.00013570,-0.00077844,0.00630152
0.00013580,-0.00085748,0.00515282
0.00013590,-0.00100195,0.00375237
0.00013600,-0.00110779,0.00215374
0.00013610,-0.00100077,0.00042049
0.00013620,-0.00094167,-0.00137653
0.00013630,-0.00078733,-0.00316227
0.00013640,-0.00079958,-0.00486085
0.00013650,-0.00055224,-0.00639891
0.00013660,-0.00050163,-0.00770894
0.00013670,-0.00049461,-0.00873232
0.00013680,-0.00020924,-0.00942198
0.00013690,-0.00030605,-0.00974452
0.00013700,0.00000469,-0.00968174
0.00013710,0.00027553,-0.00923150
0.00013720,0.00048808,-0.00840786
0.00013730,0.00066548,-0.00724049
0.00013740,0.00070166,-0.00577345
0.00013750,0.00070379,-0.00406331
0.00013760,0.00091583,-0.00217686
0.00013770,0.00110065,-0.00018824
0.00013780,0.00109194,0.00182402
0.00013790,0.00097752,0.00378024
0.00013800,0.00091715,0.00560286
0.00013810,0.00045351,0.00721954
0.00013820,0.00041502,0.00856608
0.00013830,0.00057466,0.00958903
0.00013840,0.00046139,0.01024779
0.00013850,0.00043077,0.01051612
0.00013860,0.00032953,0.01038308
0.00013870,0.00018598,0.00985334
0.00013880,-0.00004658,0.00894680
0.00013890,-0.00031392,0.00769771
0.00013900,-0.00050569,0.00615325
0.00013910,-0.00057695,0.00437167
0.00013920,-0.00061963,0.00242004
0.00013930,-0.00092335,0.00037178
0.00013940,-0.00109597,-0.00169609
0.00013950,-0.00122645,-0.00370574
0.00013960,-0.00152131,-0.00558143
0.00013970,-0.00165987,-0.00725224
0.00013980,-0.00180287,-0.00865468
0.00013990,-0.00204568,-0.00973509
0.00014000,-0.00193569,-0.01045164
0.00014010,-0.00201840,-0.01077594
0.00014020,-0.00189147,-0.01069422
0.00014030,-0.00177050,-0.01020782
0.00014040,-0.00153009,-0.00933328
0.00014050,-0.00120199,-0.00810176
0.00014060,-0.00084465,-0.00655797
0.00014070,-0.00020624,-0.00475856
0.00014080,0.00028365,-0.00277013
0.00014090,0.00094815,-0.00066682
0.00014100,0.00146736,0.00147238
0.00014110,0.00201734,0.00356653
0.00014120,0.00245681,0.00553568
0.00014130,0.00281733,0.00730394
0.00014140,0.00316963,0.00880237
0.00014150,0.00343306,0.00997175
0.00014160,0.00366390,0.01076496
0.00014170,0.00372675,0.01114902
0.00014180,0.00349862,0.01110654
0.00014190,0.00314116,0.01063657
0.00014200,0.00271968,0.00975478
0.00014210,0.00214005,0.00849303
0.00014220,0.00125458,0.00689819
0.00014230,0.00041872,0.00503040
0.00014240,-0.00048721,0.00296077
0.00014250,-0.00172912,0.00076859
0.00014260,-0.00249087,-0.00146177
0.00014270,-0.00343139,-0.00364414
0.00014280,-0.00416785,-0.00569400
0.00014290,-0.00476084,-0.00753175
0.00014300,-0.00552965,-0.00908589
0.00014310,-0.00558390,-0.01029583
0.00014320,-0.00533981,-0.01111427
0.00014330,-0.00533451,-0.01150905
0.00014340,-0.00495668,-0.01146446
0.00014350,-0.00444491,-0.01098184
0.00014360,-0.00379070,-0.01007957
0.00014370,-0.00279216,-0.00879231
0.00014380,-0.00176405,-0.00716963
0.00014390,-0.00057309,-0.00527397
0.00014400,0.00062481,-0.00317815
0.00014410,0.00173456,-0.00096247
0.00014420,0.00283758,0.00128852
0.00014430,0.00376077,0.00348923
0.00014440,0.00455348,0.00555644
0.00014450,0.00525385,0.00741244
0.00014460,0.00580984,0.00898800
0.00014470,0.00625709,0.01022494
0.00014480,0.00604619,0.01107827
0.00014490,0.00572750,0.01151777
0.00014500,0.00528545,0.01152900
0.00014510,0.00435020,0.01111362
0.00014520,0.00340242,0.01028917
0.00014530,0.00260926,0.00908814
0.00014540,0.00145364,0.00755667
0.00014550,0.00025050,0.00575266
0.00014560,-0.00111870,0.00374362
0.00014570,-0.00228348,0.00160417
0.00014580,-0.00335379,-0.00058665
0.00014590,-0.00416250,-0.00274832
0.00014600,-0.00485068,-0.00480166
0.00014610,-0.00564484,-0.00667178
0.00014620,-0.00585393,-0.00829075
0.00014630,-0.00595470,-0.00960010
0.00014640,-0.00587508,-0.01055291
0.00014650,-0.00539519,-0.01111554
0.00014660,-0.00477043,-0.01126882
0.00014670,-0.00399678,-0.01100876
0.00014680,-0.00312473,-0.01034662
0.00014690,-0.00230311,-0.00930854
0.00014700,-0.00119136,-0.00793448
0.00014710,-0.00021890,-0.00627680
0.00014720,0.00078110,-0.00439826
0.00014730,0.00194152,-0.00236975
0.00014740,0.00303025,-0.00026762
0.00014750,0.00359345,0.00182913
0.00014760,0.00398577,0.00384188
0.00014770,0.00438815,0.00569528
0.00014780,0.00458340,0.00732019
0.00014790,0.00441977,0.00865631
0.00014800,0.00428714,0.00965456
0.00014810,0.00389374,0.01027907
0.00014820,0.00325204,0.01050868
0.00014830,0.00264292,0.01033783
0.00014840,0.00190922,0.00977691
0.00014850,0.00124342,0.00885180
0.00014860,0.00030104,0.00760280
0.00014870,-0.00056435,0.00608296
0.00014880,-0.00127670,0.00435574
0.00014890,-0.00200520,0.00249228
0.00014900,-0.00245712,0.00056833
0.00014910,-0.00297270,-0.00133894
0.00014920,-0.00312963,-0.00315416
0.00014930,-0.00341332,-0.00480698
0.00014940,-0.00317308,-0.00623485
0.00014950,-0.00304956,-0.00738564
0.00014960,-0.00277481,-0.00821964
0.00014970,-0.00218822,-0.00871108
0.00014980,-0.00186372,-0.00884898
0.00014990,-0.00118723,-0.00863734
0.00015000,-0.00077543,-0.00809468
0.00015010,-0.00016421,-0.00725291
0.00015020,0.00019497,-0.00615555
0.00015030,0.00061927,-0.00485549
0.00015040,0.00097160,-0.00341237
0.00015050,0.00133661,-0.00188972
0.00015060,0.00162134,-0.00035198
0.00015070,0.00140234,0.00113835
0.00015080,0.00130336,0.00252337
0.00015090,0.00109423,0.00375214
0.00015100,0.00106646,0.00478259
0.00015110,0.00075722,0.00558288
0.00015120,0.00059278,0.00613226
0.00015130,0.00034443,0.00642139
0.00015140,0.00002564,0.00645203
0.00015150,-0.00040914,0.00623633
0.00015160,-0.00054895,0.00579569
0.00015170,-0.00050349,0.00515922
0.00015180,-0.00068655,0.00436207
0.00015190,-0.00070210,0.00344349
0.00015200,-0.00082832,0.00244495
0.00015210,-0.00081466,0.00140826
0.00015220,-0.00076063,0.00037382
0.00015230,-0.00064049,-0.00062088
0.00015240,-0.00035160,-0.00154248
0.00015250,-0.00018394,-0.00236270
0.00015260,0.00008796,-0.00305892
0.00015270,0.00035861,-0.00361452
0.00015280,0.00050363,-0.00401891
0.00015290,0.00061817,-0.00426738
0.00015300,0.00057699,-0.00436067
0.00015310,0.00083347,-0.00430445
0.00015320,0.00055509,-0.00410869
0.00015330,0.00035150,-0.00378690
0.00015340,0.00018427,-0.00335544
0.00015350,-0.00008275,-0.00283276
0.00015360,-0.00018683,-0.00223869
0.00015370,-0.00052460,-0.00159381
0.00015380,-0.00055318,-0.00091888
0.00015390,-0.00063135,-0.00023440
0.00015400,-0.00102315,0.00043979
0.00015410,-0.00128840,0.00108476
0.00015420,-0.00118393,0.00168282
0.00015430,-0.00112650,0.00221773
0.00015440,-0.00103074,0.00267495
0.00015450,-0.00114416,0.00304191
0.00015460,-0.00091227,0.00330828
0.00015470,-0.00057998,0.00346626
0.00015480,-0.00057327,0.00351092
0.00015490,-0.00018153,0.00344040
0.00015500,-0.00001017,0.00325625
0.00015510,0.00023113,0.00296354
0.00015520,0.00049164,0.00257093
0.00015530,0.00076426,0.00209060
0.00015540,0.00118909,0.00153802
0.00015550,0.00110537,0.00093152
0.00015560,0.00109708,0.00029182
0.00015570,0.00100534,-0.00035872
0.00015580,0.00115130,-0.00099681
0.00015590,0.00094091,-0.00159907
0.00015600,0.00059310,-0.00214297
0.00015610,0.00047938,-0.00260774
0.00015620,0.00013669,-0.00297524
0.00015630,-0.00020663,-0.00323085
0.00015640,-0.00042359,-0.00336415
0.00015650,-0.00054219,-0.00336952
0.00015660,-0.00063959,-0.00324652
0.00015670,-0.00069785,-0.00300009
0.00015680,-0.00091687,-0.00264041
0.00015690,-0.00093757,-0.00218257
0.00015700,-0.00079985,-0.00164589
0.00015710,-0.00091059,-0.00105310
0.00015720,-0.00088915,-0.00042920
0.00015730,-0.00071345,0.00019961
0.00015740,-0.00065370,0.00080720
0.00015750,-0.00055225,0.00136866
0.00015760,-0.00051059,0.00186137
0.00015770,-0.00041486,0.00226603
0.00015780,-0.00027516,0.00256743
0.00015790,-0.00017388,0.00275511
0.00015800,0.00010398,0.00282375
0.00015810,0.00020592,0.00277339
0.00015820,0.00038177,0.00260935
0.00015830,0.00021377,0.00234191
0.00015840,0.00026577,0.00198581
0.00015850,0.00028056,0.00155944
0.00015860,0.00022675,0.00108392
0.00015870,0.00022742,0.00058204
0.00015880,0.00020452,0.00007715
0.00015890,0.00033729,-0.00040788
0.00015900,0.00013093,-0.00085172
0.00015910,0.00018092,-0.00123547
0.00015920,-0.00003807,-0.00154348
0.00015930,-0.00030493,-0.00176400
0.00015940,-0.00025182,-0.00188963
0.00015950,-0.00029574,-0.00191760
0.00015960,-0.00025798,-0.00184983
0.00015970,-0.00025152,-0.00169276
0.00015980,-0.00031309,-0.00145696
0.00015990,-0.00024482,-0.00115650
0.00016000,-0.00039657,-0.00080821
0.00016010,-0.00024905,-0.00043076
0.00016020,-0.00022549,-0.00004372
0.00016030,-0.00034972,0.00033337
0.00016040,-0.00027816,0.00068191
0.00016050,-0.00032471,0.00098502
0.00016060,-0.00003228,0.00122821
0.00016070,-0.00015048,0.00139991
0.00016080,-0.00011414,0.00149197
0.00016090,-0.00021031,0.00149991
0.00016100,-0.00035719,0.00142317
0.00016110,-0.00031178,0.00126509
0.00016120,-0.00009986,0.00103289
0.00016130,-0.00005209,0.00073729
0.00016140,-0.00002878,0.00039212
0.00016150,0.00005036,0.00001362
0.00016160,0.00005259,-0.00038026
0.00016170,-0.00025454,-0.00077076
0.00016180,-0.00048155,-0.00113918
0.00016190,-0.00040593,-0.00146772
0.00016200,-0.00033963,-0.00174028
0.00016210,-0.00012845,-0.00194303
0.00016220,-0.00017131,-0.00206505
0.00016230,-0.00006115,-0.00209862
0.00016240,-0.00007328,-0.00203958
0.00016250,0.00006096,-0.00188744
0.00016260,-0.00008514,-0.00164537
0.00016270,0.00006779,-0.00132018
0.00016280,0.00006454,-0.00092205
0.00016290,-0.00006903,-0.00046434
0.00016300,0.00002561,0.00003689
0.00016310,-0.00009880,0.00056336
0.00016320,0.00007279,0.00109516
0.00016330,0.00000922,0.00161149
0.00016340,0.00000519,0.00209138
0.00016350,-0.00006369,0.00251450
0.00016360,0.00013560,0.00286201
0.00016370,-0.00004518,0.00311729
0.00016380,-0.00026767,0.00326670
0.00016390,-0.00001595,0.00330016
0.00016400,-0.00015680,0.00321159
0.00016410,-0.00019432,0.00299927
0.00016420,-0.00029720,0.00266594
0.00016430,-0.00042074,0.00221885
0.00016440,-0.00022704,0.00166960
0.00016450,-0.00040890,0.00103393
0.00016460,-0.00026869,0.00033133
0.00016470,-0.00048704,-0.00041541
0.00016480,-0.00051310,-0.00118084
0.00016490,-0.00046065,-0.00193757
0.00016500,-0.00075942,-0.00265715
0.00016510,-0.00069778,-0.00331109
0.00016520,-0.00056628,-0.00387195
0.00016530,-0.00045167,-0.00431446
0.00016540,-0.00031231,-0.00461670
0.00016550,-0.00013176,-0.00476111
0.00016560,-0.00008042,-0.00473548
0.00016570,-0.00017867,-0.00453376
0.00016580,-0.00006460,-0.00415657
0.00016590,-0.00005114,-0.00361157
0.00016600,-0.00011023,-0.00291337
0.00016610,0.00004485,-0.00208327
0.00016620,0.00031952,-0.00114862
0.00016630,0.00018711,-0.00014190
0.00016640,0.00020727,0.00090046
0.00016650,0.00023558,0.00193942
0.00016660,0.00005305,0.00293490
0.00016670,0.00023345,0.00384733
0.00016680,0.00019626,0.00463932
0.00016690,0.00021127,0.00527719
0.00016700,0.00014373,0.00573247
0.00016710,-0.00013275,0.00598323
0.00016720,-0.00007635,0.00601505
0.00016730,-0.00025098,0.00582188
0.00016740,-0.00018490,0.00540641
0.00016750,-0.00021608,0.00478019
0.00016760,-0.00025005,0.00396341
0.00016770,-0.00011273,0.00298424
0.00016780,-0.00025141,0.00187795
0.00016790,-0.00026754,0.00068561
0.00016800,-0.00043998,-0.00054743
0.00016810,-0.00050954,-0.00177340
0.00016820,-0.00058192,-0.00294399
0.00016830,-0.00062728,-0.00401249
0.00016840,-0.00043941,-0.00493579
0.00016850,-0.00061761,-0.00567625
0.00016860,-0.00056491,-0.00620335
0.00016870,-0.00048931,-0.00649506
0.00016880,-0.00016619,-0.00653874
0.00016890,-0.00005140,-0.00633170
0.00016900,-0.00030725,-0.00588135
0.00016910,-0.00019208,-0.00520492
0.00016920,-0.00016544,-0.00432880
0.00016930,-0.00016506,-0.00328751
0.00016940,-0.00021484,-0.00212234
0.00016950,-0.00015144,-0.00087971
0.00016960,0.00001731,0.00039072
0.00016970,0.00020269,0.00163808
0.00016980,0.00026045,0.00281235
0.00016990,0.00002039,0.00386651
0.00017000,0.00027693,0.00475853
0.00017010,0.00027738,0.00545317
0.00017020,0.00020444,0.00592354
0.00017030,0.00033561,0.00615229
0.00017040,0.00028368,0.00613238
0.00017050,0.00026178,0.00586738
0.00017060,-0.00001996,0.00537120
0.00017070,0.00024694,0.00466750
0.00017080,0.00039039,0.00378857
0.00017090,0.00038177,0.00277380
0.00017100,0.00055822,0.00166790
0.00017110,0.00031436,0.00051886
0.00017120,0.00028876,-0.00062424
0.00017130,0.00022060,-0.00171344
0.00017140,0.00027316,-0.00270395
0.00017150,0.00006890,-0.00355614
0.00017160,-0.00018876,-0.00423720
0.00017170,-0.00028267,-0.00472250
0.00017180,-0.00050036,-0.00499649
0.00017190,-0.00069303,-0.00505323
0.00017200,-0.00096350,-0.00489642
0.00017210,-0.00125632,-0.00453907
0.00017220,-0.00143087,-0.00400268
0.00017230,-0.00149031,-0.00331609
0.00017240,-0.00160356,-0.00251396
0.00017250,-0.00169125,-0.00163501
0.00017260,-0.00170856,-0.00072014
0.00017270,-0.00175168,0.00018950
0.00017280,-0.00156356,0.00105439
0.00017290,-0.00142765,0.00183833
0.00017300,-0.00094173,0.00251002
0.00017310,-0.00058872,0.00304423
0.00017320,-0.00018531,0.00342282
0.00017330,0.00041886,0.00363527
0.00017340,0.00073199,0.00367895
0.00017350,0.00125569,0.00355897
0.00017360,0.00151804,0.00328763
0.00017370,0.00177217,0.00288358
0.00017380,0.00195509,0.00237070
0.00017390,0.00226149,0.00177674
0.00017400,0.00249414,0.00113193
0.00017410,0.00262173,0.00046746
0.00017420,0.00256693,-0.00018589
0.00017430,0.00218581,-0.00079917
0.00017440,0.00203252,-0.00134643
0.00017450,0.00152210,-0.00180580
0.00017460,0.00109073,-0.00216033
0.00017470,0.00052919,-0.00239854
0.00017480,0.00009332,-0.00251479
0.00017490,-0.00046345,-0.00250935
0.00017500,-0.00118291,-0.00238811
0.00017510,-0.00184019,-0.00216216
0.00017520,-0.00260650,-0.00184700
0.00017530,-0.00309193,-0.00146161
0.00017540,-0.00315200,-0.00102738
0.00017550,-0.00345870,-0.00056699
0.00017560,-0.00373611,-0.00010319
0.00017570,-0.00352342,0.00034220
0.00017580,-0.00348794,0.00074929
0.00017590,-0.00316992,0.00110093
0.00017600,-0.00275875,0.00138328
0.00017610,-0.00228658,0.00158630
0.00017620,-0.00164476,0.00170401
0.00017630,-0.00097716,0.00173462
0.00017640,-0.00021124,0.00168049
0.00017650,0.00071286,0.00154791
0.00017660,0.00135783,0.00134670
0.00017670,0.00200862,0.00108969
0.00017680,0.00236769,0.00079196
0.00017690,0.00291653,0.00047004
0.00017700,0.00334305,0.00014101
0.00017710,0.00346073,-0.00017842
0.00017720,0.00369569,-0.00047274
0.00017730,0.00333872,-0.00072842
0.00017740,0.00343478,-0.00093451
0.00017750,0.00300924,-0.00108306
0.00017760,0.00236834,-0.00116947
0.00017770,0.00185758,-0.00119245
0.00017780,0.00101835,-0.00115403
0.00017790,0.00041901,-0.00105924
0.00017800,-0.00018411,-0.00091574
0.00017810,-0.00074467,-0.00073332
0.00017820,-0.00150791,-0.00052331
0.00017830,-0.00200269,-0.00029796
0.00017840,-0.00256118,-0.00006970
0.00017850,-0.00284820,0.00014941
0.00017860,-0.00321319,0.00034832
0.00017870,-0.00352897,0.00051745
0.00017880,-0.00343804,0.00064911
0.00017890,-0.00327077,0.00073780
0.00017900,-0.00290707,0.00078046
0.00017910,-0.00262314,0.00077655
0.00017920,-0.00217143,0.00072809
0.00017930,-0.00172160,0.00063944
0.00017940,-0.00126657,0.00051707
0.00017950,-0.00060057,0.00036916
0.00017960,0.00005298,0.00020508
0.00017970,0.00060517,0.00003481
0.00017980,0.00089406,-0.00013162
0.00017990,0.00136722,-0.00028471
0.00018000,0.00185771,-0.00041598
0.00018010,0.00196963,-0.00051838
0.00018020,0.00221247,-0.00058660
0.00018030,0.00235433,-0.00061729
0.00018040,0.00212852,-0.00060905
0.00018050,0.00209078,-0.00056250
0.00018060,0.00190845,-0.00048012
0.00018070,0.00155889,-0.00036612
0.00018080,0.00127296,-0.00022622
0.00018090,0.00086545,-0.00006735
0.00018100,0.00055328,0.00010258
0.00018110,0.00007719,0.00027506
0.00018120,-0.00040870,0.00044131
0.00018130,-0.00069890,0.00059260
0.00018140,-0.00108680,0.00072066
0.00018150,-0.00111943,0.00081798
0.00018160,-0.00124222,0.00087820
0.00018170,-0.00141094,0.00089640
0.00018180,-0.00133636,0.00086936
0.00018190,-0.00164391,0.00079579
0.00018200,-0.00156598,0.00067646
0.00018210,-0.00133473,0.00051426
0.00018220,-0.00109660,0.00031419
0.00018230,-0.00090451,0.00008322
0.00018240,-0.00055544,-0.00016992
0.00018250,-0.00043020,-0.00043503
0.00018260,-0.00022256,-0.00070079
0.00018270,-0.00007540,-0.00095519
0.00018280,0.00015873,-0.00118597
0.00018290,0.00020154,-0.00138115
0.00018300,0.00036835,-0.00152950
0.00018310,0.00046147,-0.00162106
0.00018320,0.00044946,-0.00164767
0.00018330,0.00046385,-0.00160345
0.00018340,0.00038276,-0.00148520
0.00018350,0.00029072,-0.00129275
0.00018360,0.00012151,-0.00102925
0.00018370,0.00014069,-0.00070123
0.00018380,0.00012577,-0.00031856
0.00018390,0.00002147,0.00010579
0.00018400,-0.00021671,0.00055616
0.00018410,-0.00025695,0.00101481
0.00018420,-0.00015967,0.00146259
0.00018430,-0.00048285,0.00187973
0.00018440,-0.00042673,0.00224671
0.00018450,-0.00024077,0.00254504
0.00018460,-0.00015536,0.00275819
0.00018470,-0.00026204,0.00287226
0.00018480,-0.00015504,0.00287667
0.00018490,-0.00011903,0.00276469
0.00018500,-0.00014329,0.00253381
0.00018510,0.00004704,0.00218600
0.00018520,0.00003791,0.00172781
0.00018530,0.00000273,0.00117033
0.00018540,0.00013424,0.00052904
0.00018550,0.00005986,-0.00017646
0.00018560,-0.00002151,-0.00092293
0.00018570,0.00008807,-0.00168399
0.00018580,0.00010322,-0.00243087
0.00018590,-0.00011588,-0.00313327
0.00018600,-0.00011002,-0.00376037
0.00018610,-0.00009961,-0.00428194
0.00018620,-0.00033517,-0.00466960
0.00018630,-0.00040975,-0.00489808
0.00018640,-0.00033679,-0.00494649
0.00018650,-0.00059382,-0.00479953
0.00018660,-0.00067972,-0.00444858
0.00018670,-0.00048502,-0.00389266
0.00018680,-0.00070625,-0.00313908
0.00018690,-0.00059805,-0.00220393
0.00018700,-0.00032292,-0.00111215
0.00018710,-0.00050530,0.00010272
0.00018720,-0.00052223,0.00139915
0.00018730,-0.00053197,0.00272876
0.00018740,-0.00053440,0.00403777
0.00018750,-0.00041346,0.00526896
0.00018760,-0.00044127,0.00636399
0.00018770,-0.00015795,0.00726600
0.00018780,-0.00019365,0.00792241
0.00018790,-0.00029660,0.00828778
0.00018800,-0.00006888,0.00832653
0.00018810,-0.00017253,0.00801537
0.00018820,-0.00005410,0.00734537
0.00018830,-0.00015419,0.00632334
0.00018840,-0.00020105,0.00497261
0.00018850,-0.00014633,0.00333299
0.00018860,-0.00006853,0.00145991
0.00018870,-0.00000078,-0.00057724
0.00018880,0.00015391,-0.00269758
0.00018890,0.00033475,-0.00481199
0.00018900,0.00027983,-0.00682692
0.00018910,0.00042797,-0.00864866
0.00018920,0.00058319,-0.01018784
0.00018930,0.00056852,-0.01136387
0.00018940,0.00062409,-0.01210917
0.00018950,0.00070102,-0.01237284
0.00018960,0.00045981,-0.01212371
0.00018970,0.00049754,-0.01135250
0.00018980,0.00047451,-0.01007307
0.00018990,0.00037618,-0.00832263
0.00019000,0.00038317,-0.00616085
0.00019010,0.00007072,-0.00366784
0.00019020,0.00003478,-0.00094121
0.00019030,-0.00022836,0.00190788
0.00019040,-0.00051639,0.00475949
0.00019050,-0.00088079,0.00749016
0.00019060,-0.00121161,0.00997853
0.00019070,-0.00129663,0.01211105
0.00019080,-0.00144877,0.01378747
0.00019090,-0.00157865,0.01492574
0.00019100,-0.00178805,0.01546619
0.00019110,-0.00205745,0.01537468
0.00019120,-0.00197064,0.01464453
0.00019130,-0.00173854,0.01329726
0.00019140,-0.00160355,0.01138189
0.00019150,-0.00140581,0.00897310
0.00019160,-0.00112332,0.00616800
0.00019170,-0.00082653,0.00308198
0.00019180,-0.00046991,-0.00015634
0.00019190,0.00019345,-0.00341076
0.00019200,0.00065227,-0.00654355
0.00019210,0.00108783,-0.00942158
0.00019220,0.00154039,-0.01192226
0.00019230,0.00193759,-0.01393909
0.00019240,0.00248017,-0.01538641
0.00019250,0.00258629,-0.01620332
0.00019260,0.00299174,-0.01635637
0.00019270,0.00282426,-0.01584116
0.00019280,0.00270893,-0.01468251
0.00019290,0.00256250,-0.01293334
0.00019300,0.00216749,-0.01067225
0.00019310,0.00197062,-0.00799988
0.00019320,0.00123780,-0.00503416
0.00019330,0.00065966,-0.00190485
0.00019340,0.00014985,0.00125258
0.00019350,-0.00051989,0.00430317
0.00019360,-0.00141676,0.00711870
0.00019370,-0.00187730,0.00958345
0.00019380,-0.00233487,0.01159927
0.00019390,-0.00279894,0.01308985
0.00019400,-0.00310387,0.01400375
0.00019410,-0.00357218,0.01431629
0.00019420,-0.00363981,0.01403018
0.00019430,-0.00371141,0.01317480
0.00019440,-0.00345898,0.01180426
0.00019450,-0.00319858,0.00999436
0.00019460,-0.00289102,0.00783865
0.00019470,-0.00240390,0.00544360
0.00019480,-0.00170458,0.00292344
0.00019490,-0.00098095,0.00039458
0.00019500,-0.00034535,-0.00202991
0.00019510,0.00044451,-0.00424558
0.00019520,0.00122531,-0.00616138
0.00019530,0.00167076,-0.00770370
0.00019540,0.00239479,-0.00881944
0.00019550,0.00293023,-0.00947808
0.00019560,0.00333184,-0.00967246
0.00019570,0.00365451,-0.00941846
0.00019580,0.00354870,-0.00875350
0.00019590,0.00365268,-0.00773393
0.00019600,0.00335431,-0.00643154
0.00019610,0.00305763,-0.00492939
0.00019620,0.00258033,-0.00331708
0.00019630,0.00198634,-0.00168589
0.00019640,0.00138398,-0.00012384
0.00019650,0.00036135,0.00128885
0.00019660,-0.00018717,0.00248387
0.00019670,-0.00092330,0.00340817
0.00019680,-0.00163449,0.00402644
0.00019690,-0.00221297,0.00432251
0.00019700,-0.00286319,0.00429978
0.00019710,-0.00324420,0.00398047
0.00019720,-0.00391281,0.00340395
0.00019730,-0.00386338,0.00262401
0.00019740,-0.00401361,0.00170552
0.00019750,-0.00395172,0.00072042
0.00019760,-0.00369338,-0.00025667
0.00019770,-0.00345470,-0.00115294
0.00019780,-0.00293651,-0.00190178
0.00019790,-0.00219541,-0.00244679
0.00019800,-0.00153722,-0.00274526
0.00019810,-0.00097378,-0.00277069
0.00019820,-0.00023150,-0.00251458
0.00019830,0.00067071,-0.00198697
0.00019840,0.00158874,-0.00121602
0.00019850,0.00207818,-0.00024650
0.00019860,0.00254270,0.00086278
0.00019870,0.00298400,0.00204229
0.00019880,0.00324487,0.00321580
0.00019890,0.00364391,0.00430483
0.00019900,0.00382732,0.00523329
0.00019910,0.00360215,0.00593204
0.00019920,0.00339554,0.00634306
0.00019930,0.00316679,0.00642312
0.00019940,0.00268343,0.00614671
0.00019950,0.00206087,0.00550794
0.00019960,0.00128841,0.00452153
0.00019970,0.00072085,0.00322260
0.00019980,-0.00014415,0.00166529
0.00019990,-0.00091065,-0.00007968
0.00020000,-0.00151049,-0.00192842
0.00020010,-0.00219798,-0.00378820
0.00020020,-0.00287115,-0.00556227
0.00020030,-0.00357319,-0.00715512
0.00020040,-0.00381313,-0.00847776
0.00020050,-0.00380691,-0.00945271
0.00020060,-0.00395647,-0.01001851
0.00020070,-0.00383909,-0.01013332
0.00020080,-0.00359271,-0.00977762
0.00020090,-0.00327858,-0.00895564
0.00020100,-0.00284335,-0.00769559
0.00020110,-0.00219513,-0.00604859
0.00020120,-0.00155297,-0.00408643
0.00020130,-0.00087079,-0.00189813
0.00020140,-0.00003308,0.00041442
0.00020150,0.00070032,0.00274153
0.00020160,0.00119819,0.00497134
0.00020170,0.00166666,0.00699553
0.00020180,0.00229624,0.00871498
0.00020190,0.00256820,0.01004497
0.00020200,0.00279176,0.01091970
0.00020210,0.00292324,0.01129578
0.00020220,0.00303440,0.01115462
0.00020230,0.00285660,0.01050345
0.00020240,0.00267331,0.00937495
0.00020250,0.00243897,0.00782555
0.00020260,0.00217120,0.00593245
0.00020270,0.00153334,0.00378952
0.00020280,0.00105326,0.00150235
0.00020290,0.00070698,-0.00081729
0.00020300,0.00014236,-0.00305720
0.00020310,-0.00023520,-0.00511057
0.00020320,-0.00074363,-0.00688141
0.00020330,-0.00107892,-0.00828933
0.00020340,-0.00159648,-0.00927349
0.00020350,-0.00191258,-0.00979543
0.00020360,-0.00223316,-0.00984066
0.00020370,-0.00225623,-0.00941896
0.00020380,-0.00230931,-0.00856333
0.00020390,-0.00236790,-0.00732778
0.00020400,-0.00229242,-0.00578405
0.00020410,-0.00232358,-0.00401750
0.00020420,-0.00206126,-0.00212234
0.00020430,-0.00198418,-0.00019663
0.00020440,-0.00194989,0.00166280
0.00020450,-0.00164581,0.00336528
0.00020460,-0.00130818,0.00483069
0.00020470,-0.00071532,0.00599332
0.00020480,-0.00051607,0.00680482
0.00020490,-0.00033031,0.00723621
0.00020500,0.00025340,0.00727890
0.00020510,0.00047149,0.00694452
0.00020520,0.00082426,0.00626373
0.00020530,0.00093805,0.00528414
0.00020540,0.00103393,0.00406728
0.00020550,0.00139224,0.00268498
0.00020560,0.00156392,0.00121537
0.00020570,0.00188957,-0.00026139
0.00020580,0.00196586,-0.00166733
0.00020590,0.00205098,-0.00293057
0.00020600,0.00201616,-0.00398892
0.00020610,0.00185559,-0.00479269
0.00020620,0.00178888,-0.00530693
0.00020630,0.00155913,-0.00551268
0.00020640,0.00133574,-0.00540748
0.00020650,0.00090135,-0.00500503
0.00020660,0.00037087,-0.00433397
0.00020670,0.00023339,-0.00343614
0.00020680,-0.00013144,-0.00236410
0.00020690,-0.00043015,-0.00117822
0.00020700,-0.00099215,0.00005653
0.00020710,-0.00128896,0.00127394
0.00020720,-0.00157952,0.00241004
0.00020730,-0.00202633,0.00340631
0.00020740,-0.00211604,0.00421258
0.00020750,-0.00233980,0.00478953
0.00020760,-0.00240136,0.00511047
0.00020770,-0.00235162,0.00516246
0.00020780,-0.00204038,0.00494669
0.00020790,-0.00191630,0.00447808
0.00020800,-0.00174042,0.00378420
0.00020810,-0.00150624,0.00290355
0.00020820,-0.00128473,0.00188344
0.00020830,-0.00091049,0.00077732
0.00020840,-0.00056913,-0.00035796
0.00020850,-0.00017143,-0.00146512
0.00020860,0.00009421,-0.00248924
0.00020870,0.00059759,-0.00338050
0.00020880,0.00087400,-0.00409657
0.00020890,0.00101995,-0.00460460
0.00020900,0.00142249,-0.00488273
0.00020910,0.00158231,-0.00492108
0.00020920,0.00178901,-0.00472206
0.00020930,0.00187029,-0.00430011
0.00020940,0.00180400,-0.00368087
0.00020950,0.00138180,-0.00289974
0.00020960,0.00134456,-0.00200001
0.00020970,0.00119748,-0.00103055
0.00020980,0.00096929,-0.00004322
0.00020990,0.00081339,0.00090989
0.00021000,0.00036960,0.00177921
0.00021010,0.00004346,0.00252036
0.00021020,-0.00059055,0.00309650
0.00021030,-0.00084241,0.00348031
0.00021040,-0.00108381,0.00365541
0.00021050,-0.00113065,0.00361721
0.00021060,-0.00139978,0.00337314
0.00021070,-0.00169534,0.00294219
0.00021080,-0.00185541,0.00235389
0.00021090,-0.00194291,0.00164664
0.00021100,-0.00177800,0.00086561
0.00021110,-0.00157625,0.00006020
0.00021120,-0.00152372,-0.00071868
0.00021130,-0.00126445,-0.00142159
0.00021140,-0.00111541,-0.00200341
0.00021150,-0.00068996,-0.00242597
0.00021160,-0.00018839,-0.00266035
0.00021170,-0.00007946,-0.00268870
0.00021180,0.00023768,-0.00250540
0.00021190,0.00041642,-0.00211764
0.00021200,0.00066355,-0.00154518
0.00021210,0.00109696,-0.00081948
0.00021220,0.00127491,0.00001784
0.00021230,0.00115249,0.00091727
0.00021240,0.00138476,0.00182399
0.00021250,0.00134787,0.00268095
0.00021260,0.00133484,0.00343208
0.00021270,0.00114818,0.00402548
0.00021280,0.00060919,0.00441655
0.00021290,0.00052560,0.00457072
0.00021300,0.00002973,0.00446562
0.00021310,0.00007293,0.00409271
0.00021320,-0.00030051,0.00345809
0.00021330,-0.00083068,0.00258250
0.00021340,-0.00096473,0.00150059
0.00021350,-0.00122937,0.00025933
0.00021360,-0.00117668,-0.00108423
0.00021370,-0.00150656,-0.00246570
0.00021380,-0.00160043,-0.00381665
0.00021390,-0.00152097,-0.00506802
0.00021400,-0.00134303,-0.00615366
0.00021410,-0.00100206,-0.00701381
0.00021420,-0.00096470,-0.00759827
0.00021430,-0.00067047,-0.00786908
0.00021440,-0.00057584,-0.00780267
0.00021450,-0.00012415,-0.00739122
0.00021460,0.00020700,-0.00664323
0.00021470,0.00049420,-0.00558323
0.00021480,0.00062580,-0.00425074
0.00021490,0.00069030,-0.00269842
0.00021500,0.00105819,-0.00098963
0.00021510,0.00119490,0.00080457
0.00021520,0.00137018,0.00260875
0.00021530,0.00127811,0.00434655
0.00021540,0.00088967,0.00594423
0.00021550,0.00073951,0.00733396
0.00021560,0.00047863,0.00845685
0.00021570,0.00033013,0.00926545
0.00021580,0.00017612,0.00972578
0.00021590,-0.00025372,0.00981868
0.00021600,-0.00061988,0.00954041
0.00021610,-0.00087759,0.00890265
0.00021620,-0.00105589,0.00793169
0.00021630,-0.00116554,0.00666716
0.00021640,-0.00123107,0.00516004
0.00021650,-0.00147116,0.00347032
0.00021660,-0.00131157,0.00166426
0.00021670,-0.00121400,-0.00018844
0.00021680,-0.00095402,-0.00201767
0.00021690,-0.00069871,-0.00375578
0.00021700,-0.00077910,-0.00534029
0.00021710,-0.00037320,-0.00671633
0.00021720,-0.00026266,-0.00783854
0.00021730,0.00011579,-0.00867258
0.00021740,0.00027334,-0.00919603
0.00021750,0.00033801,-0.00939876
0.00021760,0.00053080,-0.00928279
0.00021770,0.00061249,-0.00886162
0.00021780,0.00090076,-0.00815920
0.00021790,0.00081081,-0.00720851
0.00021800,0.00055308,-0.00604995
0.00021810,0.00055428,-0.00472940
0.00021820,0.00047820,-0.00329632
0.00021830,0.00064768,-0.00180171
0.00021840,0.00045997,-0.00029619
0.00021850,0.00011317,0.00117182
0.00021860,-0.00003561,0.00255771
0.00021870,-0.00048552,0.00382195
0.00021880,-0.00054668,0.00493110
0.00021890,-0.00088370,0.00585849
0.00021900,-0.00089857,0.00658456
0.00021910,-0.00089696,0.00709695
0.00021920,-0.00110141,0.00739029
0.00021930,-0.00093529,0.00746584
0.00021940,-0.00104869,0.00733089
0.00021950,-0.00103327,0.00699813
0.00021960,-0.00108616,0.00648481
0.00021970,-0.00097726,0.00581198
0.00021980,-0.00083139,0.00500351
0.00021990,-0.00066291,0.00408532
0.00022000,-0.00045314,0.00308450
0.00022010,-0.00026583,0.00202863
0.00022020,-0.00012076,0.00094513
0.00022030,-0.00012362,-0.00013921
0.00022040,0.00004643,-0.00119861
0.00022050,0.00025178,-0.00220868
0.00022060,0.00019866,-0.00314659
0.00022070,0.00013529,-0.00399135
0.00022080,0.00017436,-0.00472409
0.00022090,0.00027353,-0.00532826
0.00022100,0.00037099,-0.00578996
0.00022110,0.00037910,-0.00609819
0.00022120,0.00022262,-0.00624509
0.00022130,0.00008621,-0.00622620
0.00022140,-0.00009233,-0.00604067
0.00022150,-0.00025986,-0.00569139
0.00022160,-0.00020996,-0.00518510
0.00022170,-0.00012814,-0.00453250
0.00022180,-0.00046784,-0.00374821
0.00022190,-0.00054448,-0.00285069
0.00022200,-0.00026190,-0.00186206
0.00022210,-0.00031271,-0.00080777
0.00022220,-0.00013808,0.00028382
0.00022230,-0.00035103,0.00138204
0.00022240,-0.00044850,0.00245453
0.00022250,-0.00024416,0.00346812
0.00022260,-0.00011766,0.00438970
0.00022270,-0.00007179,0.00518734
0.00022280,-0.00021610,0.00583143
0.00022290,-0.00018790,0.00629590
0.00022300,-0.00013887,0.00655940
0.00022310,-0.00013570,0.00660642
0.00022320,-0.00019499,0.00642826
0.00022330,-0.00023904,0.00602378
0.00022340,-0.00021104,0.00539985
0.00022350,-0.00013295,0.00457163
0.00022360,-0.00009948,0.00356241
0.00022370,0.00006896,0.00240319
0.00022380,0.00012280,0.00113191
0.00022390,0.00001018,-0.00020763
0.00022400,-0.00008988,-0.00156718
0.00022410,-0.00002179,-0.00289569
0.00022420,-0.00015031,-0.00414122
0.00022430,-0.00025263,-0.00525297
0.00022440,-0.00028871,-0.00618339
0.00022450,-0.00025313,-0.00689037
0.00022460,-0.00025923,-0.00733919
0.00022470,-0.00048031,-0.00750443
0.00022480,-0.00033471,-0.00737142
0.00022490,-0.00049769,-0.00693738
0.00022500,-0.00053773,-0.00621210
0.00022510,-0.00051411,-0.00521805
0.00022520,-0.00062855,-0.00398991
0.00022530,-0.00059385,-0.00257356
0.00022540,-0.00040936,-0.00102449
0.00022550,-0.00034800,0.00059438
0.00022560,-0.00047913,0.00221521
0.00022570,-0.00014444,0.00376824
0.00022580,-0.00016793,0.00518486
0.00022590,0.00022251,0.00640090
0.00022600,0.00019677,0.00735971
0.00022610,0.00030182,0.00801500
0.00022620,0.00023419,0.00833325
0.00022630,0.00001074,0.00829560
0.00022640,0.00025612,0.00789905
0.00022650,0.00009833,0.00715691
0.00022660,0.00043099,0.00609848
0.00022670,0.00042308,0.00476791
0.00022680,0.00034088,0.00322239
0.00022690,0.00032517,0.00152966
0.00022700,0.00001519,-0.00023509
0.00022710,0.00015481,-0.00199259
0.00022720,-0.00015417,-0.00366322
0.00022730,-0.00026650,-0.00517082
0.00022740,-0.00039538,-0.00644634
0.00022750,-0.00046069,-0.00743124
0.00022760,-0.00047814,-0.00808041
0.00022770,-0.00060575,-0.00836444
0.00022780,-0.00068006,-0.00827112
0.00022790,-0.00087360,-0.00780609
0.00022800,-0.00076698,-0.00699254
0.00022810,-0.00059291,-0.00587016
0.00022820,-0.00055087,-0.00449314
0.00022830,-0.00064290,-0.00292753
0.00022840,-0.00057391,-0.00124807
0.00022850,-0.00064163,0.00046548
0.00022860,-0.00051122,0.00213212
0.00022870,-0.00030722,0.00367358
0.00022880,-0.00027376,0.00501799
0.00022890,-0.00018116,0.00610341
0.00022900,0.00011662,0.00688070
0.00022910,0.00031646,0.00731591
0.00022920,0.00021849,0.00739178
0.00022930,0.00030260,0.00710859
0.00022940,0.00044586,0.00648399
0.00022950,0.00047911,0.00555216
0.00022960,0.00061482,0.00436201
0.00022970,0.00071648,0.00297475
0.00022980,0.00045001,0.00146082
0.00022990,0.00037984,-0.00010361
0.00023000,0.00017653,-0.00164047
0.00023010,0.00028860,-0.00307356
0.00023020,0.00037518,-0.00433239
0.00023030,0.00002184,-0.00535550
0.00023040,-0.00017218,-0.00609347
0.00023050,-0.00020386,-0.00651118
0.00023060,-0.00040268,-0.00658948
0.00023070,-0.00026826,-0.00632598
0.00023080,-0.00052404,-0.00573510
0.00023090,-0.00057011,-0.00484729
0.00023100,-0.00077348,-0.00370751
0.00023110,-0.00090336,-0.00237300
0.00023120,-0.00083198,-0.00091053
0.00023130,-0.00082905,0.00060689
0.00023140,-0.00080932,0.00210350
0.00023150,-0.00065164,0.00350451
0.00023160,-0.00061197,0.00473969
0.00023170,-0.00040419,0.00574684
0.00023180,-0.00056344,0.00647481
0.00023190,-0.00033414,0.00688596
0.00023200,-0.00016716,0.00695801
0.00023210,-0.00016917,0.00668511
0.00023220,0.00012285,0.00607806
0.00023230,0.00031870,0.00516385
0.00023240,0.00033971,0.00398431
0.00023250,0.00038459,0.00259414
0.00023260,0.00066096,0.00105835
0.00023270,0.00066755,-0.00055090
0.00023280,0.00091335,-0.00215763
0.00023290,0.00073720,-0.00368573
0.00023300,0.00064098,-0.00506251
0.00023310,0.00054962,-0.00622221
0.00023320,0.00020163,-0.00710915
0.00023330,0.00030719,-0.00768038
0.00023340,0.00018434,-0.00790775
0.00023350,0.00001719,-0.00777922
0.00023360,-0.00025492,-0.00729937
0.00023370,-0.00044701,-0.00648917
0.00023380,-0.00052806,-0.00538491
0.00023390,-0.00083155,-0.00403648
0.00023400,-0.00096425,-0.00250499
0.00023410,-0.00102706,-0.00085985
0.00023420,-0.00127292,0.00082453
0.00023430,-0.00110765,0.00247231
0.00023440,-0.00107956,0.00400976
0.00023450,-0.00115232,0.00536882
0.00023460,-0.00102665,0.00649026
0.00023470,-0.00089285,0.00732646
0.00023480,-0.00071165,0.00784350
0.00023490,-0.00036322,0.00802262
0.00023500,-0.00018452,0.00786081
0.00023510,0.00014492,0.00737067
0.00023520,0.00049886,0.00657948
0.00023530,0.00060139,0.00552756
0.00023540,0.00089256,0.00426615
0.00023550,0.00098003,0.00285466
0.00023560,0.00116952,0.00135781
0.00023570,0.00132774,-0.00015758
0.00023580,0.00143970,-0.00162568
0.00023590,0.00146793,-0.00298466
0.00023600,0.00149779,-0.00417943
0.00023610,0.00122637,-0.00516394
0.00023620,0.00101979,-0.00590305
0.00023630,0.00073769,-0.00637375
0.00023640,0.00016441,-0.00656592
0.00023650,-0.00005664,-0.00648227
0.00023660,-0.00070736,-0.00613780
0.00023670,-0.00097249,-0.00555862
0.00023680,-0.00148870,-0.00478026
0.00023690,-0.00186888,-0.00384555
0.00023700,-0.00205312,-0.00280233
0.00023710,-0.00245196,-0.00170094
0.00023720,-0.00247451,-0.00059174
0.00023730,-0.00267583,0.00047717
0.00023740,-0.00254331,0.00146208
0.00023750,-0.00250548,0.00232535
0.00023760,-0.00212102,0.00303682
0.00023770,-0.00178839,0.00357470
0.00023780,-0.00116222,0.00392606
0.00023790,-0.00057183,0.00408690
0.00023800,-0.00003525,0.00406183
0.00023810,0.00075869,0.00386343
0.00023820,0.00138651,0.00351128
0.00023830,0.00213322,0.00303080
0.00023840,0.00242712,0.00245180
0.00023850,0.00282570,0.00180699
0.00023860,0.00323243,0.00113034
0.00023870,0.00317743,0.00045548
0.00023880,0.00321559,-0.00018584
0.00023890,0.00312099,-0.00076511
0.00023900,0.00263092,-0.00125826
0.00023910,0.00209076,-0.00164653
0.00023920,0.00153371,-0.00191706
0.00023930,0.00084539,-0.00206323
0.00023940,0.00004959,-0.00208456
0.00023950,-0.00100613,-0.00198646
0.00023960,-0.00189321,-0.00177968
0.00023970,-0.00295528,-0.00147956
0.00023980,-0.00347495,-0.00110515
0.00023990,-0.00412790,-0.00067823
0.00024000,-0.00483121,-0.00022225
0.00024010,-0.00500659,0.00023869
0.00024020,-0.00509182,0.00068093
0.00024030,-0.00484796,0.00108220
0.00024040,-0.00467813,0.00142256
0.00024050,-0.00409135,0.00168515
0.00024060,-0.00334338,0.00185692
0.00024070,-0.00250427,0.00192909
0.00024080,-0.00135083,0.00189747
0.00024090,-0.00028181,0.00176254
0.00024100,0.00083048,0.00152940
0.00024110,0.00210983,0.00120743
0.00024120,0.00306565,0.00080987
0.00024130,0.00401335,0.00035317
0.00024140,0.00469650,-0.00014368
0.00024150,0.00536121,-0.00066003
0.00024160,0.00572311,-0.00117440
0.00024170,0.00578194,-0.00166533
0.00024180,0.00569024,-0.00211228
0.00024190,0.00519827,-0.00249633
0.00024200,0.00446512,-0.00280091
0.00024210,0.00368537,-0.00301232
0.00024220,0.00280229,-0.00312021
0.00024230,0.00161175,-0.00311782
0.00024240,0.00043660,-0.00300222
0.00024250,-0.00098949,-0.00277431
0.00024260,-0.00241275,-0.00243885
0.00024270,-0.00368702,-0.00200425
0.00024280,-0.00471119,-0.00148234
0.00024290,-0.00579402,-0.00088809
0.00024300,-0.00640855,-0.00023914
0.00024310,-0.00666914,0.00044468
0.00024320,-0.00669617,0.00114193
0.00024330,-0.00661121,0.00183023
0.00024340,-0.00649538,0.00248692
0.00024350,-0.00571664,0.00308978
0.00024360,-0.00505518,0.00361774
0.00024370,-0.00374532,0.00405152
0.00024380,-0.00239563,0.00437426
0.00024390,-0.00117861,0.00457199
0.00024400,0.00029326,0.00463411
0.00024410,0.00162022,0.00455368
0.00024420,0.00294684,0.00432770
0.00024430,0.00409405,0.00395735
0.00024440,0.00525812,0.00344811
0.00024450,0.00587998,0.00280983
0.00024460,0.00670999,0.00205671
0.00024470,0.00682135,0.00120723
0.00024480,0.00683384,0.00028382
0.00024490,0.00656038,-0.00068747
0.00024500,0.00595334,-0.00167759
0.00024510,0.00512162,-0.00265520
0.00024520,0.00409172,-0.00358758
0.00024530,0.00293586,-0.00444170
0.00024540,0.00145337,-0.00518535
0.00024550,0.00022588,-0.00578838
0.00024560,-0.00118293,-0.00622402
0.00024570,-0.00276716,-0.00646996
0.00024580,-0.00392882,-0.00650955
0.00024590,-0.00508624,-0.00633265
0.00024600,-0.00614082,-0.00593639
0.00024610,-0.00657390,-0.00532565
0.00024620,-0.00685718,-0.00451328
0.00024630,-0.00695098,-0.00352002
0.00024640,-0.00671341,-0.00237414
0.00024650,-0.00617943,-0.00111073
0.00024660,-0.00557951,0.00022929
0.00024670,-0.00451009,0.00160050
0.00024680,-0.00315356,0.00295451
0.00024690,-0.00189787,0.00424173
0.00024700,-0.00062908,0.00541335
0.00024710,0.00085502,0.00642331
0.00024720,0.00237884,0.00723023
0.00024730,0.00365160,0.00779933
0.00024740,0.00472272,0.00810396
0.00024750,0.00561909,0.00812699
0.00024760,0.00630064,0.00786173
0.00024770,0.00674060,0.00731246
0.00024780,0.00655921,0.00649455
0.00024790,0.00622567,0.00543403
0.00024800,0.00588031,0.00416684
0.00024810,0.00516685,0.00273747
0.00024820,0.00402957,0.00119737
0.00024830,0.00291421,-0.00039709
0.00024840,0.00154487,-0.00198687
0.00024850,0.00024756,-0.00351260
0.00024860,-0.00133280,-0.00491706
0.00024870,-0.00253014,-0.00614742
0.00024880,-0.00369802,-0.00715747
0.00024890,-0.00471646,-0.00790941
0.00024900,-0.00546810,-0.00837542
0.00024910,-0.00647668,-0.00853876
0.00024920,-0.00678123,-0.00839440
0.00024930,-0.00689159,-0.00794922
0.00024940,-0.00662950,-0.00722171
0.00024950,-0.00615817,-0.00624117
0.00024960,-0.00556960,-0.00504649
0.00024970,-0.00442128,-0.00368452
0.00024980,-0.00362005,-0.00220804
0.00024990,-0.00230568,-0.00067358
0.00025000,-0.00100852,0.00086094
0.00025010,0.00030844,0.00233871
0.00025020,0.00172832,0.00370628
0.00025030,0.00287033,0.00491571
0.00025040,0.00384746,0.00592639
0.00025050,0.00458236,0.00670639
0.00025060,0.00542129,0.00723345
0.00025070,0.00559934,0.00749549
0.00025080,0.00579008,0.00749065
0.00025090,0.00599841,0.00722693
0.00025100,0.00560813,0.00672154
0.00025110,0.00529184,0.00599981
0.00025120,0.00467230,0.00509395
0.00025130,0.00388574,0.00404152
0.00025140,0.00273595,0.00288382
0.00025150,0.00153296,0.00166418
0.00025160,0.00038628,0.00042628
0.00025170,-0.00086228,-0.00078752
0.00025180,-0.00199832,-0.00193755
0.00025190,-0.00296866,-0.00298817
0.00025200,-0.00388405,-0.00390877
0.00025210,-0.00464675,-0.00467457
0.00025220,-0.00530665,-0.00526712
0.00025230,-0.00546031,-0.00567454
0.00025240,-0.00549251,-0.00589145
0.00025250,-0.00560678,-0.00591866
0.00025260,-0.00549733,-0.00576263
0.00025270,-0.00510151,-0.00543487
0.00025280,-0.00418560,-0.00495120
0.00025290,-0.00351729,-0.00433097
0.00025300,-0.00264339,-0.00359633
0.00025310,-0.00169659,-0.00277154
0.00025320,-0.00074302,-0.00188224
0.00025330,0.00029854,-0.00095489
0.00025340,0.00135415,-0.00001617
0.00025350,0.00242476,0.00090755
0.00025360,0.00309183,0.00179072
0.00025370,0.00360705,0.00260913
0.00025380,0.00408207,0.00334037
0.00025390,0.00443788,0.00396433
0.00025400,0.00461518,0.00446366
0.00025410,0.00463620,0.00482420
0.00025420,0.00437962,0.00503547
0.00025430,0.00394267,0.00509098
0.00025440,0.00328309,0.00498861
0.00025450,0.00243622,0.00473083
0.00025460,0.00183511,0.00432476
0.00025470,0.00104738,0.00378219
0.00025480,0.00014624,0.00311937
0.00025490,-0.00052348,0.00235669
0.00025500,-0.00152217,0.00151813
0.00025510,-0.00236494,0.00063062
0.00025520,-0.00316048,-0.00027677
0.00025530,-0.00366388,-0.00117381
0.00025540,-0.00379521,-0.00203014
0.00025550,-0.00406840,-0.00281629
0.00025560,-0.00391354,-0.00350484
0.00025570,-0.00393304,-0.00407142
0.00025580,-0.00362942,-0.00449568
0.00025590,-0.00300689,-0.00476216
0.00025600,-0.00251182,-0.00486095
0.00025610,-0.00187933,-0.00478826
0.00025620,-0.00119692,-0.00454660
0.00025630,-0.00040262,-0.00414486
0.00025640,0.00033268,-0.00359800
0.00025650,0.00091032,-0.00292650
0.00025660,0.00148674,-0.00215559
0.00025670,0.00203927,-0.00131426
0.00025680,0.00224737,-0.00043409
0.00025690,0.00257040,0.00045201
0.00025700,0.00277698,0.00131110
0.00025710,0.00299578,0.00211150
0.00025720,0.00302385,0.00282400
0.00025730,0.00250514,0.00342292
0.00025740,0.00224662,0.00388703
0.00025750,0.00177654,0.00420025
0.00025760,0.00140180,0.00435223
0.00025770,0.00084439,0.00433862
0.00025780,0.00023430,0.00416125
0.00025790,-0.00012958,0.00382805
0.00025800,-0.00074017,0.00335282
0.00025810,-0.00094920,0.00275470
0.00025820,-0.00123982,0.00205753
0.00025830,-0.00167462,0.00128886
0.00025840,-0.00192952,0.00047896
0.00025850,-0.00212097,-0.00034042
0.00025860,-0.00214312,-0.00113724
0.00025870,-0.00200158,-0.00188043
0.00025880,-0.00193317,-0.00254101
0.00025890,-0.00163883,-0.00309326
0.00025900,-0.00140963,-0.00351560
0.00025910,-0.00119484,-0.00379146
0.00025920,-0.00082967,-0.00390991
0.00025930,-0.00066157,-0.00386607
0.00025940,-0.00048879,-0.00366140
0.00025950,-0.00010317,-0.00330363
0.00025960,0.00017085,-0.00280665
0.00025970,0.00011096,-0.00218999
0.00025980,0.00046395,-0.00147824
0.00025990,0.00048419,-0.00070020
0.00026000,0.00055912,0.00011225
0.00026010,0.00054120,0.00092526
0.00026020,0.00073423,0.00170445
0.00026030,0.00076158,0.00241624
0.00026040,0.00070738,0.00302926
0.00026050,0.00079692,0.00351572
0.00026060,0.00051740,0.00385260
0.00026070,0.00043416,0.00402275
0.00026080,0.00048677,0.00401572
0.00026090,0.00061107,0.00382842
0.00026100,0.00047020,0.00346541
0.00026110,0.00041729,0.00293898
0.00026120,0.00028283,0.00226878
0.00026130,0.00002453,0.00148117
0.00026140,-0.00000876,0.00060829
0.00026150,0.00011684,-0.00031323
0.00026160,-0.00000943,-0.00124372
0.00026170,-0.00023255,-0.00214216
0.00026180,-0.00036692,-0.00296797
0.00026190,-0.00062649,-0.00368279
0.00026200,-0.00055029,-0.00425232
0.00026210,-0.00068726,-0.00464792
0.00026220,-0.00074503,-0.00484808
0.00026230,-0.00082030,-0.00483950
0.00026240,-0.00090273,-0.00461786
0.00026250,-0.00090499,-0.00418825
0.00026260,-0.00087497,-0.00356504
0.00026270,-0.00084715,-0.00277150
0.00026280,-0.00081237,-0.00183886
0.00026290,-0.00086504,-0.00080510
0.00026300,-0.00085525,0.00028672
0.00026310,-0.00069968,0.00139029
0.00026320,-0.00075276,0.00245814
0.00026330,-0.00056782,0.00344378
0.00026340,-0.00052325,0.00430384
0.00026350,-0.00047859,0.00500005
0.00026360,-0.00036570,0.00550096
0.00026370,-0.00024549,0.00578338
0.00026380,0.00012685,0.00583348
0.00026390,0.00025033,0.00564731
0.00026400,0.00015800,0.00523107
0.00026410,0.00026551,0.00460079
0.00026420,0.00053703,0.00378162
0.00026430,0.00052388,0.00280676
0.00026440,0.00063237,0.00171592
0.00026450,0.00054857,0.00055357
0.00026460,0.00053774,-0.00063310
0.00026470,0.00067491,-0.00179630
0.00026480,0.00077830,-0.00288979
0.00026490,0.00063373,-0.00387085
0.00026500,0.00069562,-0.00470216
0.00026510,0.00047503,-0.00535327
0.00026520,0.00048613,-0.00580178
0.00026530,0.00033738,-0.00603402
0.00026540,-0.00002086,-0.00604540
0.00026550,-0.00016226,-0.00584022
0.00026560,-0.00033166,-0.00543117
0.00026570,-0.00045265,-0.00483848
0.00026580,-0.00054531,-0.00408875
0.00026590,-0.00070874,-0.00321357
0.00026600,-0.00085602,-0.00224802
0.00026610,-0.00095798,-0.00122907
0.00026620,-0.00106465,-0.00019394
0.00026630,-0.00108366,0.00082140
0.00026640,-0.00099916,0.00178364
0.00026650,-0.00097896,0.00266331
0.00026660,-0.00102160,0.00343564
0.00026670,-0.00079677,0.00408118
0.00026680,-0.00068152,0.00458602
0.00026690,-0.00067421,0.00494184
0.00026700,-0.00033260,0.00514565
0.00026710,-0.00067016,0.00519930
0.00026720,-0.00049980,0.00510887
0.00026730,-0.00011994,0.00488395
0.00026740,-0.00001340,0.00453688
0.00026750,0.00014729,0.00408194
0.00026760,0.00018564,0.00353472
0.00026770,0.00040052,0.00291149
0.00026780,0.00060621,0.00222867
0.00026790,0.00071401,0.00150258
0.00026800,0.00079703,0.00074913
0.00026810,0.00058700,-0.00001616
0.00026820,0.00042415,-0.00077817
0.00026830,0.00048516,-0.00152215
0.00026840,0.00051687,-0.00223358
0.00026850,0.00056037,-0.00289815
0.00026860,0.00034115,-0.00350174
0.00026870,0.00021507,-0.00403048
0.00026880,0.00001593,-0.00447088
0.00026890,-0.00019242,-0.00481008
0.00026900,-0.00035572,-0.00503617
0.00026910,-0.00044427,-0.00513862
0.00026920,-0.00039342,-0.00510880
0.00026930,-0.00051083,-0.00494061
0.00026940,-0.00066127,-0.00463107
0.00026950,-0.00075772,-0.00418098
0.00026960,-0.00076114,-0.00359546
0.00026970,-0.00088547,-0.00288438
0.00026980,-0.00086539,-0.00206258
0.00026990,-0.00071855,-0.00114986
0.00027000,-0.00070396,-0.00017069
0.00027010,-0.00055620,0.00084635
0.00027020,-0.00029884,0.00186937
0.00027030,-0.00037689,0.00286426
0.00027040,-0.00017035,0.00379595
0.00027050,-0.00027552,0.00462975
0.00027060,-0.00032692,0.00533278
0.00027070,-0.00032989,0.00587546
0.00027080,-0.00031921,0.00623288
0.00027090,-0.00004760,0.00638604
0.00027100,-0.00006605,0.00632297
0.00027110,0.00016228,0.00603952
0.00027120,0.00007301,0.00553983
0.00027130,-0.00002199,0.00483650
0.00027140,0.00020061,0.00395033
0.00027150,0.00026014,0.00290977
0.00027160,0.00033309,0.00175001
0.00027170,0.00022931,0.00051178
0.00027180,0.00007636,-0.00076012
0.00027190,0.00005565,-0.00201854
0.00027200,0.00007990,-0.00321578
0.00027210,0.00005918,-0.00430556
0.00027220,0.00008599,-0.00524493
0.00027230,0.00002674,-0.00599615
0.00027240,0.00016094,-0.00652835
0.00027250,-0.00007022,-0.00681896
0.00027260,-0.00016390,-0.00685483
0.00027270,0.00002185,-0.00663296
0.00027280,-0.00007865,-0.00616076
0.00027290,-0.00000819,-0.00545591
0.00027300,0.00001825,-0.00454565
0.00027310,-0.00003598,-0.00346573
0.00027320,-0.00015610,-0.00225890
0.00027330,-0.00041803,-0.00097316
0.00027340,-0.00044921,0.00034030
0.00027350,-0.00079144,0.00162921
0.00027360,-0.00084062,0.00284244
0.00027370,-0.00077160,0.00393210
0.00027380,-0.00079350,0.00485556
0.00027390,-0.00059091,0.00557718
0.00027400,-0.00068902,0.00606984
0.00027410,-0.00055076,0.00631599
0.00027420,-0.00074398,0.00630843
0.00027430,-0.00077886,0.00605060
0.00027440,-0.00054119,0.00555638
0.00027450,-0.00053745,0.00484950
0.00027460,-0.00033800,0.00396249
0.00027470,-0.00009199,0.00293524
0.00027480,-0.00007121,0.00181318
0.00027490,0.00010143,0.00064521
0.00027500,0.00039137,-0.00051848
0.00027510,0.00050884,-0.00162877
0.00027520,0.00058961,-0.00263982
0.00027530,0.00053497,-0.00351106
0.00027540,0.00047982,-0.00420897
0.00027550,0.00057399,-0.00470838
0.00027560,0.00044919,-0.00499338
0.00027570,0.00038851,-0.00505787
0.00027580,0.00048063,-0.00490552
0.00027590,0.00046055,-0.00454946
0.00027600,0.00040331,-0.00401144
0.00027610,0.00032930,-0.00332077
0.00027620,0.00018045,-0.00251285
0.00027630,0.00010731,-0.00162751
0.00027640,-0.00020852,-0.00070713
0.00027650,-0.00034701,0.00020534
0.00027660,-0.00045077,0.00106839
0.00027670,-0.00057284,0.00184384
0.00027680,-0.00053734,0.00249859
0.00027690,-0.00068406,0.00300614
0.00027700,-0.00077701,0.00334776
0.00027710,-0.00076992,0.00351321
0.00027720,-0.00097843,0.00350115
0.00027730,-0.00095235,0.00331894
0.00027740,-0.00098096,0.00298217
0.00027750,-0.00088752,0.00251363
0.00027760,-0.00065919,0.00194204
0.00027770,-0.00053579,0.00130047
0.00027780,-0.00047710,0.00062457
0.00027790,-0.00036765,-0.00004934
0.00027800,-0.00009556,-0.00068612
0.00027810,-0.00017010,-0.00125363
0.00027820,0.00017369,-0.00172439
0.00027830,0.00037067,-0.00207686
0.00027840,0.00030208,-0.00229643
0.00027850,0.00036716,-0.00237605
0.00027860,0.00035764,-0.00231636
0.00027870,0.00048562,-0.00212547
0.00027880,0.00038084,-0.00181836
0.00027890,0.00030319,-0.00141589
0.00027900,0.00030291,-0.00094360
0.00027910,0.00028223,-0.00043027
0.00027920,0.00018479,0.00009376
0.00027930,0.00018266,0.00059814
0.00027940,-0.00004384,0.00105428
0.00027950,-0.00027623,0.00143684
0.00027960,-0.00053384,0.00172519
0.00027970,-0.00073894,0.00190448
0.00027980,-0.00074646,0.00196643
0.00027990,-0.00100795,0.00190972
0.00028000,-0.00091729,0.00173990
0.00028010,-0.00081446,0.00146896
0.00028020,-0.00071688,0.00111453
0.00028030,-0.00060286,0.00069872
0.00028040,-0.00053259,0.00024677
0.00028050,-0.00048406,-0.00021448
0.00028060,-0.00040296,-0.00065815
0.00028070,-0.00018058,-0.00105892
0.00028080,-0.00015914,-0.00139440
0.00028090,0.00004495,-0.00164644
0.00028100,0.00030720,-0.00180201
0.00028110,0.00040986,-0.00185388
0.00028120,0.00073509,-0.00180086
0.00028130,0.00091173,-0.00164778
0.00028140,0.00096202,-0.00140507
0.00028150,0.00104723,-0.00108812
0.00028160,0.00063571,-0.00071631
0.00028170,0.00057417,-0.00031186
0.00028180,0.00063674,0.00010146
0.00028190,0.00036755,0.00049979
0.00028200,0.00007827,0.00086054
0.00028210,-0.00014360,0.00116375
0.00028220,-0.00032340,0.00139320
0.00028230,-0.00051246,0.00153734
0.00028240,-0.00077827,0.00158983
0.00028250,-0.00119249,0.00154984
0.00028260,-0.00116540,0.00142191
0.00028270,-0.00149954,0.00121558
0.00028280,-0.00158190,0.00094465
0.00028290,-0.00161333,0.00062630
0.00028300,-0.00144190,0.00028000
0.00028310,-0.00132931,-0.00007363
0.00028320,-0.00134171,-0.00041403
0.00028330,-0.00118591,-0.00072182
0.00028340,-0.00083705,-0.00097985
0.00028350,-0.00028370,-0.00117414
0.00028360,-0.00018862,-0.00129459
0.00028370,0.00005902,-0.00133549
0.00028380,0.00037044,-0.00129575
0.00028390,0.00053166,-0.00117894
0.00028400,0.00075436,-0.00099298
0.00028410,0.00085711,-0.00074962
0.00028420,0.00113284,-0.00046376
0.00028430,0.00141518,-0.00015252
0.00028440,0.00132649,0.00016580
0.00028450,0.00126299,0.00047277
0.00028460,0.00117034,0.00075091
0.00028470,0.00095852,0.00098465
0.00028480,0.00080247,0.00116119
0.00028490,0.00050147,0.00127112
0.00028500,0.00039685,0.00130892
0.00028510,0.00011572,0.00127316
0.00028520,-0.00029244,0.00116652
0.00028530,-0.00047374,0.00099558
0.00028540,-0.00061217,0.00077044
0.00028550,-0.00086843,0.00050409
0.00028560,-0.00131421,0.00021165
0.00028570,-0.00134227,-0.00009045
0.00028580,-0.00140915,-0.00038548
0.00028590,-0.00153145,-0.00065734
0.00028600,-0.00153280,-0.00089141
0.00028610,-0.00147574,-0.00107545
0.00028620,-0.00162505,-0.00120018
0.00028630,-0.00126774,-0.00125980
0.00028640,-0.00106455,-0.00125229
0.00028650,-0.00075814,-0.00117948
0.00028660,-0.00056956,-0.00104687
0.00028670,-0.00036456,-0.00086337
0.00028680,-0.00008320,-0.00064067
0.00028690,0.00012040,-0.00039256
0.00028700,0.00022476,-0.00013412
0.00028710,0.00040695,0.00011926
0.00028720,0.00062932,0.00035277
0.00028730,0.00078725,0.00055312
0.00028740,0.00096950,0.00070938
0.00028750,0.00104597,0.00081360
0.00028760,0.00083086,0.00086131
0.00028770,0.00084072,0.00085179
0.00028780,0.00086622,0.00078801
0.00028790,0.00073127,0.00067649
0.00028800,0.00069124,0.00052676
0.00028810,0.00052983,0.00035078
0.00028820,0.00030021,0.00016210
0.00028830,0.00022493,-0.00002498
0.00028840,-0.00023043,-0.00019634
0.00028850,-0.00024974,-0.00033888
0.00028860,-0.00049187,-0.00044133
0.00028870,-0.00070650,-0.00049498
0.00028880,-0.00097784,-0.00049422
0.00028890,-0.00105830,-0.00043701
0.00028900,-0.00103688,-0.00032506
0.00028910,-0.00118457,-0.00016389
0.00028920,-0.00129811,0.00003737
0.00028930,-0.00121027,0.00026634
0.00028940,-0.00128498,0.00050800
0.00028950,-0.00114217,0.00074550
0.00028960,-0.00086907,0.00096116
0.00028970,-0.00075475,0.00113751
0.00028980,-0.00056410,0.00125849
0.00028990,-0.00062715,0.00131051
0.00029000,-0.00032857,0.00128339
0.00029010,-0.00024919,0.00117116
0.00029020,0.00003902,0.00097255
0.00029030,0.00017398,0.00069127
0.00029040,0.00014062,0.00033598
0.00029050,0.00040356,-0.00008001
0.00029060,0.00045292,-0.00053922
0.00029070,0.00065492,-0.00102078
0.00029080,0.00085046,-0.00150136
0.00029090,0.00077605,-0.00195615
0.00029100,0.00049826,-0.00236010
0.00029110,0.00060825,-0.00268913
0.00029120,0.00051873,-0.00292129
0.00029130,0.00047961,-0.00303805
0.00029140,0.00037850,-0.00302535
0.00029150,0.00030219,-0.00287461
0.00029160,-0.00005801,-0.00258343
0.00029170,-0.00003884,-0.00215603
0.00029180,0.00010402,-0.00160336
0.00029190,-0.00013730,-0.00094290
0.00029200,-0.00025605,-0.00019805
0.00029210,-0.00062759,0.00060270
0.00029220,-0.00100209,0.00142683
0.00029230,-0.00104683,0.00223917
0.00029240,-0.00100040,0.00300341
0.00029250,-0.00113186,0.00368370
0.00029260,-0.00101028,0.00424635
0.00029270,-0.00106477,0.00466145
0.00029280,-0.00116575,0.00490438
0.00029290,-0.00116200,0.00495712
0.00029300,-0.00118473,0.00480931
0.00029310,-0.00099119,0.00445897
0.00029320,-0.00088468,0.00391281
0.00029330,-0.00060514,0.00318626
0.00029340,-0.00051486,0.00230302
0.00029350,-0.00013232,0.00129431
0.00029360,0.00004373,0.00019777
0.00029370,0.00012801,-0.00094397
0.00029380,0.00049003,-0.00208501
0.00029390,0.00061036,-0.00317799
0.00029400,0.00086420,-0.00417616
0.00029410,0.00090119,-0.00503537
0.00029420,0.00108470,-0.00571610
0.00029430,0.00116570,-0.00618534
0.00029440,0.00121428,-0.00641827
0.00029450,0.00131886,-0.00639960
0.00029460,0.00111655,-0.00612451
0.00029470,0.00115931,-0.00559908
0.00029480,0.00097814,-0.00484026
0.00029490,0.00062221,-0.00387529
0.00029500,0.00046113,-0.00274064
0.00029510,0.00017448,-0.00148049
0.00029520,0.00004616,-0.00014498
0.00029530,-0.00051444,0.00121195
0.00029540,-0.00084985,0.00253476
0.00029550,-0.00119437,0.00376874
0.00029560,-0.00152733,0.00486225
0.00029570,-0.00149553,0.00576900
0.00029580,-0.00197063,0.00645010
0.00029590,-0.00194975,0.00687572
0.00029600,-0.00216612,0.00702652
0.00029610,-0.00211069,0.00689458
0.00029620,-0.00200719,0.00648385
0.00029630,-0.00193535,0.00581017
0.00029640,-0.00157428,0.00490066
0.00029650,-0.00130546,0.00379273
0.00029660,-0.00096553,0.00253252
0.00029670,-0.00067348,0.00117295
0.00029680,-0.00022785,-0.00022853
0.00029690,0.00017604,-0.00161251
0.00029700,0.00068661,-0.00292026
0.00029710,0.00095808,-0.00409638
0.00029720,0.00130575,-0.00509122
0.00029730,0.00166433,-0.00586313
0.00029740,0.00186302,-0.00638022
0.00029750,0.00204585,-0.00662175
0.00029760,0.00208335,-0.00657905
0.00029770,0.00193062,-0.00625587
0.00029780,0.00174115,-0.00566822
0.00029790,0.00159580,-0.00484370
0.00029800,0.00141802,-0.00382028
0.00029810,0.00105408,-0.00264473
0.00029820,0.00082657,-0.00137052
0.00029830,0.00033054,-0.00005548
0.00029840,-0.00024098,0.00124078
0.00029850,-0.00069310,0.00245959
0.00029860,-0.00100073,0.00354598
0.00029870,-0.00143930,0.00445118
0.00029880,-0.00181521,0.00513497
0.00029890,-0.00205191,0.00556756
0.00029900,-0.00224278,0.00573100
0.00029910,-0.00242991,0.00562004
0.00029920,-0.00239541,0.00524239
0.00029930,-0.00211007,0.00461835
0.00029940,-0.00198862,0.00377986
0.00029950,-0.00188285,0.00276897
0.00029960,-0.00170370,0.00163583
0.00029970,-0.00133009,0.00043632
0.00029980,-0.00097766,-0.00077066
0.00029990,-0.00051759,-0.00192594
0.00030000,0.00008950,-0.00297297
0.00030010,0.00027689,-0.00386052
0.00030020,0.00059662,-0.00454518
0.00030030,0.00093611,-0.00499347
0.00030040,0.00122243,-0.00518347
0.00030050,0.00139247,-0.00510592
0.00030060,0.00134069,-0.00476472
0.00030070,0.00151065,-0.00417675
0.00030080,0.00141291,-0.00337114
0.00030090,0.00116940,-0.00238784
0.00030100,0.00104437,-0.00127575
0.00030110,0.00073002,-0.00009034
0.00030120,0.00057777,0.00110910
0.00030130,0.00035983,0.00226228
0.00030140,0.00004628,0.00331098
0.00030150,-0.00031155,0.00420185
0.00030160,-0.00075172,0.00488910
0.00030170,-0.00092335,0.00533679
0.00030180,-0.00101606,0.00552061
0.00030190,-0.00116303,0.00542909
0.00030200,-0.00116380,0.00506422
0.00030210,-0.00123044,0.00444140
0.00030220,-0.00103985,0.00358864
0.00030230,-0.00089397,0.00254534
0.00030240,-0.00068479,0.00136041
0.00030250,-0.00049204,0.00009000
0.00030260,-0.00036211,-0.00120515
0.00030270,-0.00010574,-0.00246253
0.00030280,0.00002614,-0.00362083
0.00030290,0.00027112,-0.00462288
0.00030300,0.00036082,-0.00541839
0.00030310,0.00058657,-0.00596648
0.00030320,0.00059640,-0.00623767
0.00030330,0.00057801,-0.00621550
0.00030340,0.00011750,-0.00589743
0.00030350,0.00031078,-0.00529514
0.00030360,0.00023205,-0.00443411
0.00030370,0.00008812,-0.00335254
0.00030380,0.00007511,-0.00209959
0.00030390,-0.00033589,-0.00073308
0.00030400,-0.00070165,0.00068326
0.00030410,-0.00081570,0.00208282
0.00030420,-0.00095965,0.00339932
0.00030430,-0.00123024,0.00456995
0.00030440,-0.00123445,0.00553839
0.00030450,-0.00124994,0.00625744
0.00030460,-0.00136287,0.00669129
0.00030470,-0.00129772,0.00681722
0.00030480,-0.00114883,0.00662670
0.00030490,-0.00096724,0.00612585
0.00030500,-0.00077336,0.00533530
0.00030510,-0.00054110,0.00428932
0.00030520,-0.00028588,0.00303440
0.00030530,0.00015819,0.00162715
0.00030540,0.00036415,0.00013171
0.00030550,0.00064414,-0.00138316
0.00030560,0.00088707,-0.00284732
0.00030570,0.00101839,-0.00419250
0.00030580,0.00113416,-0.00535557
0.00030590,0.00125807,-0.00628145
0.00030600,0.00133317,-0.00692577
0.00030610,0.00097573,-0.00725690
0.00030620,0.00057299,-0.00725743
0.00030630,0.00052185,-0.00692494
0.00030640,0.00024366,-0.00627213
0.00030650,0.00002802,-0.00532618
0.00030660,-0.00043867,-0.00412758
0.00030670,-0.00084106,-0.00272826
0.00030680,-0.00078672,-0.00118939
0.00030690,-0.00094986,0.00042139
0.00030700,-0.00098970,0.00203283
0.00030710,-0.00110643,0.00357324
0.00030720,-0.00097146,0.00497365
0.00030730,-0.00095178,0.00617089
0.00030740,-0.00102048,0.00711042
0.00030750,-0.00073033,0.00774873
0.00030760,-0.00068644,0.00805534
0.00030770,-0.00030562,0.00801410
0.00030780,0.00028971,0.00762391
0.00030790,0.00036542,0.00689875
0.00030800,0.00045084,0.00586712
0.00030810,0.00048432,0.00457073
0.00030820,0.00060182,0.00306283
0.00030830,0.00081278,0.00140590
0.00030840,0.00090766,-0.00033092
0.00030850,0.00074590,-0.00207477
0.00030860,0.00041957,-0.00375214
0.00030870,0.00035793,-0.00529205
0.00030880,-0.00006346,-0.00662905
0.00030890,-0.00040385,-0.00770610
0.00030900,-0.00089014,-0.00847695
0.00030910,-0.00125518,-0.00890810
0.00030920,-0.00162560,-0.00898025
0.00030930,-0.00190180,-0.00868900
0.00030940,-0.00198381,-0.00804504
0.00030950,-0.00206380,-0.00707367
0.00030960,-0.00202009,-0.00581368
0.00030970,-0.00202362,-0.00431574
0.00030980,-0.00184577,-0.00264028
0.00030990,-0.00173936,-0.00085489
0.00031000,-0.00135605,0.00096848
0.00031010,-0.00078847,0.00275658
0.00031020,-0.00041700,0.00443798
0.00031030,0.00011743,0.00594601
0.00031040,0.00058892,0.00722157
0.00031050,0.00126369,0.00821549
0.00031060,0.00193929,0.00889054
0.00031070,0.00221842,0.00922278
0.00031080,0.00271535,0.00920239
0.00031090,0.00282681,0.00883384
0.00031100,0.00295670,0.00813544
0.00031110,0.00314641,0.00713833
0.00031120,0.00297465,0.00588491
0.00031130,0.00260798,0.00442690
0.00031140,0.00228796,0.00282298
0.00031150,0.00187754,0.00113631
0.00031160,0.00118911,-0.00056812
0.00031170,0.00032267,-0.00222609
0.00031180,-0.00043979,-0.00377662
0.00031190,-0.00090713,-0.00516426
0.00031200,-0.00167176,-0.00634111
0.00031210,-0.00239337,-0.00726843
0.00031220,-0.00281563,-0.00791787
0.00031230,-0.00340266,-0.00827229
0.00031240,-0.00384921,-0.00832606
0.00031250,-0.00389670,-0.00808490
0.00031260,-0.00386170,-0.00756528
0.00031270,-0.00350381,-0.00679342
0.00031280,-0.00311062,-0.00580392
0.00031290,-0.00278397,-0.00463810
0.00031300,-0.00234498,-0.00334219
0.00031310,-0.00169676,-0.00196547
0.00031320,-0.00095025,-0.00055831
0.00031330,-0.00026839,0.00082964
0.00031340,0.00056725,0.00215115
0.00031350,0.00137127,0.00336291
0.00031360,0.00191417,0.00442685
0.00031370,0.00225790,0.00531121
0.00031380,0.00274701,0.00599135
0.00031390,0.00313203,0.00645031
0.00031400,0.00335474,0.00667911
0.00031410,0.00325088,0.00667680
0.00031420,0.00296035,0.00645027
0.00031430,0.00261149,0.00601370
0.00031440,0.00232411,0.00538797
0.00031450,0.00187857,0.00459971
0.00031460,0.00117598,0.00368026
0.00031470,0.00063671,0.00266453
0.00031480,-0.00005510,0.00158974
0.00031490,-0.00078118,0.00049413
0.00031500,-0.00116857,-0.00058433
0.00031510,-0.00159252,-0.00160919
0.00031520,-0.00202583,-0.00254668
0.00031530,-0.00231854,-0.00336689
0.00031540,-0.00233750,-0.00404462
0.00031550,-0.00227871,-0.00456028
0.00031560,-0.00223167,-0.00490044
0.00031570,-0.00204888,-0.00505816
0.00031580,-0.00198251,-0.00503316
0.00031590,-0.00140039,-0.00483168
0.00031600,-0.00091233,-0.00446607
0.00031610,-0.00057691,-0.00395428
0.00031620,-0.00025501,-0.00331904
0.00031630,-0.00003714,-0.00258694
0.00031640,0.00006402,-0.00178745
0.00031650,0.00045388,-0.00095177
0.00031660,0.00087373,-0.00011172
0.00031670,0.00083538,0.00070146
0.00031680,0.00081333,0.00145822
0.00031690,0.00082837,0.00213179
0.00031700,0.00063264,0.00269916
0.00031710,0.00040517,0.00314191
0.00031720,0.00018225,0.00344682
0.00031730,-0.00009990,0.00360636
0.00031740,-0.00048090,0.00361882
0.00031750,-0.00087234,0.00348834
0.00031760,-0.00102948,0.00322460
0.00031770,-0.00104601,0.00284238
0.00031780,-0.00111092,0.00236081
0.00031790,-0.00106852,0.00180255
0.00031800,-0.00113674,0.00119277
0.00031810,-0.00116111,0.00055801
0.00031820,-0.00075481,-0.00007487
0.00031830,-0.00051809,-0.00067990
0.00031840,-0.00032410,-0.00123293
0.00031850,-0.00010215,-0.00171271
0.00031860,-0.00003765,-0.00210158
0.00031870,0.00050391,-0.00238620
0.00031880,0.00097511,-0.00255797
0.00031890,0.00118889,-0.00261328
0.00031900,0.00142329,-0.00255356
0.00031910,0.00139601,-0.00238509
0.00031920,0.00147443,-0.00211862
0.00031930,0.00131171,-0.00176881
0.00031940,0.00127448,-0.00135345
0.00031950,0.00110533,-0.00089264
0.00031960,0.00067385,-0.00040781
0.00031970,0.00034375,0.00007924
0.00031980,-0.00022730,0.00054735
0.00031990,-0.00062217,0.00097687
0.00032000,-0.00104876,0.00135052
0.00032010,-0.00161759,0.00165401
0.00032020,-0.00193465,0.00187661
0.00032030,-0.00219668,0.00201149
0.00032040,-0.00239671,0.00205586
0.00032050,-0.00252514,0.00201103
0.00032060,-0.00278146,0.00188220
0.00032070,-0.00272291,0.00167813
0.00032080,-0.00238089,0.00141066
0.00032090,-0.00210008,0.00109401
0.00032100,-0.00172697,0.00074400
0.00032110,-0.00146019,0.00037726
0.00032120,-0.00067182,0.00001034
0.00032130,-0.00017809,-0.00034103
0.00032140,0.00029195,-0.00066268
0.00032150,0.00094710,-0.00094253
0.00032160,0.00130043,-0.00117104
0.00032170,0.00196088,-0.00134154
0.00032180,0.00244856,-0.00145030
0.00032190,0.00254298,-0.00149657
0.00032200,0.00278922,-0.00148246
0.00032210,0.00243653,-0.00141266
0.00032220,0.00233211,-0.00129411
0.00032230,0.00227179,-0.00113555
0.00032240,0.00200574,-0.00094693
0.00032250,0.00161186,-0.00073883
0.00032260,0.00104295,-0.00052188
0.00032270,0.00030254,-0.00030617
0.00032280,-0.00047033,-0.00010077
0.00032290,-0.00106340,0.00008666
0.00032300,-0.00163573,0.00025021
0.00032310,-0.00197811,0.00038580
0.00032320,-0.00228285,0.00049127
0.00032330,-0.00263643,0.00056632
0.00032340,-0.00282278,0.00061233
0.00032350,-0.00310884,0.00063216
0.00032360,-0.00296501,0.00062983
0.00032370,-0.00273880,0.00061009
0.00032380,-0.00255558,0.00057808
0.00032390,-0.00216046,0.00053880
0.00032400,-0.00173021,0.00049682
0.00032410,-0.00120136,0.00045583
0.00032420,-0.00055908,0.00041854
0.00032430,-0.00031524,0.00038648
0.00032440,0.00024593,0.00036006
0.00032450,0.00053290,0.00033863
0.00032460,0.00101487,0.00032067
0.00032470,0.00168493,0.00030397
0.00032480,0.00187228,0.00028598
0.00032490,0.00210871,0.00026401
0.00032500,0.00209789,0.00023560
0.00032510,0.00204913,0.00019868
0.00032520,0.00207246,0.00015183
0.00032530,0.00198025,0.00009440
0.00032540,0.00187840,0.00002659
0.00032550,0.00160383,-0.00005048
0.00032560,0.00107924,-0.00013482
0.00032570,0.00068494,-0.00022364
0.00032580,0.00035676,-0.00031348
0.00032590,-0.00017203,-0.00040038
0.00032600,-0.00060148,-0.00048003
0.00032610,-0.00096606,-0.00054802
0.00032620,-0.00121134,-0.00060003
0.00032630,-0.00139767,-0.00063220
0.00032640,-0.00172240,-0.00064133
0.00032650,-0.00180432,-0.00062522
0.00032660,-0.00177152,-0.00058293
0.00032670,-0.00193594,-0.00051492
0.00032680,-0.00203862,-0.00042321
0.00032690,-0.00176979,-0.00031128
0.00032700,-0.00156792,-0.00018397
0.00032710,-0.00164699,-0.00004721
0.00032720,-0.00128849,0.00009233
0.00032730,-0.00099656,0.00022757
0.00032740,-0.00090169,0.00035152
0.00032750,-0.00059022,0.00045756
0.00032760,-0.00016499,0.00053992
0.00032770,0.00017424,0.00059388
0.00032780,0.00012577,0.00061615
0.00032790,0.00033060,0.00060498
0.00032800,0.00037332,0.00056034
0.00032810,0.00061044,0.00048399
0.00032820,0.00097495,0.00037947
0.00032830,0.00098500,0.00025199
0.00032840,0.00111978,0.00010821
0.00032850,0.00085675,-0.00004408
0.00032860,0.00082201,-0.00019633
0.00032870,0.00089414,-0.00033975
0.00032880,0.00078518,-0.00046575
0.00032890,0.00076434,-0.00056651
0.00032900,0.00064591,-0.00063539
0.00032910,0.00069547,-0.00066737
0.00032920,0.00047058,-0.00065938
0.00032930,0.00013273,-0.00061049
0.00032940,0.00001493,-0.00052205
0.00032950,-0.00018489,-0.00039765
0.00032960,-0.00045866,-0.00024297
0.00032970,-0.00066867,-0.00006556
0.00032980,-0.00094803,0.00012547
0.00032990,-0.00108223,0.00031995
0.00033000,-0.00121970,0.00050707
0.00033010,-0.00133149,0.00067601
0.00033020,-0.00160053,0.00081656
0.00033030,-0.00169351,0.00091970
0.00033040,-0.00192267,0.00097818
0.00033050,-0.00206617,0.00098695
0.00033060,-0.00201736,0.00094348
0.00033070,-0.00190487,0.00084798
0.00033080,-0.00161355,0.00070343
0.00033090,-0.00144364,0.00051552
0.00033100,-0.00112597,0.00029239
0.00033110,-0.00067725,0.00004436
0.00033120,-0.00023766,-0.00021653
0.00033130,0.00019778,-0.00047712
0.00033140,0.00056851,-0.00072369
0.00033150,0.00128739,-0.00094277
0.00033160,0.00177259,-0.00112179
0.00033170,0.00197254,-0.00124983
0.00033180,0.00234377,-0.00131831
0.00033190,0.00272237,-0.00132155
0.00033200,0.00287804,-0.00125720
0.00033210,0.00280326,-0.00112655
0.00033220,0.00290516,-0.00093453
0.00033230,0.00266227,-0.00068963
0.00033240,0.00237197,-0.00040347
0.00033250,0.00152929,-0.00009032
0.00033260,0.00103568,0.00023363
0.00033270,0.00068947,0.00055115
0.00033280,-0.00006772,0.00084484
0.00033290,-0.00078930,0.00109813
0.00033300,-0.00157901,0.00129625
0.00033310,-0.00229737,0.00142707
0.00033320,-0.00289951,0.00148186
0.00033330,-0.00357350,0.00145584
0.00033340,-0.00398854,0.00134860
0.00033350,-0.00423800,0.00116424
0.00033360,-0.00443489,0.00091129
0.00033370,-0.00438604,0.00060244
0.00033380,-0.00421408,0.00025396
0.00033390,-0.00376028,-0.00011501
0.00033400,-0.00330155,-0.00048347
0.00033410,-0.00276520,-0.00082972
0.00033420,-0.00176855,-0.00113268
0.00033430,-0.00086801,-0.00137313
0.00033440,0.00000238,-0.00153497
0.00033450,0.00094685,-0.00160628
0.00033460,0.00180146,-0.00158016
0.00033470,0.00270227,-0.00145524
0.00033480,0.00341439,-0.00123589
0.00033490,0.00414197,-0.00093215
0.00033500,0.00472199,-0.00055928
0.00033510,0.00484625,-0.00013704
0.00033520,0.00501844,0.00031126
0.00033530,0.00487356,0.00076006
0.00033540,0.00481932,0.00118285
0.00033550,0.00420310,0.00155374
0.00033560,0.00343070,0.00184894
0.00033570,0.00252740,0.00204821
0.00033580,0.00150081,0.00213618
0.00033590,0.00038100,0.00210340
0.00033600,-0.00091982,0.00194704
0.00033610,-0.00178588,0.00167127
0.00033620,-0.00289721,0.00128718
0.00033630,-0.00386867,0.00081238
0.00033640,-0.00470220,0.00027010
0.00033650,-0.00531670,-0.00031196
0.00033660,-0.00578699,-0.00090310
0.00033670,-0.00599377,-0.00147132
0.00033680,-0.00589928,-0.00198501
0.00033690,-0.00557206,-0.00241471
0.00033700,-0.00519093,-0.00273480
0.00033710,-0.00445655,-0.00292500
0.00033720,-0.00358925,-0.00297162
0.00033730,-0.00253221,-0.00286847
0.00033740,-0.00137089,-0.00261736
0.00033750,-0.00020036,-0.00222812
0.00033760,0.00087781,-0.00171815
0.00033770,0.00187008,-0.00111162
0.00033780,0.00304025,-0.00043813
0.00033790,0.00391186,0.00026884
0.00033800,0.00471926,0.00097378
0.00033810,0.00498033,0.00164101
0.00033820,0.00532825,0.00223659
0.00033830,0.00544593,0.00273014
0.00033840,0.00506284,0.00309638
0.00033850,0.00456749,0.00331647
0.00033860,0.00398114,0.00337899
0.00033870,0.00329182,0.00328053
0.00033880,0.00246316,0.00302587
0.00033890,0.00158386,0.00262777
0.00033900,0.00033004,0.00210632
0.00033910,-0.00042061,0.00148788
0.00033920,-0.00158850,0.00080371
0.00033930,-0.00262229,0.00008829
0.00033940,-0.00336862,-0.00062245
0.00033950,-0.00416250,-0.00129308
0.00033960,-0.00469691,-0.00189055
0.00033970,-0.00494111,-0.00238591
0.00033980,-0.00482918,-0.00275582
0.00033990,-0.00481626,-0.00298378
0.00034000,-0.00442177,-0.00306085
0.00034010,-0.00409497,-0.00298605
0.00034020,-0.00346482,-0.00276623
0.00034030,-0.00283891,-0.00241556
0.00034040,-0.00211963,-0.00195461
0.00034050,-0.00120294,-0.00140910
0.00034060,-0.00034841,-0.00080851
0.00034070,0.00047655,-0.00018444
0.00034080,0.00131851,0.00043103
0.00034090,0.00198956,0.00100693
0.00034100,0.00239928,0.00151495
0.00034110,0.00283209,0.00193081
0.00034120,0.00307263,0.00223541
0.00034130,0.00313701,0.00241570
0.00034140,0.00307905,0.00246530
0.00034150,0.00300965,0.00238469
0.00034160,0.00289836,0.00218109
0.00034170,0.00262993,0.00186800
0.00034180,0.00195671,0.00146431
0.00034190,0.00136469,0.00099325
0.00034200,0.00098236,0.00048102
0.00034210,0.00058772,-0.00004463
0.00034220,-0.00006861,-0.00055594
0.00034230,-0.00073273,-0.00102656
0.00034240,-0.00115390,-0.00143295
0.00034250,-0.00161821,-0.00175550
0.00034260,-0.00179303,-0.00197947
0.00034270,-0.00188868,-0.00209555
0.00034280,-0.00209202,-0.00210020
0.00034290,-0.00207054,-0.00199563
0.00034300,-0.00213364,-0.00178955
0.00034310,-0.00204638,-0.00149458
0.00034320,-0.00207648,-0.00112758
0.00034330,-0.00185127,-0.00070856
0.00034340,-0.00169668,-0.00025971
0.00034350,-0.00152074,0.00019588
0.00034360,-0.00094138,0.00063536
0.00034370,-0.00079579,0.00103728
0.00034380,-0.00049684,0.00138256
0.00034390,-0.00022568,0.00165547
0.00034400,-0.00014763,0.00184421
0.00034410,0.00014102,0.00194141
0.00034420,0.00031939,0.00194436
0.00034430,0.00059391,0.00185496
0.00034440,0.00055673,0.00167957
0.00034450,0.00063389,0.00142852
0.00034460,0.00080853,0.00111554
0.00034470,0.00064688,0.00075696
0.00034480,0.00091428,0.00037087
0.00034490,0.00093678,-0.00002381
0.00034500,0.00104613,-0.00040826
0.00034510,0.00106626,-0.00076472
0.00034520,0.00101506,-0.00107729
0.00034530,0.00116458,-0.00133271
0.00034540,0.00088629,-0.00152091
0.00034550,0.00073779,-0.00163534
0.00034560,0.00056178,-0.00167321
0.00034570,0.00070243,-0.00163544
0.00034580,0.00042792,-0.00152651
0.00034590,0.00028044,-0.00135408
0.00034600,-0.00005852,-0.00112862
0.00034610,-0.00029621,-0.00086274
0.00034620,-0.00028249,-0.00057065
0.00034630,-0.00080073,-0.00026742
0.00034640,-0.00095399,0.00003173
0.00034650,-0.00130248,0.00031220
0.00034660,-0.00156129,0.00056078
0.00034670,-0.00134701,0.00076634
0.00034680,-0.00144945,0.00092047
0.00034690,-0.00145633,0.00101793
0.00034700,-0.00151970,0.00105694
0.00034710,-0.00147630,0.00103924
0.00034720,-0.00149699,0.00096991
0.00034730,-0.00129838,0.00085696
0.00034740,-0.00118138,0.00071075
0.00034750,-0.00090984,0.00054322
0.00034760,-0.00070737,0.00036704
0.00034770,-0.00042375,0.00019478
0.00034780,-0.00018562,0.00003813
0.00034790,-0.00012711,-0.00009286
0.00034800,0.00032620,-0.00019028
0.00034810,0.00040093,-0.00024889
0.00034820,0.00062601,-0.00026634
0.00034830,0.00086458,-0.00024333
0.00034840,0.00074901,-0.00018356
0.00034850,0.00098362,-0.00009350
0.00034860,0.00094413,0.00001802
0.00034870,0.00115585,0.00014034
0.00034880,0.00121015,0.00026167
0.00034890,0.00102477,0.00036990
0.00034900,0.00094738,0.00045344
0.00034910,0.00064226,0.00050204
0.00034920,0.00051287,0.00050760
0.00034930,0.00026539,0.00046481
0.00034940,0.00002055,0.00037163
0.00034950,-0.00013496,0.00022952
0.00034960,-0.00037808,0.00004350
0.00034970,-0.00046402,-0.00017810
0.00034980,-0.00078714,-0.00042398
0.00034990,-0.00095465,-0.00068057
0.00035000,-0.00109790,-0.00093274
0.00035010,-0.00110485,-0.00116470
0.00035020,-0.00112400,-0.00136092
0.00035030,-0.00110415,-0.00150705
0.00035040,-0.00109885,-0.00159082
0.00035050,-0.00105054,-0.00160283
0.00035060,-0.00088493,-0.00153719
0.00035070,-0.00073933,-0.00139199
0.00035080,-0.00075264,-0.00116961
0.00035090,-0.00071637,-0.00087669
0.00035100,-0.00060257,-0.00052394
0.00035110,-0.00033275,-0.00012566
0.00035120,-0.00032218,0.00030098
0.00035130,-0.00026168,0.00073673
0.00035140,0.00011280,0.00116127
0.00035150,0.00021884,0.00155425
0.00035160,0.00044241,0.00189636
0.00035170,0.00037104,0.00217026
0.00035180,0.00034544,0.00236154
0.00035190,0.00041848,0.00245944
0.00035200,0.00033853,0.00245742
0.00035210,0.00048319,0.00235352
0.00035220,0.00065781,0.00215045
0.00035230,0.00062504,0.00185549
0.00035240,0.00057883,0.00148012
0.00035250,0.00051014,0.00103941
0.00035260,0.00028063,0.00055127
0.00035270,0.00015371,0.00003555
0.00035280,-0.00014250,-0.00048688
0.00035290,-0.00016024,-0.00099509
0.00035300,-0.00038225,-0.00146896
0.00035310,-0.00030558,-0.00188997
0.00035320,-0.00032768,-0.00224193
0.00035330,-0.00042258,-0.00251148
0.00035340,-0.00056804,-0.00268864
0.00035350,-0.00082190,-0.00276706
0.00035360,-0.00077050,-0.00274427
0.00035370,-0.00104334,-0.00262170
0.00035380,-0.00100287,-0.00240457
0.00035390,-0.00100869,-0.00210160
0.00035400,-0.00100739,-0.00172462
0.00035410,-0.00067724,-0.00128794
0.00035420,-0.00067852,-0.00080772
0.00035430,-0.00061227,-0.00030123
0.00035440,-0.00054266,0.00021384
0.00035450,-0.00038587,0.00072007
0.00035460,0.00001404,0.00120083
0.00035470,0.00007086,0.00164080
0.00035480,0.00023641,0.00202636
0.00035490,0.00046333,0.00234582
0.00035500,0.00033168,0.00258968
0.00035510,0.00039381,0.00275070
0.00035520,0.00046913,0.00282401
0.00035530,0.00065790,0.00280714
0.00035540,0.00067509,0.00270009
0.00035550,0.00079201,0.00250534
0.00035560,0.00082965,0.00222789
0.00035570,0.00074921,0.00187520
0.00035580,0.00072156,0.00145710
0.00035590,0.00065810,0.00098566
0.00035600,0.00073521,0.00047484
0.00035610,0.00070123,-0.00005984
0.00035620,0.00054667,-0.00060177
0.00035630,0.00029804,-0.00113376
0.00035640,-0.00012926,-0.00163852
0.00035650,-0.00020031,-0.00209921
0.00035660,-0.00037732,-0.00249993
0.00035670,-0.00063805,-0.00282618
0.00035680,-0.00087699,-0.00306537
0.00035690,-0.00107929,-0.00320721
0.00035700,-0.00141568,-0.00324413
0.00035710,-0.00175374,-0.00317165
0.00035720,-0.00194189,-0.00298868
0.00035730,-0.00213684,-0.00269770
0.00035740,-0.00206453,-0.00230492
0.00035750,-0.00207081,-0.00182030
0.00035760,-0.00194196,-0.00125744
0.00035770,-0.00194414,-0.00063335
0.00035780,-0.00177052,0.00003192
0.00035790,-0.00147339,0.00071588
0.00035800,-0.00103679,0.00139422
0.00035810,-0.00051813,0.00204169
0.00035820,-0.00023013,0.00263303
0.00035830,0.00040956,0.00314397
0.00035840,0.00085142,0.00355226
0.00035850,0.00127178,0.00383871
0.00035860,0.00175542,0.00398806
0.00035870,0.00205626,0.00398983
0.00035880,0.00232737,0.00383895
0.00035890,0.00238967,0.00353627
0.00035900,0.00260268,0.00308870
0.00035910,0.00270301,0.00250927
0.00035920,0.00254072,0.00181680
0.00035930,0.00242299,0.00103534
0.00035940,0.00213440,0.00019336
0.00035950,0.00171159,-0.00067724
0.00035960,0.00123893,-0.00154237
0.00035970,0.00062986,-0.00236705
0.00035980,-0.00011302,-0.00311687
0.00035990,-0.00076285,-0.00375940
0.00036000,-0.00138876,-0.00426571
0.00036010,-0.00217394,-0.00461170
0.00036020,-0.00257002,-0.00477933
0.00036030,-0.00318976,-0.00475759
0.00036040,-0.00345660,-0.00454313
0.00036050,-0.00366406,-0.00414066
0.00036060,-0.00391166,-0.00356287
0.00036070,-0.00386633,-0.00283008
0.00036080,-0.00379135,-0.00196941
0.00036090,-0.00309069,-0.00101377
0.00036100,-0.00285898,-0.00000055
0.00036110,-0.00229815,0.00102994
0.00036120,-0.00171727,0.00203606
0.00036130,-0.00096329,0.00297653
0.00036140,-0.00000240,0.00381210
0.00036150,0.00063821,0.00450717
0.00036160,0.00135047,0.00503121
0.00036170,0.00180866,0.00536007
0.00036180,0.00248185,0.00547702
0.00036190,0.00293221,0.00537356
0.00036200,0.00308433,0.00504997
0.00036210,0.00325864,0.00451552
0.00036220,0.00314416,0.00378828
0.00036230,0.00311461,0.00289464
0.00036240,0.00294535,0.00186841
0.00036250,0.00244365,0.00074956
0.00036260,0.00200934,-0.00041734
0.00036270,0.00147194,-0.00158488
0.00036280,0.00094698,-0.00270482
0.00036290,0.00019196,-0.00373009
0.00036300,-0.00056933,-0.00461677
0.00036310,-0.00141293,-0.00532598
0.00036320,-0.00196092,-0.00582560
0.00036330,-0.00229610,-0.00609170
0.00036340,-0.00278205,-0.00610968
0.00036350,-0.00292261,-0.00587506
0.00036360,-0.00315461,-0.00539382
0.00036370,-0.00297570,-0.00468238
0.00036380,-0.00278082,-0.00376707
0.00036390,-0.00257529,-0.00268327
0.00036400,-0.00242590,-0.00147402
0.00036410,-0.00193783,-0.00018840
0.00036420,-0.00123339,0.00112045
0.00036430,-0.00081944,0.00239756
0.00036440,-0.00011069,0.00358840
0.00036450,0.00017482,0.00464125
0.00036460,0.00088363,0.00550951
0.00036470,0.00139605,0.00615378
0.00036480,0.00176248,0.00654375
0.00036490,0.00210826,0.00665968
0.00036500,0.00226844,0.00649344
0.00036510,0.00229871,0.00604912
0.00036520,0.00194199,0.00534296
0.00036530,0.00187366,0.00440290
0.00036540,0.00142957,0.00326750
0.00036550,0.00085659,0.00198442
0.00036560,0.00036815,0.00060845
0.00036570,-0.00012792,-0.00080089
0.00036580,-0.00061530,-0.00218194
0.00036590,-0.00121023,-0.00347371
0.00036600,-0.00164754,-0.00461869
0.00036610,-0.00210464,-0.00556557
0.00036620,-0.00241154,-0.00627164
0.00036630,-0.00249020,-0.00670488
0.00036640,-0.00264582,-0.00684539
0.00036650,-0.00254106,-0.00668642
0.00036660,-0.00241003,-0.00623469
0.00036670,-0.00220843,-0.00551008
0.00036680,-0.00182389,-0.00454482
0.00036690,-0.00134499,-0.00338210
0.00036700,-0.00078585,-0.00207413
0.00036710,-0.00038152,-0.00067986
0.00036720,0.00036259,0.00073775
0.00036730,0.00086792,0.00211464
0.00036740,0.00137249,0.00338863
0.00036750,0.00185851,0.00450233
0.00036760,0.00226635,0.00540595
0.00036770,0.00242676,0.00605957
0.00036780,0.00253513,0.00643504
0.00036790,0.00266536,0.00651726
0.00036800,0.00230138,0.00630483
0.00036810,0.00214527,0.00580993
0.00036820,0.00164144,0.00505774
0.00036830,0.00131490,0.00408511
0.00036840,0.00099237,0.00293876
0.00036850,0.00020761,0.00167306
0.00036860,-0.00049205,0.00034743
0.00036870,-0.00110458,-0.00097648
0.00036880,-0.00179054,-0.00223766
0.00036890,-0.00236643,-0.00337864
0.00036900,-0.00270117,-0.00434813
0.00036910,-0.00309314,-0.00510337
0.00036920,-0.00305295,-0.00561208
0.00036930,-0.00314629,-0.00585387
0.00036940,-0.00303417,-0.00582104
0.00036950,-0.00283610,-0.00551882
0.00036960,-0.00236579,-0.00496490
0.00036970,-0.00189734,-0.00418851
0.00036980,-0.00164689,-0.00322880
0.00036990,-0.00111225,-0.00213294
0.00037000,-0.00054033,-0.00095375
0.00037010,0.00012207,0.00025286
0.00037020,0.00080519,0.00143052
0.00037030,0.00145512,0.00252502
0.00037040,0.00193019,0.00348681
0.00037050,0.00210655,0.00427324
0.00037060,0.00220196,0.00485036
0.00037070,0.00238297,0.00519440
0.00037080,0.00226664,0.00529263
0.00037090,0.00214933,0.00514382
0.00037100,0.00197736,0.00475805
0.00037110,0.00147547,0.00415610
0.00037120,0.00114776,0.00336835
0.00037130,0.00061807,0.00243322
0.00037140,0.00017248,0.00139534
0.00037150,-0.00027488,0.00030340
0.00037160,-0.00055856,-0.00079207
0.00037170,-0.00103671,-0.00184111
0.00037180,-0.00130249,-0.00279651
0.00037190,-0.00187125,-0.00361601
0.00037200,-0.00201414,-0.00426411
0.00037210,-0.00220232,-0.00471355
0.00037220,-0.00231951,-0.00494645
0.00037230,-0.00217715,-0.00495489
0.00037240,-0.00213808,-0.00474106
0.00037250,-0.00169189,-0.00431700
0.00037260,-0.00169506,-0.00370383
0.00037270,-0.00130641,-0.00293069
0.00037280,-0.00106909,-0.00203330
0.00037290,-0.00061461,-0.00105232
0.00037300,-0.00012966,-0.00003152
0.00037310,0.00009238,0.00098415
0.00037320,0.00056454,0.00195056
0.00037330,0.00069526,0.00282623
0.00037340,0.00098629,0.00357413
0.00037350,0.00095663,0.00416315
0.00037360,0.00118237,0.00456936
0.00037370,0.00127376,0.00477690
0.00037380,0.00102983,0.00477858
0.00037390,0.00090381,0.00457599
0.00037400,0.00059870,0.00417938
0.00037410,0.00067445,0.00360710
0.00037420,0.00064552,0.00288481
0.00037430,0.00025830,0.00204427
0.00037440,-0.00012876,0.00112202
0.00037450,-0.00032640,0.00015776
0.00037460,-0.00039572,-0.00080734
0.00037470,-0.00071985,-0.00173240
0.00037480,-0.00093084,-0.00257857
0.00037490,-0.00104621,-0.00331063
0.00037500,-0.00111813,-0.00389847
0.00037510,-0.00113496,-0.00431825
0.00037520,-0.00120598,-0.00455341
0.00037530,-0.00111897,-0.00459530
0.00037540,-0.00113464,-0.00444349
0.00037550,-0.00080556,-0.00410584
0.00037560,-0.00085837,-0.00359808
0.00037570,-0.00074112,-0.00294323
0.00037580,-0.00051626,-0.00217050
0.00037590,-0.00053707,-0.00131403
0.00037600,-0.00033514,-0.00041132
0.00037610,-0.00014997,0.00049848
0.00037620,0.00005384,0.00137636
0.00037630,0.00002743,0.00218522
0.00037640,0.00010260,0.00289148
0.00037650,0.00027045,0.00346656
0.00037660,0.00025434,0.00388804
0.00037670,0.00034081,0.00414048
0.00037680,0.00045260,0.00421602
0.00037690,0.00035252,0.00411448
0.00037700,0.00027392,0.00384322
0.00037710,0.00016790,0.00341670
0.00037720,-0.00002370,0.00285562
0.00037730,0.00017329,0.00218596
0.00037740,-0.00011080,0.00143770
0.00037750,-0.00015707,0.00064348
0.00037760,-0.00006407,-0.00016286
0.00037770,-0.00013323,-0.00094770
0.00037780,-0.00014168,-0.00167913
0.00037790,-0.00027307,-0.00232821
0.00037800,-0.00020610,-0.00287017
0.00037810,-0.00025884,-0.00328531
0.00037820,-0.00032903,-0.00355972
0.00037830,-0.00031060,-0.00368567
0.00037840,-0.00035752,-0.00366175
0.00037850,-0.00047405,-0.00349270
0.00037860,-0.00029271,-0.00318894
0.00037870,-0.00016306,-0.00276588
0.00037880,0.00000029,-0.00224309
0.00037890,-0.00014624,-0.00164328
0.00037900,-0.00033587,-0.00099125
0.00037910,-0.00044148,-0.00031282
0.00037920,-0.00053531,0.00036619
0.00037930,-0.00062717,0.00102085
0.00037940,-0.00054203,0.00162798
0.00037950,-0.00042827,0.00216686
0.00037960,-0.00044056,0.00261973
0.00037970,-0.00043116,0.00297233
0.00037980,-0.00045617,0.00321416
0.00037990,-0.00036651,0.00333869
0.00038000,-0.00035266,0.00334341
0.00038010,-0.00041413,0.00322976
0.00038020,-0.00029916,0.00300291
0.00038030,-0.00038659,0.00267146
0.00038040,-0.00043738,0.00224709
0.00038050,-0.00026074,0.00174406
0.00038060,-0.00023835,0.00117879
0.00038070,-0.00022316,0.00056943
0.00038080,-0.00029503,-0.00006467
0.00038090,-0.00046434,-0.00070339
0.00038100,-0.00038760,-0.00132630
0.00038110,-0.00025458,-0.00191314
0.00038120,-0.00007391,-0.00244435
0.00038130,-0.00003341,-0.00290157
0.00038140,0.00011465,-0.00326822
0.00038150,0.00023230,-0.00353006
0.00038160,0.00021212,-0.00367574
0.00038170,0.00026309,-0.00369727
0.00038180,0.00019555,-0.00359041
0.00038190,0.00027763,-0.00335504
0.00038200,0.00029371,-0.00299534
0.00038210,0.00028023,-0.00251989
0.00038220,0.00014809,-0.00194167
0.00038230,0.00017658,-0.00127783
0.00038240,-0.00002067,-0.00054935
0.00038250,-0.00009295,0.00021954
0.00038260,-0.00011264,0.00100217
0.00038270,-0.00032954,0.00177034
0.00038280,-0.00056827,0.00249540
0.00038290,-0.00067549,0.00314939
0.00038300,-0.00073137,0.00370617
0.00038310,-0.00092411,0.00414253
0.00038320,-0.00088016,0.00443915
0.00038330,-0.00093314,0.00458145
0.00038340,-0.00102594,0.00456033
0.00038350,-0.00118672,0.00437264
0.00038360,-0.00121713,0.00402149
0.00038370,-0.00124628,0.00351632
0.00038380,-0.00115168,0.00287265
0.00038390,-0.00093569,0.00211170
0.00038400,-0.00094170,0.00125966
0.00038410,-0.00073956,0.00034672
0.00038420,-0.00068052,-0.00059404
0.00038430,-0.00036252,-0.00152793
0.00038440,-0.00005192,-0.00242010
0.00038450,0.00023597,-0.00323688
0.00038460,0.00033345,-0.00394718
0.00038470,0.00047190,-0.00452375
0.00038480,0.00064749,-0.00494424
0.00038490,0.00079311,-0.00519212
0.00038500,0.00097922,-0.00525730
0.00038510,0.00100790,-0.00513648
0.00038520,0.00107757,-0.00483324
0.00038530,0.00139180,-0.00435778
0.00038540,0.00128603,-0.00372656
0.00038550,0.00112614,-0.00296159
0.00038560,0.00109615,-0.00208958
0.00038570,0.00070758,-0.00114097
0.00038580,0.00049874,-0.00014886
0.00038590,0.00021136,0.00085219
0.00038600,-0.00005515,0.00182733
0.00038610,-0.00057200,0.00274263
0.00038620,-0.00101705,0.00356632
0.00038630,-0.00116805,0.00426989
0.00038640,-0.00142179,0.00482904
0.00038650,-0.00180442,0.00522456
0.00038660,-0.00191163,0.00544296
0.00038670,-0.00191604,0.00547687
0.00038680,-0.00205622,0.00532526
0.00038690,-0.00209724,0.00499341
0.00038700,-0.00192923,0.00449263
0.00038710,-0.00167413,0.00383983
0.00038720,-0.00159350,0.00305690
0.00038730,-0.00140669,0.00216994
0.00038740,-0.00123805,0.00120843
0.00038750,-0.00078237,0.00020425
0.00038760,-0.00054413,-0.00080927
0.00038770,0.00000187,-0.00179832
0.00038780,0.00054410,-0.00272967
0.00038790,0.00088588,-0.00357172
0.00038800,0.00115319,-0.00429554
0.00038810,0.00135586,-0.00487583
0.00038820,0.00170189,-0.00529184
0.00038830,0.00174877,-0.00552814
0.00038840,0.00183383,-0.00557528
0.00038850,0.00184649,-0.00543019
0.00038860,0.00178306,-0.00509647
0.00038870,0.00168948,-0.00458439
0.00038880,0.00139410,-0.00391067
0.00038890,0.00107453,-0.00309807
0.00038900,0.00068128,-0.00217463
0.00038910,0.00032314,-0.00117278
0.00038920,-0.00011908,-0.00012824
0.00038930,-0.00062490,0.00092126
0.00038940,-0.00107927,0.00193739
0.00038950,-0.00141275,0.00288265
0.00038960,-0.00173140,0.00372186
0.00038970,-0.00200614,0.00442356
0.00038980,-0.00244776,0.00496132
0.00038990,-0.00243892,0.00531486
0.00039000,-0.00246121,0.00547094
0.00039010,-0.00257581,0.00542401
0.00039020,-0.00226006,0.00517647
0.00039030,-0.00206376,0.00473865
0.00039040,-0.00197978,0.00412847
0.00039050,-0.00164639,0.00337068
0.00039060,-0.00110737,0.00249583
0.00039070,-0.00076587,0.00153896
0.00039080,-0.00019443,0.00053811
0.00039090,0.00039189,-0.00046732
0.00039100,0.00083340,-0.00143820
0.00039110,0.00117705,-0.00233732
0.00039120,0.00150975,-0.00313087
0.00039130,0.00151798,-0.00378978
0.00039140,0.00197722,-0.00429091
0.00039150,0.00207008,-0.00461781
0.00039160,0.00208287,-0.00476131
0.00039170,0.00203735,-0.00471976
0.00039180,0.00164044,-0.00449892
0.00039190,0.00136367,-0.00411159
0.00039200,0.00127042,-0.00357692
0.00039210,0.00090713,-0.00291949
0.00039220,0.00047506,-0.00216818
0.00039230,-0.00006262,-0.00135489
0.00039240,-0.00085757,-0.00051316
0.00039250,-0.00123242,0.00032323
0.00039260,-0.00151392,0.00112167
0.00039270,-0.00163588,0.00185202
0.00039280,-0.00195697,0.00248779
0.00039290,-0.00228889,0.00300711
0.00039300,-0.00237809,0.00339343
0.00039310,-0.00251937,0.00363599
0.00039320,-0.00227798,0.00372998
0.00039330,-0.00218761,0.00367645
0.00039340,-0.00203028,0.00348202
0.00039350,-0.00184890,0.00315834
0.00039360,-0.00168680,0.00272148
0.00039370,-0.00108449,0.00219113
0.00039380,-0.00054518,0.00158987
0.00039390,0.00000392,0.00094224
0.00039400,0.00037634,0.00027396
0.00039410,0.00067987,-0.00038906
0.00039420,0.00115466,-0.00102152
0.00039430,0.00147052,-0.00159969
0.00039440,0.00164188,-0.00210218
0.00039450,0.00166496,-0.00251070
0.00039460,0.00166207,-0.00281069
0.00039470,0.00155566,-0.00299188
0.00039480,0.00164774,-0.00304853
0.00039490,0.00146637,-0.00297968
0.00039500,0.00114019,-0.00278904
0.00039510,0.00085390,-0.00248486
0.00039520,0.00046181,-0.00207961
0.00039530,0.00018857,-0.00158952
0.00039540,-0.00029065,-0.00103405
0.00039550,-0.00058161,-0.00043517
0.00039560,-0.00092479,0.00018331
0.00039570,-0.00137995,0.00079666
0.00039580,-0.00157041,0.00138006
0.00039590,-0.00190770,0.00190950
0.00039600,-0.00216390,0.00236270
0.00039610,-0.00221198,0.00271993
0.00039620,-0.00228619,0.00296485
0.00039630,-0.00208716,0.00308522
0.00039640,-0.00176536,0.00307352
0.00039650,-0.00171306,0.00292748
0.00039660,-0.00141637,0.00265030
0.00039670,-0.00109009,0.00225080
0.00039680,-0.00077730,0.00174317
0.00039690,-0.00044974,0.00114658
0.00039700,-0.00015076,0.00048449
0.00039710,0.00013643,-0.00021618
0.00039720,0.00044616,-0.00092613
0.00039730,0.00076522,-0.00161479
0.00039740,0.00106758,-0.00225163
0.00039750,0.00112648,-0.00280745
0.00039760,0.00121133,-0.00325572
0.00039770,0.00126240,-0.00357385
0.00039780,0.00127912,-0.00374432
0.00039790,0.00126128,-0.00375561
0.00039800,0.00109812,-0.00360291
0.00039810,0.00112139,-0.00328844
0.00039820,0.00081249,-0.00282157
0.00039830,0.00047659,-0.00221852
0.00039840,0.00024453,-0.00150183
0.00039850,-0.00002285,-0.00069953
0.00039860,-0.00024878,0.00015593
0.00039870,-0.00037304,0.00102900
0.00039880,-0.00082131,0.00188246
0.00039890,-0.00101752,0.00267900
0.00039900,-0.00128246,0.00338286
0.00039910,-0.00130847,0.00396137
0.00039920,-0.00155419,0.00438647
0.00039930,-0.00172929,0.00463606
0.00039940,-0.00153536,0.00469505
0.00039950,-0.00166069,0.00455629
0.00039960,-0.00150072,0.00422104
0.00039970,-0.00139796,0.00369917
0.00039980,-0.00106134,0.00300892
0.00039990,-0.00068138,0.00217620
0.00040000,-0.00076141,0.00123366
0.00040010,-0.00045119,0.00021923
0.00040020,-0.00034843,-0.00082539
0.00040030,-0.00015466,-0.00185657
0.00040040,0.00022003,-0.00283062
0.00040050,0.00033980,-0.00370560
0.00040060,0.00068260,-0.00444312
0.00040070,0.00077958,-0.00501000
0.00040080,0.00062516,-0.00537971
0.00040090,0.00083091,-0.00553360
0.00040100,0.00096957,-0.00546176
0.00040110,0.00077595,-0.00516367
0.00040120,0.00066437,-0.00464830
0.00040130,0.00066970,-0.00393392
0.00040140,0.00059780,-0.00304748
0.00040150,0.00046444,-0.00202360
0.00040160,0.00038110,-0.00090317
0.00040170,0.00003819,0.00026829
0.00040180,0.00000652,0.00144255
0.00040190,-0.00033918,0.00257070
0.00040200,-0.00058622,0.00360524
0.00040210,-0.00065731,0.00450212
0.00040220,-0.00078775,0.00522266
0.00040230,-0.00096823,0.00573526
0.00040240,-0.00110351,0.00601675
0.00040250,-0.00112329,0.00605349
0.00040260,-0.00125281,0.00584196
0.00040270,-0.00134225,0.00538899
0.00040280,-0.00132545,0.00471158
0.00040290,-0.00126258,0.00383624
0.00040300,-0.00107460,0.00279801
0.00040310,-0.00095033,0.00163903
0.00040320,-0.00071835,0.00040683
0.00040330,-0.00041867,-0.00084757
0.00040340,-0.00020562,-0.00207186
0.00040350,0.00002750,-0.00321460
0.00040360,0.00008352,-0.00422740
0.00040370,0.00016303,-0.00506708
0.00040380,0.00024003,-0.00569750
0.00040390,0.00028737,-0.00609127
0.00040400,0.00039752,-0.00623099
0.00040410,0.00040963,-0.00611009
0.00040420,0.00043092,-0.00573325
0.00040430,0.00034832,-0.00511623
0.00040440,0.00042655,-0.00428528
0.00040450,0.00047846,-0.00327601
0.00040460,0.00031368,-0.00213185
0.00040470,0.00009918,-0.00090213
0.00040480,0.00008243,0.00036015
0.00040490,-0.00021520,0.00160070
0.00040500,-0.00020050,0.00276640
0.00040510,-0.00035715,0.00380767
0.00040520,-0.00052713,0.00468072
0.00040530,-0.00055549,0.00534938
0.00040540,-0.00080229,0.00578668
0.00040550,-0.00079891,0.00597598
0.00040560,-0.00078807,0.00591160
0.00040570,-0.00079498,0.00559904
0.00040580,-0.00089168,0.00505459
0.00040590,-0.00080964,0.00430459
0.00040600,-0.00073108,0.00338413
0.00040610,-0.00033051,0.00233538
0.00040620,-0.00018104,0.00120558
0.00040630,-0.00026718,0.00004478
0.00040640,-0.00001335,-0.00109652
0.00040650,0.00005233,-0.00216973
0.00040660,0.00014036,-0.00313041
0.00040670,0.00014097,-0.00394025
0.00040680,0.00018253,-0.00456866
0.00040690,0.00031881,-0.00499397
0.00040700,0.00007365,-0.00520413
0.00040710,-0.00004964,-0.00519690
0.00040720,0.00001469,-0.00497954
0.00040730,-0.00032312,-0.00456816
0.00040740,-0.00009452,-0.00398653
0.00040750,-0.00041496,-0.00326474
0.00040760,-0.00033951,-0.00243753
0.00040770,-0.00057899,-0.00154259
0.00040780,-0.00099901,-0.00061878
0.00040790,-0.00096870,0.00029561
0.00040800,-0.00115085,0.00116451
0.00040810,-0.00099602,0.00195557
0.00040820,-0.00119885,0.00264133
0.00040830,-0.00100848,0.00320021
0.00040840,-0.00095049,0.00361703
0.00040850,-0.00085813,0.00388329
0.00040860,-0.00066491,0.00399702
0.00040870,-0.00063956,0.00396238
0.00040880,-0.00014328,0.00378901
0.00040890,-0.00013273,0.00349116
0.00040900,0.00014975,0.00308671
0.00040910,0.00043835,0.00259613
0.00040920,0.00062694,0.00204138
0.00040930,0.00086663,0.00144496
0.00040940,0.00102247,0.00082896
0.00040950,0.00122055,0.00021425
0.00040960,0.00115358,-0.00038008
0.00040970,0.00116237,-0.00093721
0.00040980,0.00109086,-0.00144284
0.00040990,0.00083375,-0.00188532
0.00041000,0.00054916,-0.00225563
0.00041010,0.00030371,-0.00254732
0.00041020,0.00005929,-0.00275634
0.00041030,-0.00020135,-0.00288082
0.00041040,-0.00073111,-0.00292088
0.00041050,-0.00112183,-0.00287844
0.00041060,-0.00131462,-0.00275701
0.00041070,-0.00170621,-0.00256155
0.00041080,-0.00192279,-0.00229835
0.00041090,-0.00216210,-0.00197490
0.00041100,-0.00229670,-0.00159981
0.00041110,-0.00231928,-0.00118272
0.00041120,-0.00232135,-0.00073421
0.00041130,-0.00206253,-0.00026568
0.00041140,-0.00169078,0.00021085
0.00041150,-0.00142003,0.00068289
0.00041160,-0.00109377,0.00113775
0.00041170,-0.00058640,0.00156280
0.00041180,-0.00000801,0.00194578
0.00041190,0.00035884,0.00227511
0.00041200,0.00088009,0.00254023
0.00041210,0.00121279,0.00273193
0.00041220,0.00174224,0.00284268
0.00041230,0.00210099,0.00286700
0.00041240,0.00222313,0.00280176
0.00041250,0.00235171,0.00264646
0.00041260,0.00235717,0.00240347
0.00041270,0.00229225,0.00207813
0.00041280,0.00190148,0.00167871
0.00041290,0.00150003,0.00121627
0.00041300,0.00142977,0.00070437
0.00041310,0.00078781,0.00015870
0.00041320,-0.00004608,-0.00040343
0.00041330,-0.00052717,-0.00096362
0.00041340,-0.00099082,-0.00150297
0.00041350,-0.00169278,-0.00200276
0.00041360,-0.00202585,-0.00244505
0.00041370,-0.00249775,-0.00281328
0.00041380,-0.00305555,-0.00309293
0.00041390,-0.00339084,-0.00327204
0.00041400,-0.00351267,-0.00334175
0.00041410,-0.00341158,-0.00329667
0.00041420,-0.00353099,-0.00313528
0.00041430,-0.00329579,-0.00286007
0.00041440,-0.00283170,-0.00247764
0.00041450,-0.00235389,-0.00199859
0.00041460,-0.00157084,-0.00143727
0.00041470,-0.00104959,-0.00081135
0.00041480,-0.00050228,-0.00014130
0.00041490,0.00028784,0.00055031
0.00041500,0.00107460,0.00123958
0.00041510,0.00202900,0.00190215
0.00041520,0.00244279,0.00251403
0.00041530,0.00275027,0.00305254
0.00041540,0.00316423,0.00349704
0.00041550,0.00322217,0.00382970
0.00041560,0.00349895,0.00403618
0.00041570,0.00315475,0.00410614
0.00041580,0.00298721,0.00403366
0.00041590,0.00255628,0.00381751
0.00041600,0.00191224,0.00346130
0.00041610,0.00144929,0.00297342
0.00041620,0.00069099,0.00236690
0.00041630,0.00009712,0.00165906
0.00041640,-0.00074380,0.00087102
0.00041650,-0.00135634,0.00002714
0.00041660,-0.00215286,-0.00084574
0.00041670,-0.00259518,-0.00171900
0.00041680,-0.00311925,-0.00256310
0.00041690,-0.00362291,-0.00334851
0.00041700,-0.00380293,-0.00404665
0.00041710,-0.00404145,-0.00463082
0.00041720,-0.00390115,-0.00507710
0.00041730,-0.00369149,-0.00536528
0.00041740,-0.00298108,-0.00547950
0.00041750,-0.00277980,-0.00540902
0.00041760,-0.00235704,-0.00514868
0.00041770,-0.00173271,-0.00469930
0.00041780,-0.00111729,-0.00406802
0.00041790,-0.00032570,-0.00326831
0.00041800,0.00018746,-0.00231995
0.00041810,0.00084142,-0.00124874
0.00041820,0.00138535,-0.00008605
0.00041830,0.00195389,0.00113189
0.00041840,0.00251772,0.00236492
0.00041850,0.00282044,0.00357014
0.00041860,0.00287769,0.00470327
0.00041870,0.00283597,0.00572018
0.00041880,0.00277758,0.00657858
0.00041890,0.00280439,0.00723964
0.00041900,0.00246549,0.00766975
0.00041910,0.00206473,0.00784208
0.00041920,0.00170591,0.00773810
0.00041930,0.00115512,0.00734873
0.00041940,0.00053677,0.00667533
0.00041950,0.00009822,0.00573016
0.00041960,-0.00037986,0.00453654
0.00041970,-0.00076233,0.00312847
0.00041980,-0.00137535,0.00154985
0.00041990,-0.00170209,-0.00014679
0.00042000,-0.00196422,-0.00190194
0.00042010,-0.00231504,-0.00365119
0.00042020,-0.00231558,-0.00532751
0.00042030,-0.00250448,-0.00686396
0.00042040,-0.00232106,-0.00819637
0.00042050,-0.00235243,-0.00926622
0.00042060,-0.00221307,-0.01002323
0.00042070,-0.00196426,-0.01042791
0.00042080,-0.00163424,-0.01045356
0.00042090,-0.00140910,-0.01008791
0.00042100,-0.00099280,-0.00933412
0.00042110,-0.00053103,-0.00821116
0.00042120,-0.00035929,-0.00675346
0.00042130,-0.00011690,-0.00500992
0.00042140,-0.00009633,-0.00304219
0.00042150,0.00025410,-0.00092237
0.00042160,0.00050367,0.00126981
0.00042170,0.00067605,0.00345015
0.00042180,0.00068268,0.00553349
0.00042190,0.00069882,0.00743717
0.00042200,0.00079804,0.00908451
0.00042210,0.00061306,0.01040811
0.00042220,0.00043600,0.01135275
0.00042230,0.00040631,0.01187789
0.00042240,0.00058145,0.01195949
0.00042250,0.00028191,0.01159123
0.00042260,0.00021147,0.01078497
0.00042270,0.00008330,0.00957037
0.00042280,-0.00002611,0.00799377
0.00042290,-0.00011885,0.00611632
0.00042300,-0.00001358,0.00401145
0.00042310,0.00006702,0.00176184
0.00042320,-0.00000113,-0.00054403
0.00042330,-0.00012450,-0.00281562
0.00042340,-0.00009178,-0.00496416
0.00042350,0.00013931,-0.00690642
0.00042360,0.00010418,-0.00856818
0.00042370,0.00021728,-0.00988738
0.00042380,0.00003407,-0.01081657
0.00042390,0.00009207,-0.01132483
0.00042400,-0.00002573,-0.01139880
0.00042410,-0.00008052,-0.01104306
0.00042420,-0.00015641,-0.01027962
0.00042430,-0.00026544,-0.00914672
0.00042440,-0.00028455,-0.00769697
0.00042450,-0.00043574,-0.00599479
0.00042460,-0.00042732,-0.00411343
0.00042470,-0.00090790,-0.00213164
0.00042480,-0.00086423,-0.00013016
0.00042490,-0.00109096,0.00181184
0.00042500,-0.00131386,0.00362007
0.00042510,-0.00127478,0.00522820
0.00042520,-0.00133835,0.00658044
0.00042530,-0.00150008,0.00763356
0.00042540,-0.00173145,0.00835837
0.00042550,-0.00157363,0.00874037
0.00042560,-0.00136038,0.00877989
0.00042570,-0.00109528,0.00849143
0.00042580,-0.00079493,0.00790250
0.00042590,-0.00064981,0.00705183
0.00042600,-0.00054553,0.00598721
0.00042610,-0.00017863,0.00476289
0.00042620,-0.00000386,0.00343687
0.00042630,0.00028380,0.00206800
0.00042640,0.00056892,0.00071328
0.00042650,0.00089235,-0.00057468
0.00042660,0.00097148,-0.00174978
0.00042670,0.00119382,-0.00277414
0.00042680,0.00128685,-0.00361921
0.00042690,0.00155496,-0.00426642
0.00042700,0.00174008,-0.00470727
0.00042710,0.00132489,-0.00494292
0.00042720,0.00119215,-0.00498338
0.00042730,0.00096388,-0.00484627
0.00042740,0.00076086,-0.00455536
0.00042750,0.00047191,-0.00413883
0.00042760,0.00019054,-0.00362749
0.00042770,0.00000439,-0.00305300
0.00042780,-0.00033854,-0.00244611
0.00042790,-0.00072854,-0.00183519
0.00042800,-0.00108776,-0.00124493
0.00042810,-0.00133619,-0.00069541
0.00042820,-0.00147585,-0.00020158
0.00042830,-0.00162757,0.00022704
0.00042840,-0.00179087,0.00058612
0.00042850,-0.00171179,0.00087611
0.00042860,-0.00172532,0.00110144
0.00042870,-0.00178304,0.00126965
0.00042880,-0.00191825,0.00139035
0.00042890,-0.00176248,0.00147411
0.00042900,-0.00149207,0.00153147
0.00042910,-0.00113924,0.00157200
0.00042920,-0.00102641,0.00160348
0.00042930,-0.00085365,0.00163140
0.00042940,-0.00053032,0.00165852
0.00042950,-0.00045174,0.00168478
0.00042960,-0.00006016,0.00170742
0.00042970,0.00010533,0.00172125
0.00042980,0.00036014,0.00171919
0.00042990,0.00061398,0.00169291
0.00043000,0.00085355,0.00163359
0.00043010,0.00097430,0.00153282
0.00043020,0.00101356,0.00138344
0.00043030,0.00120764,0.00118043
0.00043040,0.00118985,0.00092164
0.00043050,0.00130644,0.00060838
0.00043060,0.00116270,0.00024579
0.00043070,0.00107866,-0.00015709
0.00043080,0.00104248,-0.00058747
0.00043090,0.00091267,-0.00102932
0.00043100,0.00081826,-0.00146401
0.00043110,0.00069804,-0.00187128
0.00043120,0.00039748,-0.00223034
0.00043130,0.00002636,-0.00252103
0.00043140,-0.00037337,-0.00272506
0.00043150,-0.00071587,-0.00282718
0.00043160,-0.00098671,-0.00281623
0.00043170,-0.00123760,-0.00268604
0.00043180,-0.00144899,-0.00243600
0.00043190,-0.00168612,-0.00207154
0.00043200,-0.00165287,-0.00160410
0.00043210,-0.00176998,-0.00105092
0.00043220,-0.00206707,-0.00043446
0.00043230,-0.00198784,0.00021861
0.00043240,-0.00193009,0.00087852
0.00043250,-0.00182513,0.00151391
0.00043260,-0.00168055,0.00209344
0.00043270,-0.00156657,0.00258746
0.00043280,-0.00124876,0.00296966
0.00043290,-0.00109686,0.00321859
0.00043300,-0.00069350,0.00331889
0.00043310,-0.00023731,0.00326230
0.00043320,0.00015702,0.00304823
0.00043330,0.00056693,0.00268398
0.00043340,0.00079920,0.00218456
0.00043350,0.00110148,0.00157208
0.00043360,0.00127298,0.00087478
0.00043370,0.00157927,0.00012570
0.00043380,0.00173584,-0.00063892
0.00043390,0.00179163,-0.00138144
0.00043400,0.00198148,-0.00206479
0.00043410,0.00174218,-0.00265436
0.00043420,0.00168050,-0.00311987
0.00043430,0.00135064,-0.00343696
0.00043440,0.00112385,-0.00358845
0.00043450,0.00074996,-0.00356523
0.00043460,0.00031320,-0.00336684
0.00043470,0.00017771,-0.00300142
0.00043480,-0.00056515,-0.00248546
0.00043490,-0.00098332,-0.00184298
0.00043500,-0.00150337,-0.00110446
0.00043510,-0.00197339,-0.00030533
0.00043520,-0.00212971,0.00051576
0.00043530,-0.00234298,0.00131882
0.00043540,-0.00244579,0.00206463
0.00043550,-0.00273098,0.00271669
0.00043560,-0.00276672,0.00324311
0.00043570,-0.00271455,0.00361817
0.00043580,-0.00248969,0.00382367
0.00043590,-0.00227462,0.00384970
0.00043600,-0.00196767,0.00369512
0.00043610,-0.00137114,0.00336748
0.00043620,-0.00102224,0.00288258
0.00043630,-0.00053972,0.00226359
0.00043640,0.00014846,0.00153976
0.00043650,0.00064952,0.00074497
0.00043660,0.00098799,-0.00008403
0.00043670,0.00147665,-0.00090938
0.00043680,0.00186025,-0.00169387
0.00043690,0.00226518,-0.00240260
0.00043700,0.00256051,-0.00300454
0.00043710,0.00274292,-0.00347381
0.00043720,0.00274192,-0.00379076
0.00043730,0.00247970,-0.00394277
0.00043740,0.00236581,-0.00392467
0.00043750,0.00193391,-0.00373882
0.00043760,0.00138828,-0.00339489
0.00043770,0.00106045,-0.00290923
0.00043780,0.00063177,-0.00230403
0.00043790,-0.00003480,-0.00160623
0.00043800,-0.00060436,-0.00084619
0.00043810,-0.00123606,-0.00005631
0.00043820,-0.00186391,0.00073040
0.00043830,-0.00253534,0.00148172
0.00043840,-0.00285131,0.00216755
0.00043850,-0.00312629,0.00276105
0.00043860,-0.00336503,0.00323964
0.00043870,-0.00351855,0.00358580
0.00043880,-0.00363102,0.00378757
0.00043890,-0.00335286,0.00383892
0.00043900,-0.00310149,0.00373980
0.00043910,-0.00269442,0.00349607
0.00043920,-0.00208007,0.00311912
0.00043930,-0.00170774,0.00262538
0.00043940,-0.00100060,0.00203564
0.00043950,-0.00036271,0.00137409
0.00043960,0.00021498,0.00066738
0.00043970,0.00087028,-0.00005653
0.00043980,0.00151602,-0.00076950
0.00043990,0.00211735,-0.00144435
0.00044000,0.00245964,-0.00205596
0.00044010,0.00288744,-0.00258215
0.00044020,0.00298065,-0.00300455
0.00044030,0.00288276,-0.00330922
0.00044040,0.00303459,-0.00348702
0.00044050,0.00309663,-0.00353389
0.00044060,0.00285381,-0.00345081
0.00044070,0.00207703,-0.00324361
0.00044080,0.00174742,-0.00292262
0.00044090,0.00107268,-0.00250209
0.00044100,0.00023712,-0.00199953
0.00044110,-0.00031210,-0.00143491
0.00044120,-0.00099187,-0.00082991
0.00044130,-0.00170397,-0.00020704
0.00044140,-0.00212701,0.00041113
0.00044150,-0.00289245,0.00100276
0.00044160,-0.00324390,0.00154752
0.00044170,-0.00357700,0.00202721
0.00044180,-0.00384846,0.00242643
0.00044190,-0.00364522,0.00273306
0.00044200,-0.00366568,0.00293865
0.00044210,-0.00339406,0.00303870
0.00044220,-0.00312578,0.00303267
0.00044230,-0.00256652,0.00292388
0.00044240,-0.00197201,0.00271924
0.00044250,-0.00136189,0.00242879
0.00044260,-0.00056203,0.00206521
0.00044270,-0.00003737,0.00164314
0.00044280,0.00066595,0.00117854
0.00044290,0.00139266,0.00068800
0.00044300,0.00183990,0.00018816
0.00044310,0.00233729,-0.00030489
0.00044320,0.00270579,-0.00077606
0.00044330,0.00299483,-0.00121164
0.00044340,0.00319773,-0.00159964
0.00044350,0.00310704,-0.00193001
0.00044360,0.00302620,-0.00219485
0.00044370,0.00273394,-0.00238848
0.00044380,0.00213328,-0.00250750
0.00044390,0.00167147,-0.00255079
0.00044400,0.00124298,-0.00251936
0.00044410,0.00054209,-0.00241623
0.00044420,-0.00029327,-0.00224618
0.00044430,-0.00096182,-0.00201552
0.00044440,-0.00155776,-0.00173175
0.00044450,-0.00209186,-0.00140330
0.00044460,-0.00264239,-0.00103918
0.00044470,-0.00309443,-0.00064870
0.00044480,-0.00328601,-0.00024129
0.00044490,-0.00349653,0.00017360
0.00044500,-0.00350470,0.00058658
0.00044510,-0.00337481,0.00098825
0.00044520,-0.00316981,0.00136919
0.00044530,-0.00283600,0.00171997
0.00044540,-0.00226514,0.00203117
0.00044550,-0.00161491,0.00229352
0.00044560,-0.00108124,0.00249813
0.00044570,-0.00042468,0.00263677
0.00044580,0.00027588,0.00270228
0.00044590,0.00108140,0.00268897
0.00044600,0.00169162,0.00259306
0.00044610,0.00181339,0.00241305
0.00044620,0.00208438,0.00215005
0.00044630,0.00255006,0.00180801
0.00044640,0.00272631,0.00139392
0.00044650,0.00285257,0.00091781
0.00044660,0.00284763,0.00039272
0.00044670,0.00248016,-0.00016559
0.00044680,0.00202835,-0.00073893
0.00044690,0.00148352,-0.00130733
0.00044700,0.00100673,-0.00184970
0.00044710,0.00041342,-0.00234467
0.00044720,-0.00013726,-0.00277150
0.00044730,-0.00068675,-0.00311108
0.00044740,-0.00121359,-0.00334686
0.00044750,-0.00189931,-0.00346575
0.00044760,-0.00231542,-0.00345892
0.00044770,-0.00264548,-0.00332239
0.00044780,-0.00270866,-0.00305749
0.00044790,-0.00274001,-0.00267104
0.00044800,-0.00276058,-0.00217524
0.00044810,-0.00253023,-0.00158742
0.00044820,-0.00253737,-0.00092935
0.00044830,-0.00212562,-0.00022642
0.00044840,-0.00179734,0.00049345
0.00044850,-0.00131827,0.00120105
0.00044860,-0.00099904,0.00186723
0.00044870,-0.00057923,0.00246421
0.00044880,0.00003762,0.00296691
0.00044890,0.00035562,0.00335412
0.00044900,0.00083388,0.00360951
0.00044910,0.00127366,0.00372239
0.00044920,0.00155933,0.00368823
0.00044930,0.00159501,0.00350886
0.00044940,0.00189787,0.00319241
0.00044950,0.00186440,0.00275295
0.00044960,0.00165496,0.00220987
0.00044970,0.00135990,0.00158697
0.00044980,0.00131046,0.00091140
0.00044990,0.00107800,0.00021239
0.00045000,0.00048851,-0.00048017
0.00045010,0.00022249,-0.00113707
0.00045020,0.00000656,-0.00173120
0.00045030,-0.00043394,-0.00223877
0.00045040,-0.00107642,-0.00264046
0.00045050,-0.00137774,-0.00292222
0.00045060,-0.00162694,-0.00307588
0.00045070,-0.00172872,-0.00309938
0.00045080,-0.00175665,-0.00299669
0.00045090,-0.00174817,-0.00277741
0.00045100,-0.00169591,-0.00245608
0.00045110,-0.00145304,-0.00205129
0.00045120,-0.00116062,-0.00158455
0.00045130,-0.00111520,-0.00107918
0.00045140,-0.00077057,-0.00055909
0.00045150,-0.00070458,-0.00004764
0.00045160,-0.00057095,0.00043340
0.00045170,-0.00024584,0.00086477
0.00045180,0.00001380,0.00123048
0.00045190,0.00047557,0.00151840
0.00045200,0.00055153,0.00172065
0.00045210,0.00050415,0.00183383
0.00045220,0.00063149,0.00185899
0.00045230,0.00058377,0.00180135
0.00045240,0.00052060,0.00166997
0.00045250,0.00043433,0.00147703
0.00045260,0.00033371,0.00123712
0.00045270,0.00012377,0.00096630
0.00045280,-0.00020474,0.00068123
0.00045290,-0.00019116,0.00039818
0.00045300,-0.00059397,0.00013223
0.00045310,-0.00052189,-0.00010355
0.00045320,-0.00067066,-0.00029864
0.00045330,-0.00084381,-0.00044551
0.00045340,-0.00069174,-0.00053986
0.00045350,-0.00097320,-0.00058070
0.00045360,-0.00083931,-0.00057025
0.00045370,-0.00095424,-0.00051372
0.00045380,-0.00077752,-0.00041891
0.00045390,-0.00070473,-0.00029576
0.00045400,-0.00047946,-0.00015571
0.00045410,-0.00032500,-0.00001105
0.00045420,-0.00032495,0.00012581
0.00045430,-0.00014159,0.00024308
0.00045440,-0.00023239,0.00033027
0.00045450,-0.00012387,0.00037889
0.00045460,-0.00009924,0.00038294
0.00045470,0.00018423,0.00033934
0.00045480,0.00015743,0.00024815
0.00045490,-0.00000183,0.00011262
0.00045500,-0.00004363,-0.00006092
0.00045510,-0.00017871,-0.00026342
0.00045520,-0.00031311,-0.00048354
0.00045530,-0.00021237,-0.00070830
0.00045540,-0.00020630,-0.00092378
0.00045550,-0.00040034,-0.00111586
0.00045560,-0.00040075,-0.00127103
0.00045570,-0.00035089,-0.00137713
0.00045580,-0.00035445,-0.00142411
0.00045590,-0.00019228,-0.00140463
0.00045600,-0.00017620,-0.00131463
0.00045610,-0.00024739,-0.00115365
0.00045620,-0.00033805,-0.00092501
0.00045630,-0.00035946,-0.00063576
0.00045640,-0.00056721,-0.00029641
0.00045650,-0.00016123,0.00007951
0.00045660,0.00005031,0.00047605
0.00045670,-0.00012008,0.00087557
0.00045680,-0.00011711,0.00125958
0.00045690,-0.00041755,0.00160960
0.00045700,-0.00007484,0.00190806
0.00045710,-0.00033127,0.00213916
0.00045720,-0.00039015,0.00228972
0.00045730,-0.00042423,0.00234989
0.00045740,-0.00083782,0.00231374
0.00045750,-0.00083483,0.00217969
0.00045760,-0.00088378,0.00195071
0.00045770,-0.00093333,0.00163433
0.00045780,-0.00107298,0.00124232
0.00045790,-0.00100667,0.00079026
0.00045800,-0.00115575,0.00029679
0.00045810,-0.00098809,-0.00021724
0.00045820,-0.00089936,-0.00072975
0.00045830,-0.00048721,-0.00121848
0.00045840,-0.00041878,-0.00166206
0.00045850,-0.00031242,-0.00204098
0.00045860,-0.00019356,-0.00233856
0.00045870,0.00013724,-0.00254169
0.00045880,0.00057689,-0.00264150
0.00045890,0.00042590,-0.00263367
0.00045900,0.00093483,-0.00251872
0.00045910,0.00101028,-0.00230188
0.00045920,0.00117494,-0.00199285
0.00045930,0.00110443,-0.00160534
0.00045940,0.00118668,-0.00115643
0.00045950,0.00117500,-0.00066582
0.00045960,0.00089999,-0.00015485
0.00045970,0.00095195,0.00035441
0.00045980,0.00061677,0.00084029
0.00045990,0.00034884,0.00128249
0.00046000,-0.00019835,0.00166311
0.00046010,-0.00033852,0.00196743
0.00046020,-0.00088337,0.00218455
0.00046030,-0.00106581,0.00230781
0.00046040,-0.00130235,0.00233495
0.00046050,-0.00157509,0.00226805
0.00046060,-0.00176764,0.00211326
0.00046070,-0.00214173,0.00188039
0.00046080,-0.00226935,0.00158225
0.00046090,-0.00235799,0.00123398
0.00046100,-0.00248371,0.00085218
0.00046110,-0.00225937,0.00045406
0.00046120,-0.00207454,0.00005664
0.00046130,-0.00197994,-0.00032409
0.00046140,-0.00127498,-0.00067386
0.00046150,-0.00075759,-0.00098063
0.00046160,-0.00044949,-0.00123506
0.00046170,-0.00011854,-0.00143068
0.00046180,0.00038005,-0.00156402
0.00046190,0.00104208,-0.00163450
0.00046200,0.00143722,-0.00164424
0.00046210,0.00189306,-0.00159772
0.00046220,0.00200280,-0.00150130
0.00046230,0.00206766,-0.00136274
0.00046240,0.00211815,-0.00119061
0.00046250,0.00220420,-0.00099379
0.00046260,0.00218381,-0.00078095
0.00046270,0.00182212,-0.00056014
0.00046280,0.00135221,-0.00033846
0.00046290,0.00096154,-0.00012190
0.00046300,0.00053718,0.00008479
0.00046310,0.00009699,0.00027810
0.00046320,-0.00030472,0.00045562
0.00046330,-0.00083062,0.00061586
0.00046340,-0.00131203,0.00075802
0.00046350,-0.00165949,0.00088171
0.00046360,-0.00214302,0.00098666
0.00046370,-0.00230330,0.00107249
0.00046380,-0.00261641,0.00113852
0.00046390,-0.00285123,0.00118371
0.00046400,-0.00270093,0.00120660
0.00046410,-0.00272741,0.00120542
0.00046420,-0.00230569,0.00117828
0.00046430,-0.00192598,0.00112333
0.00046440,-0.00169670,0.00103903
0.00046450,-0.00136777,0.00092439
0.00046460,-0.00108939,0.00077917
0.00046470,-0.00061282,0.00060418
0.00046480,0.00000142,0.00040138
0.00046490,0.00045170,0.00017410
0.00046500,0.00094704,-0.00007293
0.00046510,0.00129785,-0.00033356
0.00046520,0.00145902,-0.00060035
0.00046530,0.00166002,-0.00086473
0.00046540,0.00161020,-0.00111724
0.00046550,0.00167000,-0.00134789
0.00046560,0.00161762,-0.00154664
0.00046570,0.00162904,-0.00170387
0.00046580,0.00140228,-0.00181090
0.00046590,0.00098603,-0.00186057
0.00046600,0.00069070,-0.00184764
0.00046610,0.00033396,-0.00176924
0.00046620,0.00001978,-0.00162509
0.00046630,-0.00037037,-0.00141761
0.00046640,-0.00079973,-0.00115185
0.00046650,-0.00120658,-0.00083537
0.00046660,-0.00159990,-0.00047790
0.00046670,-0.00151145,-0.00009103
0.00046680,-0.00171460,0.00031214
0.00046690,-0.00165549,0.00071752
0.00046700,-0.00170845,0.00111051
0.00046710,-0.00164350,0.00147650
0.00046720,-0.00140425,0.00180146
0.00046730,-0.00144128,0.00207244
0.00046740,-0.00101232,0.00227814
0.00046750,-0.00081331,0.00240937
0.00046760,-0.00069990,0.00245954
0.00046770,-0.00042558,0.00242497
0.00046780,-0.00013376,0.00230516
0.00046790,0.00036123,0.00210285
0.00046800,0.00042146,0.00182398
0.00046810,0.00068095,0.00147747
0.00046820,0.00081307,0.00107487
0.00046830,0.00076230,0.00062997
0.00046840,0.00093497,0.00015826
0.00046850,0.00100487,-0.00032374
0.00046860,0.00088063,-0.00079906
0.00046870,0.00079822,-0.00125096
0.00046880,0.00059658,-0.00166359
0.00046890,0.00040530,-0.00202258
0.00046900,0.00019823,-0.00231554
0.00046910,-0.00006658,-0.00253251
0.00046920,-0.00036039,-0.00266631
0.00046930,-0.00047277,-0.00271281
0.00046940,-0.00066566,-0.00267098
0.00046950,-0.00070305,-0.00254297
0.00046960,-0.00107857,-0.00233390
0.00046970,-0.00147183,-0.00205165
0.00046980,-0.00134491,-0.00170647
0.00046990,-0.00151083,-0.00131054
0.00047000,-0.00135135,-0.00087739
0.00047010,-0.00124319,-0.00042143
0.00047020,-0.00141157,0.00004265
0.00047030,-0.00109801,0.00050034
0.00047040,-0.00091811,0.00093778
0.00047050,-0.00092722,0.00134220
0.00047060,-0.00066147,0.00170231
0.00047070,-0.00046770,0.00200865
0.00047080,-0.00038495,0.00225383
0.00047090,0.00003616,0.00243271
0.00047100,0.00013695,0.00254241
0.00047110,0.00037127,0.00258222
0.00047120,0.00044980,0.00255336
0.00047130,0.00049464,0.00245877
0.00047140,0.00096133,0.00230279
0.00047150,0.00081687,0.00209092
0.00047160,0.00090507,0.00182948
0.00047170,0.00089373,0.00152549
0.00047180,0.00082354,0.00118637
0.00047190,0.00077092,0.00081981
0.00047200,0.00055759,0.00043361
0.00047210,0.00041164,0.00003558
0.00047220,0.00016264,-0.00036655
0.00047230,-0.00011105,-0.00076513
0.00047240,-0.00037431,-0.00115260
0.00047250,-0.00064367,-0.00152148
0.00047260,-0.00088847,-0.00186431
0.00047270,-0.00114913,-0.00217364
0.00047280,-0.00125191,-0.00244205
0.00047290,-0.00128336,-0.00266214
0.00047300,-0.00150873,-0.00282669
0.00047310,-0.00168980,-0.00292876
0.00047320,-0.00191289,-0.00296199
0.00047330,-0.00172240,-0.00292093
0.00047340,-0.00157883,-0.00280136
0.00047350,-0.00156459,-0.00260074
0.00047360,-0.00143981,-0.00231863
0.00047370,-0.00124276,-0.00195701
0.00047380,-0.00086778,-0.00152058
0.00047390,-0.00064178,-0.00101694
0.00047400,-0.00028280,-0.00045656
0.00047410,0.00000543,0.00014731
0.00047420,0.00025923,0.00077891
0.00047430,0.00038641,0.00142031
0.00047440,0.00060721,0.00205187
0.00047450,0.00122139,0.00265274
0.00047460,0.00122757,0.00320150
0.00047470,0.00135358,0.00367687
0.00047480,0.00116439,0.00405848
0.00047490,0.00126941,0.00432772
0.00047500,0.00108116,0.00446860
0.00047510,0.00095111,0.00446861
0.00047520,0.00100385,0.00431949
0.00047530,0.00062506,0.00401795
0.00047540,0.00050055,0.00356621
0.00047550,0.00015358,0.00297232
0.00047560,-0.00018674,0.00225028
0.00047570,-0.00047345,0.00141986
0.00047580,-0.00093539,0.00050615
0.00047590,-0.00107947,-0.00046119
0.00047600,-0.00130374,-0.00144888
0.00047610,-0.00147937,-0.00242123
0.00047620,-0.00141298,-0.00334155
0.00047630,-0.00161006,-0.00417354
0.00047640,-0.00154630,-0.00488287
0.00047650,-0.00157095,-0.00543858
0.00047660,-0.00180231,-0.00581455
0.00047670,-0.00139484,-0.00599066
0.00047680,-0.00126949,-0.00595393
0.00047690,-0.00102450,-0.00569922
0.00047700,-0.00070767,-0.00522980
0.00047710,-0.00052008,-0.00455750
0.00047720,-0.00012452,-0.00370259
0.00047730,0.00023146,-0.00269323
0.00047740,0.00037189,-0.00156459
0.00047750,0.00049239,-0.00035764
0.00047760,0.00086719,0.00088243
0.00047770,0.00092535,0.00210801
0.00047780,0.00076679,0.00327104
0.00047790,0.00094505,0.00432505
0.00047800,0.00076534,0.00522717
0.00047810,0.00062598,0.00594006
0.00047820,0.00053379,0.00643361
0.00047830,0.00050540,0.00668637
0.00047840,0.00074323,0.00668657
0.00047850,0.00032609,0.00643278
0.00047860,0.00019138,0.00593403
0.00047870,0.00001741,0.00520952
0.00047880,-0.00030407,0.00428779
0.00047890,-0.00038658,0.00320551
0.00047900,-0.00076477,0.00200593
0.00047910,-0.00071923,0.00073701
0.00047920,-0.00086147,-0.00055068
0.00047930,-0.00076420,-0.00180603
0.00047940,-0.00081784,-0.00297963
0.00047950,-0.00076584,-0.00402575
0.00047960,-0.00080514,-0.00490429
0.00047970,-0.00084788,-0.00558245
0.00047980,-0.00068016,-0.00603600
0.00047990,-0.00046717,-0.00625030
0.00048000,-0.00036372,-0.00622076
0.00048010,-0.00018889,-0.00595297
0.00048020,0.00006459,-0.00546231
0.00048030,-0.00000243,-0.00477309
0.00048040,0.00004162,-0.00391735
0.00048050,0.00014799,-0.00293327
0.00048060,0.00019122,-0.00186337
0.00048070,0.00019928,-0.00075256
0.00048080,0.00026618,0.00035384
0.00048090,0.00004940,0.00141209
0.00048100,-0.00011497,0.00238174
0.00048110,-0.00002951,0.00322731
0.00048120,-0.00021949,0.00391960
0.00048130,-0.00038141,0.00443669
0.00048140,-0.00049346,0.00476463
0.00048150,-0.00075247,0.00489773
0.00048160,-0.00082314,0.00483850
0.00048170,-0.00084071,0.00459722
0.00048180,-0.00080025,0.00419126
0.00048190,-0.00070851,0.00364398
0.00048200,-0.00057461,0.00298357
0.00048210,-0.00051346,0.00224154
0.00048220,-0.00036809,0.00145128
0.00048230,-0.00020631,0.00064646
0.00048240,-0.00019428,-0.00014041
0.00048250,0.00001715,-0.00087936
0.00048260,0.00007456,-0.00154409
0.00048270,0.00002481,-0.00211294
0.00048280,0.00002211,-0.00256954
0.00048290,0.00024720,-0.00290317
0.00048300,0.00038148,-0.00310883
0.00048310,0.00049286,-0.00318708
0.00048320,0.00063078,-0.00314353
0.00048330,0.00048682,-0.00298826
0.00048340,0.00038137,-0.00273507
0.00048350,0.00019775,-0.00240057
0.00048360,0.00004572,-0.00200333
0.00048370,-0.00026235,-0.00156294
0.00048380,-0.00024684,-0.00109907
0.00048390,-0.00056517,-0.00063065
0.00048400,-0.00075167,-0.00017514
0.00048410,-0.00099573,0.00025216
0.00048420,-0.00122855,0.00063848
0.00048430,-0.00126225,0.00097396
0.00048440,-0.00125500,0.00125171
0.00048450,-0.00120813,0.00146775
0.00048460,-0.00115513,0.00162080
0.00048470,-0.00119702,0.00171192
0.00048480,-0.00110977,0.00174418
0.00048490,-0.00100936,0.00172220
0.00048500,-0.00075411,0.00165176
0.00048510,-0.00069509,0.00153944
0.00048520,-0.00042553,0.00139226
0.00048530,-0.00020212,0.00121741
0.00048540,-0.00022007,0.00102192
0.00048550,0.00032753,0.00081242
0.00048560,0.00040982,0.00059499
0.00048570,0.00071410,0.00037500
0.00048580,0.00081065,0.00015704
0.00048590,0.00070234,-0.00005501
0.00048600,0.00094960,-0.00025793
0.00048610,0.00099392,-0.00044902
0.00048620,0.00107141,-0.00062590
0.00048630,0.00095796,-0.00078639
0.00048640,0.00073432,-0.00092836
0.00048650,0.00030295,-0.00104968
0.00048660,0.00025274,-0.00114819
0.00048670,-0.00005253,-0.00122175
0.00048680,-0.00009492,-0.00126832
0.00048690,-0.00037785,-0.00128602
0.00048700,-0.00063348,-0.00127320
0.00048710,-0.00084187,-0.00122856
0.00048720,-0.00112652,-0.00115121
0.00048730,-0.00120879,-0.00104082
0.00048740,-0.00126833,-0.00089772
0.00048750,-0.00127026,-0.00072308
0.00048760,-0.00131293,-0.00051906
0.00048770,-0.00138066,-0.00028888
0.00048780,-0.00128255,-0.00003699
0.00048790,-0.00112529,0.00023100
0.00048800,-0.00105272,0.00050824
0.00048810,-0.00094294,0.00078680
0.00048820,-0.00066867,0.00105780
0.00048830,-0.00037002,0.00131166
0.00048840,-0.00020623,0.00153847
0.00048850,-0.00022747,0.00172836
0.00048860,0.00015688,0.00187197
0.00048870,0.00056618,0.00196092
0.00048880,0.00066718,0.00198821
0.00048890,0.00079150,0.00194859
0.00048900,0.00075763,0.00183892
0.00048910,0.00083405,0.00165835
0.00048920,0.00080921,0.00140856
0.00048930,0.00066433,0.00109385
0.00048940,0.00060571,0.00072121
0.00048950,0.00050900,0.00030034
0.00048960,0.00041511,-0.00015648
0.00048970,0.00026215,-0.00063463
0.00048980,-0.00010330,-0.00111747
0.00048990,-0.00017638,-0.00158684
0.00049000,-0.00033772,-0.00202377
0.00049010,-0.00060094,-0.00240917
0.00049020,-0.00081600,-0.00272477
0.00049030,-0.00083914,-0.00295396
0.00049040,-0.00091987,-0.00308270
0.00049050,-0.00106249,-0.00310039
0.00049060,-0.00126509,-0.00300059
0.00049070,-0.00119831,-0.00278154
0.00049080,-0.00085248,-0.00244653
0.00049090,-0.00094258,-0.00200403
0.00049100,-0.00093605,-0.00146748
0.00049110,-0.00089003,-0.00085497
0.00049120,-0.00062268,-0.00018858
0.00049130,-0.00065577,0.00050646
0.00049140,-0.00045090,0.00120281
0.00049150,-0.00007554,0.00187219
0.00049160,-0.00012868,0.00248663
0.00049170,0.00014357,0.00301972
0.00049180,0.00016791,0.00344789
0.00049190,0.00036572,0.00375153
0.00049200,0.00056250,0.00391596
0.00049210,0.00033388,0.00393215
0.00049220,0.00043592,0.00379727
0.00049230,0.00062302,0.00351481
0.00049240,0.00060197,0.00309464
0.00049250,0.00068650,0.00255262
0.00049260,0.00052639,0.00191001
0.00049270,0.00030367,0.00119257
0.00049280,0.00030818,0.00042944
0.00049290,0.00025654,-0.00034821
0.00049300,0.00007791,-0.00110863
0.00049310,-0.00016281,-0.00182095
0.00049320,-0.00054137,-0.00245670
0.00049330,-0.00054454,-0.00299107
0.00049340,-0.00075680,-0.00340408
0.00049350,-0.00097282,-0.00368132
0.00049360,-0.00104567,-0.00381448
0.00049370,-0.00113077,-0.00380153
0.00049380,-0.00115234,-0.00364654
0.00049390,-0.00127892,-0.00335938
0.00049400,-0.00117022,-0.00295507
0.00049410,-0.00114486,-0.00245301
0.00049420,-0.00113101,-0.00187606
0.00049430,-0.00099998,-0.00124943
0.00049440,-0.00086794,-0.00059956
0.00049450,-0.00061235,0.00004708
0.00049460,-0.00042582,0.00066515
0.00049470,-0.00024387,0.00123156
0.00049480,0.00004857,0.00172637
0.00049490,0.00015367,0.00213360
0.00049500,0.00041033,0.00244177
0.00049510,0.00062413,0.00264417
0.00049520,0.00047534,0.00273901
0.00049530,0.00064151,0.00272917
0.00049540,0.00065524,0.00262180
0.00049550,0.00066579,0.00242774
0.00049560,0.00052902,0.00216073
0.00049570,0.00058182,0.00183658
0.00049580,0.00050668,0.00147225
0.00049590,0.00023800,0.00108501
0.00049600,0.00012830,0.00069165
0.00049610,0.00011465,0.00030781
0.00049620,-0.00011983,-0.00005265
0.00049630,-0.00030861,-0.00037808
0.00049640,-0.00054688,-0.00065934
0.00049650,-0.00069182,-0.00089003
0.00049660,-0.00103838,-0.00106658
0.00049670,-0.00130548,-0.00118816
0.00049680,-0.00156495,-0.00125655
0.00049690,-0.00149401,-0.00127580
0.00049700,-0.00130202,-0.00125179
0.00049710,-0.00154583,-0.00119178
0.00049720,-0.00118500,-0.00110378
0.00049730,-0.00120803,-0.00099601
0.00049740,-0.00105124,-0.00087641
0.00049750,-0.00069071,-0.00075217
0.00049760,-0.00059836,-0.00062941
0.00049770,-0.00034793,-0.00051293
0.00049780,-0.00003976,-0.00040613
0.00049790,0.00025207,-0.00031093
0.00049800,0.00042099,-0.00022791
0.00049810,0.00063163,-0.00015641
0.00049820,0.00096307,-0.00009481
0.00049830,0.00097608,-0.00004078
0.00049840,0.00115160,0.00000846
0.00049850,0.00137704,0.00005580
0.00049860,0.00144070,0.00010391
0.00049870,0.00140354,0.00015502
0.00049880,0.00088257,0.00021058
0.00049890,0.00092122,0.00027113
0.00049900,0.00068399,0.00033618
0.00049910,0.00038845,0.00040421
0.00049920,0.00014497,0.00047277
0.00049930,-0.00024281,0.00053861
0.00049940,-0.00058082,0.00059793
0.00049950,-0.00104594,0.00064664
0.00049960,-0.00123741,0.00068070
0.00049970,-0.00155249,0.00069637
0.00049980,-0.00178650,0.00069054
0.00049990,-0.00216409,0.00066099
0.00050000,-0.00206730,0.00060661
0.00050010,-0.00207040,0.00052758
0.00050020,-0.00199996,0.00042544
0.00050030,-0.00187461,0.00030313
0.00050040,-0.00180575,0.00016491
0.00050050,-0.00139359,0.00001623
0.00050060,-0.00105851,-0.00013652
0.00050070,-0.00063042,-0.00028638
0.00050080,-0.00033676,-0.00042612
0.00050090,0.00005905,-0.00054873
0.00050100,0.00046863,-0.00064780
0.00050110,0.00088215,-0.00071786
0.00050120,0.00113554,-0.00075471
0.00050130,0.00148873,-0.00075564
0.00050140,0.00192109,-0.00071967
0.00050150,0.00211511,-0.00064763
0.00050160,0.00205059,-0.00054223
0.00050170,0.00187404,-0.00040805
0.00050180,0.00172078,-0.00025137
0.00050190,0.00148405,-0.00007998
0.00050200,0.00136384,0.00009719
0.00050210,0.00116664,0.00027054
0.00050220,0.00085438,0.00043023
0.00050230,0.00038777,0.00056684
0.00050240,-0.00018558,0.00067184
0.00050250,-0.00041980,0.00073818
0.00050260,-0.00094055,0.00076069
0.00050270,-0.00115194,0.00073655
0.00050280,-0.00153673,0.00066545
0.00050290,-0.00185539,0.00054977
0.00050300,-0.00212041,0.00039449
0.00050310,-0.00259618,0.00020706
0.00050320,-0.00275007,-0.00000303
0.00050330,-0.00289178,-0.00022473
0.00050340,-0.00244661,-0.00044599
0.00050350,-0.00236198,-0.00065443
0.00050360,-0.00218739,-0.00083798
0.00050370,-0.00177747,-0.00098556
0.00050380,-0.00145254,-0.00108762
0.00050390,-0.00106061,-0.00113667
0.00050400,-0.00072497,-0.00112767
0.00050410,-0.00018878,-0.00105837
0.00050420,0.00014693,-0.00092952
0.00050430,0.00038033,-0.00074497
0.00050440,0.00068249,-0.00051160
0.00050450,0.00107531,-0.00023916
0.00050460,0.00144166,0.00006018
0.00050470,0.00168507,0.00037230
0.00050480,0.00202670,0.00068186
0.00050490,0.00222708,0.00097308
0.00050500,0.00201312,0.00123061
0.00050510,0.00204535,0.00144043
0.00050520,0.00178552,0.00159070
0.00050530,0.00146597,0.00167243
0.00050540,0.00114442,0.00168004
0.00050550,0.00081695,0.00161164
0.00050560,0.00040797,0.00146918
0.00050570,-0.00008664,0.00125829
0.00050580,-0.00045703,0.00098798
0.00050590,-0.00078322,0.00067015
0.00050600,-0.00109762,0.00031898
0.00050610,-0.00150301,-0.00004985
0.00050620,-0.00166960,-0.00041987
0.00050630,-0.00188698,-0.00077465
0.00050640,-0.00199470,-0.00109856
0.00050650,-0.00191143,-0.00137747
0.00050660,-0.00211983,-0.00159943
0.00050670,-0.00181489,-0.00175513
0.00050680,-0.00172919,-0.00183834
0.00050690,-0.00147430,-0.00184615
0.00050700,-0.00125120,-0.00177904
0.00050710,-0.00107692,-0.00164085
0.00050720,-0.00074315,-0.00143856
0.00050730,-0.00040901,-0.00118188
0.00050740,-0.00002982,-0.00088278
0.00050750,0.00024440,-0.00055487
0.00050760,0.00055787,-0.00021268
0.00050770,0.00081076,0.00012908
0.00050780,0.00094434,0.00045625
0.00050790,0.00112430,0.00075591
0.00050800,0.00121275,0.00101695
0.00050810,0.00097508,0.00123052
0.00050820,0.00106793,0.00139028
0.00050830,0.00094007,0.00149253
0.00050840,0.00089965,0.00153614
0.00050850,0.00075736,0.00152242
0.00050860,0.00043366,0.00145485
0.00050870,0.00027930,0.00133873
0.00050880,-0.00011042,0.00118084
0.00050890,-0.00030256,0.00098900
0.00050900,-0.00056864,0.00077171
0.00050910,-0.00051397,0.00053771
0.00050920,-0.00075895,0.00029570
0.00050930,-0.00078983,0.00005399
0.00050940,-0.00094754,-0.00017972
0.00050950,-0.00106171,-0.00039853
0.00050960,-0.00090616,-0.00059658
0.00050970,-0.00093974,-0.00076909
0.00050980,-0.00099189,-0.00091239
0.00050990,-0.00104630,-0.00102400
0.00051000,-0.00079004,-0.00110244
0.00051010,-0.00064325,-0.00114718
0.00051020,-0.00034084,-0.00115849
0.00051030,-0.00025908,-0.00113724
0.00051040,-0.00015685,-0.00108482
0.00051050,0.00008405,-0.00100299
0.00051060,0.00035946,-0.00089386
0.00051070,0.00045492,-0.00075989
0.00051080,0.00054967,-0.00060393
0.00051090,0.00057499,-0.00042928
0.00051100,0.00055823,-0.00023976
0.00051110,0.00041913,-0.00003975
0.00051120,0.00009524,0.00016576
0.00051130,0.00045850,0.00037124
0.00051140,0.00020586,0.00057076
0.00051150,0.00017252,0.00075810
0.00051160,0.00013933,0.00092705
0.00051170,-0.00013239,0.00107159
0.00051180,-0.00022714,0.00118615
0.00051190,-0.00057642,0.00126579
0.00051200,-0.00050518,0.00130643
0.00051210,-0.00062198,0.00130501
0.00051220,-0.00080017,0.00125967
0.00051230,-0.00059347,0.00116993
0.00051240,-0.00072977,0.00103680
0.00051250,-0.00066961,0.00086292
0.00051260,-0.00077040,0.00065258
0.00051270,-0.00067358,0.00041171
0.00051280,-0.00048165,0.00014779
0.00051290,-0.00045561,-0.00013034
0.00051300,-0.00018255,-0.00041278
0.00051310,-0.00027193,-0.00068893
0.00051320,0.00000216,-0.00094798
0.00051330,-0.00024696,-0.00117936
0.00051340,-0.00014696,-0.00137326
0.00051350,0.00024248,-0.00152111
0.00051360,0.00014073,-0.00161597
0.00051370,0.00021663,-0.00165291
0.00051380,0.00001825,-0.00162922
0.00051390,0.00014442,-0.00154460
0.00051400,0.00014170,-0.00140118
0.00051410,0.00005999,-0.00120347
0.00051420,-0.00002984,-0.00095824
0.00051430,-0.00022016,-0.00067427
0.00051440,-0.00018124,-0.00036208
0.00051450,-0.00007796,-0.00003347
0.00051460,0.00008531,0.00029892
0.00051470,-0.00008857,0.00062218
0.00051480,-0.00035482,0.00092366
0.00051490,-0.00047657,0.00119155
0.00051500,-0.00049150,0.00141539
0.00051510,-0.00028443,0.00158651
0.00051520,-0.00010273,0.00169834
0.00051530,-0.00031172,0.00174669
0.00051540,-0.00040165,0.00172986
0.00051550,-0.00038183,0.00164875
0.00051560,-0.00009755,0.00150678
0.00051570,0.00016755,0.00130985
0.00051580,-0.00004357,0.00106603
0.00051590,0.00007910,0.00078528
0.00051600,0.00001473,0.00047890
0.00051610,-0.00002155,0.00015910
0.00051620,-0.00002734,-0.00016160
0.00051630,-0.00009549,-0.00047087
0.00051640,-0.00033209,-0.00075712
0.00051650,-0.00039593,-0.00100992
0.00051660,-0.00054750,-0.00122039
0.00051670,-0.00052841,-0.00138146
0.00051680,-0.00052943,-0.00148809
0.00051690,-0.00088276,-0.00153739
0.00051700,-0.00087510,-0.00152867
0.00051710,-0.00084226,-0.00146350
0.00051720,-0.00080189,-0.00134555
0.00051730,-0.00076292,-0.00118049
0.00051740,-0.00083194,-0.00097573
0.00051750,-0.00083266,-0.00074013
0.00051760,-0.00080327,-0.00048364
0.00051770,-0.00042621,-0.00021686
0.00051780,-0.00033677,0.00004942
0.00051790,-0.00016131,0.00030467
0.00051800,-0.00000481,0.00053912
0.00051810,0.00011504,0.00074417
0.00051820,0.00034685,0.00091277
0.00051830,0.00047202,0.00103968
0.00051840,0.00066591,0.00112166
0.00051850,0.00086317,0.00115747
0.00051860,0.00088458,0.00114785
0.00051870,0.00088924,0.00109538
0.00051880,0.00096247,0.00100428
0.00051890,0.00099791,0.00088015
0.00051900,0.00086935,0.00072964
0.00051910,0.00063299,0.00056019
0.00051920,0.00020112,0.00037963
0.00051930,0.00003557,0.00019584
0.00051940,-0.00021514,0.00001641
0.00051950,-0.00051811,-0.00015177
0.00051960,-0.00076207,-0.00030273
0.00051970,-0.00104718,-0.00043167
0.00051980,-0.00125228,-0.00053515
0.00051990,-0.00163656,-0.00061113
0.00052000,-0.00181824,-0.00065898
0.00052010,-0.00177256,-0.00067940
0.00052020,-0.00166787,-0.00067428
0.00052030,-0.00168014,-0.00064648
0.00052040,-0.00155779,-0.00059955
0.00052050,-0.00135949,-0.00053752
0.00052060,-0.00114078,-0.00046455
0.00052070,-0.00092157,-0.00038476
0.00052080,-0.00080687,-0.00030198
0.00052090,-0.00038506,-0.00021959
0.00052100,-0.00004515,-0.00014044
0.00052110,0.00034256,-0.00006677
0.00052120,0.00044674,-0.00000022
0.00052130,0.00080678,0.00005817
0.00052140,0.00104306,0.00010792
0.00052150,0.00114638,0.00014915
0.00052160,0.00139933,0.00018249
0.00052170,0.00126955,0.00020903
0.00052180,0.00138072,0.00023019
0.00052190,0.00126338,0.00024754
0.00052200,0.00119551,0.00026262
0.00052210,0.00101053,0.00027676
0.00052220,0.00055083,0.00029087
0.00052230,0.00050736,0.00030535
0.00052240,-0.00002378,0.00031995
0.00052250,-0.00061654,0.00033384
0.00052260,-0.00092443,0.00034564
0.00052270,-0.00109431,0.00035357
0.00052280,-0.00130382,0.00035560
0.00052290,-0.00151193,0.00034960
0.00052300,-0.00175310,0.00033351
0.00052310,-0.00196270,0.00030551
0.00052320,-0.00196929,0.00026416
0.00052330,-0.00198753,0.00020859
0.00052340,-0.00186198,0.00013862
0.00052350,-0.00176833,0.00005498
0.00052360,-0.00148765,-0.00004068
0.00052370,-0.00115181,-0.00014574
0.00052380,-0.00095106,-0.00025671
0.00052390,-0.00054978,-0.00036936
0.00052400,-0.00025378,-0.00047891
0.00052410,0.00009289,-0.00058025
0.00052420,0.00051204,-0.00066818
0.00052430,0.00090002,-0.00073766
0.00052440,0.00109327,-0.00078399
0.00052450,0.00114294,-0.00080314
0.00052460,0.00137536,-0.00079188
0.00052470,0.00153269,-0.00074806
0.00052480,0.00160567,-0.00067075
0.00052490,0.00139685,-0.00056039
0.00052500,0.00125788,-0.00041893
0.00052510,0.00112430,-0.00024989
0.00052520,0.00070729,-0.00005833
0.00052530,0.00040171,0.00014921
0.00052540,0.00004316,0.00036490
0.00052550,-0.00023001,0.00057991
0.00052560,-0.00043154,0.00078482
0.00052570,-0.00083370,0.00097002
0.00052580,-0.00104044,0.00112622
0.00052590,-0.00134623,0.00124493
0.00052600,-0.00163929,0.00131892
0.00052610,-0.00186773,0.00134259
0.00052620,-0.00186428,0.00131230
0.00052630,-0.00195716,0.00122663
0.00052640,-0.00175805,0.00108649
0.00052650,-0.00157794,0.00089519
0.00052660,-0.00143477,0.00065832
0.00052670,-0.00117554,0.00038363
0.00052680,-0.00098986,0.00008072
0.00052690,-0.00075864,-0.00023925
0.00052700,-0.00030691,-0.00056404
0.00052710,0.00002694,-0.00088074
0.00052720,0.00025406,-0.00117624
0.00052730,0.00034825,-0.00143781
0.00052740,0.00068484,-0.00165354
0.00052750,0.00079372,-0.00181292
0.00052760,0.00087310,-0.00190734
0.00052770,0.00092568,-0.00193046
0.00052780,0.00088466,-0.00187860
0.00052790,0.00089164,-0.00175096
0.00052800,0.00077755,-0.00154975
0.00052810,0.00083309,-0.00128018
0.00052820,0.00050019,-0.00095039
0.00052830,0.00043088,-0.00057116
0.00052840,0.00010783,-0.00015566
0.00052850,-0.00037198,0.00028103
0.00052860,-0.00035696,0.00072239
0.00052870,-0.00074376,0.00115107
0.00052880,-0.00099308,0.00154953
0.00052890,-0.00100400,0.00190081
0.00052900,-0.00123454,0.00218927
0.00052910,-0.00136886,0.00240135
0.00052920,-0.00134233,0.00252620
0.00052930,-0.00118027,0.00255625
0.00052940,-0.00102026,0.00248759
0.00052950,-0.00108624,0.00232018
0.00052960,-0.00099486,0.00205792
0.00052970,-0.00090750,0.00170861
0.00052980,-0.00069112,0.00128373
0.00052990,-0.00034808,0.00079811
0.00053000,-0.00026541,0.00026945
0.00053010,-0.00011940,-0.00028231
0.00053020,0.00040229,-0.00083581
0.00053030,0.00064439,-0.00136907
0.00053040,0.00068289,-0.00186047
0.00053050,0.00078890,-0.00228966
0.00053060,0.00096462,-0.00263848
0.00053070,0.00112904,-0.00289174
0.00053080,0.00110395,-0.00303795
0.00053090,0.00098622,-0.00306977
0.00053100,0.00080161,-0.00298443
0.00053110,0.00057927,-0.00278381
0.00053120,0.00033463,-0.00247445
0.00053130,0.00005506,-0.00206732
0.00053140,-0.00009628,-0.00157744
0.00053150,-0.00035008,-0.00102330
0.00053160,-0.00053981,-0.00042614
0.00053170,-0.00099797,0.00019090
0.00053180,-0.00135404,0.00080372
0.00053190,-0.00152034,0.00138830
0.00053200,-0.00179652,0.00192177
0.00053210,-0.00188131,0.00238333
0.00053220,-0.00184882,0.00275527
0.00053230,-0.00198116,0.00302364
0.00053240,-0.00198339,0.00317891
0.00053250,-0.00170252,0.00321627
0.00053260,-0.00165362,0.00313575
0.00053270,-0.00123476,0.00294214
0.00053280,-0.00090551,0.00264461
0.00053290,-0.00049144,0.00225625
0.00053300,-0.00011199,0.00179337
0.00053310,0.00016473,0.00127474
0.00053320,0.00050761,0.00072077
0.00053330,0.00081955,0.00015258
0.00053340,0.00120124,-0.00040879
0.00053350,0.00170002,-0.00094328
0.00053360,0.00167190,-0.00143246
0.00053370,0.00209688,-0.00186026
0.00053380,0.00197710,-0.00221341
0.00053390,0.00194910,-0.00248192
0.00053400,0.00189025,-0.00265932
0.00053410,0.00158417,-0.00274280
0.00053420,0.00134807,-0.00273319
0.00053430,0.00070823,-0.00263477
0.00053440,0.00068707,-0.00245493
0.00053450,0.00036001,-0.00220374
0.00053460,-0.00034339,-0.00189342
0.00053470,-0.00068094,-0.00153768
0.00053480,-0.00098963,-0.00115111
0.00053490,-0.00133291,-0.00074855
0.00053500,-0.00177851,-0.00034445
0.00053510,-0.00195712,0.00004762
0.00053520,-0.00224209,0.00041545
0.00053530,-0.00244931,0.00074861
0.00053540,-0.00237845,0.00103867
0.00053550,-0.00234932,0.00127949
0.00053560,-0.00226937,0.00146724
0.00053570,-0.00185210,0.00160046
0.00053580,-0.00158918,0.00167994
0.00053590,-0.00113747,0.00170850
0.00053600,-0.00076430,0.00169072
0.00053610,-0.00023796,0.00163252
0.00053620,0.00021937,0.00154076
0.00053630,0.00038292,0.00142277
0.00053640,0.00075353,0.00128595
0.00053650,0.00117723,0.00113730
0.00053660,0.00136522,0.00098320
0.00053670,0.00150784,0.00082905
0.00053680,0.00173307,0.00067913
0.00053690,0.00176996,0.00053651
0.00053700,0.00169942,0.00040295
0.00053710,0.00142665,0.00027897
0.00053720,0.00100983,0.00016387
0.00053730,0.00077145,0.00005592
0.00053740,0.00041972,-0.00004741
0.00053750,0.00010311,-0.00014915
0.00053760,-0.00005001,-0.00025243
0.00053770,-0.00027196,-0.00036012
0.00053780,-0.00064159,-0.00047448
0.00053790,-0.00109044,-0.00059681
0.00053800,-0.00151836,-0.00072731
0.00053810,-0.00177747,-0.00086494
0.00053820,-0.00184283,-0.00100733
0.00053830,-0.00179502,-0.00115094
0.00053840,-0.00173463,-0.00129102
0.00053850,-0.00163895,-0.00142186
0.00053860,-0.00140597,-0.00153696
0.00053870,-0.00105684,-0.00162934
0.00053880,-0.00083045,-0.00169182
0.00053890,-0.00050597,-0.00171746
0.00053900,-0.00018116,-0.00169998
0.00053910,0.00017193,-0.00163415
0.00053920,0.00027497,-0.00151624
0.00053930,0.00062887,-0.00134433
0.00053940,0.00080091,-0.00111854
0.00053950,0.00091123,-0.00084126
0.00053960,0.00112056,-0.00051712
0.00053970,0.00115401,-0.00015300
0.00053980,0.00132539,0.00024209
0.00053990,0.00110695,0.00065729
0.00054000,0.00106699,0.00108012
0.00054010,0.00083730,0.00149695
0.00054020,0.00051252,0.00189333
0.00054030,0.00033141,0.00225457
0.00054040,-0.00009474,0.00256626
0.00054050,-0.00030421,0.00281483
0.00054060,-0.00060674,0.00298818
0.00054070,-0.00066359,0.00307618
0.00054080,-0.00105635,0.00307120
0.00054090,-0.00139566,0.00296848
0.00054100,-0.00171175,0.00276648
0.00054110,-0.00191206,0.00246709
0.00054120,-0.00163244,0.00207578
0.00054130,-0.00172105,0.00160161
0.00054140,-0.00166158,0.00105705
0.00054150,-0.00146160,0.00045776
0.00054160,-0.00120175,-0.00017793
0.00054170,-0.00111705,-0.00082959
0.00054180,-0.00107616,-0.00147538
0.00054190,-0.00073493,-0.00209288
0.00054200,-0.00025513,-0.00265988
0.00054210,0.00025689,-0.00315521
0.00054220,0.00037408,-0.00355951
0.00054230,0.00048319,-0.00385604
0.00054240,0.00078655,-0.00403132
0.00054250,0.00098898,-0.00407578
0.00054260,0.00131114,-0.00398422
0.00054270,0.00133769,-0.00375620
0.00054280,0.00129429,-0.00339616
0.00054290,0.00137494,-0.00291352
0.00054300,0.00123221,-0.00232241
0.00054310,0.00122424,-0.00164138
0.00054320,0.00118455,-0.00089278
0.00054330,0.00092582,-0.00010202
0.00054340,0.00080624,0.00070335
0.00054350,0.00072665,0.00149466
0.00054360,0.00040498,0.00224314
0.00054370,0.00019271,0.00292103
0.00054380,0.00015190,0.00350264
0.00054390,-0.00015207,0.00396535
0.00054400,-0.00052589,0.00429053
0.00054410,-0.00073656,0.00446439
0.00054420,-0.00114284,0.00447864
0.00054430,-0.00132976,0.00433094
0.00054440,-0.00140738,0.00402523
0.00054450,-0.00162214,0.00357171
0.00054460,-0.00163619,0.00298657
0.00054470,-0.00162784,0.00229144
0.00054480,-0.00156989,0.00151257
0.00054490,-0.00167097,0.00067978
0.00054500,-0.00154879,-0.00017477
0.00054510,-0.00152469,-0.00101786
0.00054520,-0.00147621,-0.00181659
0.00054530,-0.00120499,-0.00253974
0.00054540,-0.00104017,-0.00315901
0.00054550,-0.00082691,-0.00365026
0.00054560,-0.00075352,-0.00399447
0.00054570,-0.00015909,-0.00417862
0.00054580,0.00018381,-0.00419627
0.00054590,0.00056265,-0.00404788
0.00054600,0.00076289,-0.00374081
0.00054610,0.00086902,-0.00328905
0.00054620,0.00133960,-0.00271258
0.00054630,0.00132663,-0.00203656
0.00054640,0.00159704,-0.00129021
0.00054650,0.00174097,-0.00050560
0.00054660,0.00183706,0.00028381
0.00054670,0.00191496,0.00104457
0.00054680,0.00181124,0.00174472
0.00054690,0.00167770,0.00235522
0.00054700,0.00141347,0.00285121
0.00054710,0.00107618,0.00321308
0.00054720,0.00081431,0.00342727
0.00054730,0.00054366,0.00348687
0.00054740,0.00003405,0.00339185
0.00054750,-0.00038390,0.00314904
0.00054760,-0.00069411,0.00277173
0.00054770,-0.00118407,0.00227915
0.00054780,-0.00177462,0.00169547
0.00054790,-0.00196494,0.00104878
0.00054800,-0.00202260,0.00036967
0.00054810,-0.00225584,-0.00031012
0.00054820,-0.00232793,-0.00095928
0.00054830,-0.00242084,-0.00154839
0.00054840,-0.00239001,-0.00205129
0.00054850,-0.00224164,-0.00244634
0.00054860,-0.00187923,-0.00271732
0.00054870,-0.00167857,-0.00285411
0.00054880,-0.00140182,-0.00285301
0.00054890,-0.00104415,-0.00271676
0.00054900,-0.00066267,-0.00245423
0.00054910,-0.00019754,-0.00207991
0.00054920,0.00012687,-0.00161312
0.00054930,0.00056390,-0.00107706
0.00054940,0.00092763,-0.00049773
0.00054950,0.00133696,0.00009732
0.00054960,0.00167370,0.00068021
0.00054970,0.00173513,0.00122403
0.00054980,0.00191453,0.00170406
0.00054990,0.00204063,0.00209891
0.00055000,0.00184540,0.00239146
0.00055010,0.00188647,0.00256959
0.00055020,0.00175871,0.00262666
0.00055030,0.00155099,0.00256174
0.00055040,0.00113385,0.00237948
0.00055050,0.00078110,0.00208986
0.00055060,0.00060511,0.00170756
0.00055070,0.00008711,0.00125120
0.00055080,-0.00020553,0.00074239
0.00055090,-0.00077072,0.00020466
0.00055100,-0.00118528,-0.00033762
0.00055110,-0.00160383,-0.00086035
0.00055120,-0.00202728,-0.00134076
0.00055130,-0.00227090,-0.00175838
0.00055140,-0.00243858,-0.00209589
0.00055150,-0.00244713,-0.00233978
0.00055160,-0.00248942,-0.00248087
0.00055170,-0.00231810,-0.00251467
0.00055180,-0.00224616,-0.00244140
0.00055190,-0.00208207,-0.00226593
0.00055200,-0.00183124,-0.00199743
0.00055210,-0.00130046,-0.00164886
0.00055220,-0.00080822,-0.00123634
0.00055230,-0.00053903,-0.00077838
0.00055240,-0.00013724,-0.00029511
0.00055250,0.00035663,0.00019266
0.00055260,0.00080234,0.00066429
0.00055270,0.00097871,0.00110025
0.00055280,0.00118467,0.00148293
0.00055290,0.00131027,0.00179741
0.00055300,0.00162831,0.00203207
0.00055310,0.00168616,0.00217902
0.00055320,0.00163311,0.00223439
0.00055330,0.00170252,0.00219837
0.00055340,0.00146554,0.00207504
0.00055350,0.00149431,0.00187212
0.00055360,0.00111447,0.00160052
0.00055370,0.00089302,0.00127375
0.00055380,0.00055670,0.00090727
0.00055390,0.00022988,0.00051772
0.00055400,0.00001840,0.00012218
0.00055410,-0.00042868,-0.00026261
0.00055420,-0.00076759,-0.00062103
0.00055430,-0.00110693,-0.00093925
0.00055440,-0.00138143,-0.00120578
0.00055450,-0.00166887,-0.00141191
0.00055460,-0.00180767,-0.00155200
0.00055470,-0.00195074,-0.00162355
0.00055480,-0.00200599,-0.00162722
0.00055490,-0.00205858,-0.00156664
0.00055500,-0.00198599,-0.00144817
0.00055510,-0.00183825,-0.00128044
0.00055520,-0.00166749,-0.00107389
0.00055530,-0.00139728,-0.00084018
0.00055540,-0.00115704,-0.00059148
0.00055550,-0.00080072,-0.00033984
0.00055560,-0.00064206,-0.00009654
0.00055570,-0.00044256,0.00012848
0.00055580,-0.00009168,0.00032701
0.00055590,0.00008961,0.00049290
0.00055600,0.00068348,0.00062213
0.00055610,0.00102627,0.00071288
0.00055620,0.00111861,0.00076537
0.00055630,0.00124739,0.00078168
0.00055640,0.00115872,0.00076553
0.00055650,0.00127176,0.00072186
0.00055660,0.00110639,0.00065656
0.00055670,0.00121020,0.00057602
0.00055680,0.00099231,0.00048674
0.00055690,0.00094475,0.00039491
0.00055700,0.00086078,0.00030606
0.00055710,0.00057276,0.00022476
0.00055720,0.00047088,0.00015440
0.00055730,0.00005856,0.00009713
0.00055740,-0.00014489,0.00005379
0.00055750,-0.00042145,0.00002406
0.00055760,-0.00058976,0.00000661
0.00055770,-0.00079072,-0.00000078
0.00055780,-0.00121595,-0.00000087
0.00055790,-0.00138726,0.00000321
0.00055800,-0.00146668,0.00000825
0.00055810,-0.00137804,0.00001126
0.00055820,-0.00132010,0.00000963
0.00055830,-0.00117671,0.00000140
0.00055840,-0.00122591,-0.00001462
0.00055850,-0.00114562,-0.00003878
0.00055860,-0.00116333,-0.00007057
0.00055870,-0.00114531,-0.00010868
0.00055880,-0.00088142,-0.00015116
0.00055890,-0.00084869,-0.00019560
0.00055900,-0.00042553,-0.00023930
0.00055910,-0.00025679,-0.00027954
0.00055920,-0.00004821,-0.00031380
0.00055930,0.00021353,-0.00033997
0.00055940,0.00021217,-0.00035651
0.00055950,0.00020161,-0.00036250
0.00055960,0.00027167,-0.00035766
0.00055970,0.00016779,-0.00034227
0.00055980,0.00036360,-0.00031709
0.00055990,0.00041033,-0.00028325
0.00056000,0.00044385,-0.00024220
0.00056010,0.00032702,-0.00019561
0.00056020,0.00031780,-0.00014534
0.00056030,0.00011945,-0.00009328
0.00056040,0.00001733,-0.00004128
0.00056050,0.00004250,0.00000899
0.00056060,-0.00026404,0.00005621
0.00056070,-0.00024308,0.00009941
0.00056080,-0.00041091,0.00013809
0.00056090,-0.00045159,0.00017209
0.00056100,-0.00055289,0.00020163
0.00056110,-0.00045052,0.00022714
0.00056120,-0.00054410,0.00024919
0.00056130,-0.00056123,0.00026837
0.00056140,-0.00028079,0.00028523
0.00056150,-0.00050916,0.00030015
0.00056160,-0.00047224,0.00031334
0.00056170,-0.00050085,0.00032474
0.00056180,-0.00042659,0.00033405
0.00056190,-0.00059987,0.00034066
0.00056200,-0.00055838,0.00034377
0.00056210,-0.00030163,0.00034238
0.00056220,-0.00035387,0.00033540
0.00056230,-0.00018836,0.00032173
0.00056240,-0.00024613,0.00030029
0.00056250,-0.00034308,0.00027012
0.00056260,-0.00026061,0.00023046
0.00056270,-0.00025151,0.00018082
0.00056280,-0.00003886,0.00012111
0.00056290,-0.00002271,0.00005166
0.00056300,-0.00005628,-0.00002665
0.00056310,0.00006036,-0.00011236
0.00056320,-0.00012649,-0.00020340
0.00056330,-0.00021033,-0.00029708
0.00056340,-0.00013594,-0.00039018
0.00056350,0.00002670,-0.00047906
0.00056360,-0.00019291,-0.00055985
0.00056370,-0.00028788,-0.00062863
0.00056380,-0.00025095,-0.00068170
0.00056390,-0.00034035,-0.00071575
0.00056400,-0.00063310,-0.00072808
0.00056410,-0.00068297,-0.00071677
0.00056420,-0.00071667,-0.00068082
0.00056430,-0.00056226,-0.00062019
0.00056440,-0.00048282,-0.00053584
0.00056450,-0.00058784,-0.00042971
0.00056460,-0.00060910,-0.00030465
0.00056470,-0.00065930,-0.00016433
0.00056480,-0.00032230,-0.00001308
0.00056490,-0.00027224,0.00014421
0.00056500,-0.00031278,0.00030228
0.00056510,-0.00032374,0.00045564
0.00056520,-0.00021163,0.00059877
0.00056530,0.00009576,0.00072632
0.00056540,0.00022510,0.00083337
0.00056550,0.00029954,0.00091558
0.00056560,0.00027947,0.00096937
0.00056570,0.00034974,0.00099205
0.00056580,0.00048719,0.00098194
0.00056590,0.00059332,0.00093842
0.00056600,0.00063794,0.00086203
0.00056610,0.00061831,0.00075447
0.00056620,0.00066498,0.00061855
0.00056630,0.00078286,0.00045821
0.00056640,0.00066965,0.00027837
0.00056650,0.00061648,0.00008483
0.00056660,0.00037108,-0.00011589
0.00056670,0.00007227,-0.00031687
0.00056680,-0.00004956,-0.00051095
0.00056690,-0.00023357,-0.00069111
0.00056700,-0.00044632,-0.00085065
0.00056710,-0.00099553,-0.00098350
0.00056720,-0.00121108,-0.00108443
0.00056730,-0.00125871,-0.00114927
0.00056740,-0.00154805,-0.00117504
0.00056750,-0.00161154,-0.00116008
0.00056760,-0.00185344,-0.00110416
0.00056770,-0.00187934,-0.00100855
0.00056780,-0.00189144,-0.00087599
0.00056790,-0.00192155,-0.00071065
0.00056800,-0.00162311,-0.00051797
0.00056810,-0.00160881,-0.00030449
0.00056820,-0.00127344,-0.00007755
0.00056830,-0.00085623,0.00015493
0.00056840,-0.00054698,0.00038477
0.00056850,-0.00014021,0.00060380
0.00056860,0.00023876,0.00080413
0.00056870,0.00057047,0.00097842
0.00056880,0.00076905,0.00112019
0.00056890,0.00101010,0.00122405
0.00056900,0.00103781,0.00128605
0.00056910,0.00147208,0.00130378
0.00056920,0.00164497,0.00127655
0.00056930,0.00172314,0.00120537
0.00056940,0.00167958,0.00109287
0.00056950,0.00156045,0.00094313
0.00056960,0.00154158,0.00076153
0.00056970,0.00120031,0.00055443
0.00056980,0.00113942,0.00032898
0.00056990,0.00070323,0.00009279
0.00057000,0.00018775,-0.00014632
0.00057010,-0.00036111,-0.00038065
0.00057020,-0.00065547,-0.00060288
0.00057030,-0.00093284,-0.00080635
0.00057040,-0.00138130,-0.00098524
0.00057050,-0.00164321,-0.00113472
0.00057060,-0.00193343,-0.00125100
0.00057070,-0.00212982,-0.00133133
0.00057080,-0.00244560,-0.00137396
0.00057090,-0.00264434,-0.00137804
0.00057100,-0.00258053,-0.00134362
0.00057110,-0.00227478,-0.00127153
0.00057120,-0.00216598,-0.00116339
0.00057130,-0.00183173,-0.00102151
0.00057140,-0.00121523,-0.00084887
0.00057150,-0.00096677,-0.00064910
0.00057160,-0.00067831,-0.00042642
0.00057170,-0.00036089,-0.00018564
0.00057180,0.00019241,0.00006790
0.00057190,0.00052257,0.00032839
0.00057200,0.00083416,0.00058957
0.00057210,0.00127359,0.00084489
0.00057220,0.00140415,0.00108751
0.00057230,0.00154729,0.00131048
0.00057240,0.00172210,0.00150676
0.00057250,0.00185265,0.00166944
0.00057260,0.00172457,0.00179184
0.00057270,0.00148201,0.00186772
0.00057280,0.00124681,0.00189158
0.00057290,0.00087413,0.00185889
0.00057300,0.00065935,0.00176646
0.00057310,0.00018032,0.00161272
0.00057320,-0.00014772,0.00139804
0.00057330,-0.00054773,0.00112492
0.00057340,-0.00085120,0.00079817
0.00057350,-0.00101174,0.00042494
0.00057360,-0.00124887,0.00001473
0.00057370,-0.00163185,-0.00042081
0.00057380,-0.00203928,-0.00086810
0.00057390,-0.00191970,-0.00131205
0.00057400,-0.00178905,-0.00173651
0.00057410,-0.00164268,-0.00212485
0.00057420,-0.00151958,-0.00246061
0.00057430,-0.00133536,-0.00272821
0.00057440,-0.00110245,-0.00291367
0.00057450,-0.00091378,-0.00300531
0.00057460,-0.00054147,-0.00299438
0.00057470,-0.00039603,-0.00287561
0.00057480,-0.00005820,-0.00264760
0.00057490,0.00014477,-0.00231310
0.00057500,0.00059624,-0.00187911
0.00057510,0.00078088,-0.00135680
0.00057520,0.00085499,-0.00076131
0.00057530,0.00094770,-0.00011133
0.00057540,0.00093499,0.00057142
0.00057550,0.00073044,0.00126292
0.00057560,0.00058281,0.00193765
0.00057570,0.00063582,0.00256951
0.00057580,0.00051487,0.00313285
0.00057590,0.00035913,0.00360346
0.00057600,0.00010251,0.00395971
0.00057610,-0.00000333,0.00418352
0.00057620,-0.00023249,0.00426128
0.00057630,-0.00039704,0.00418460
0.00057640,-0.00073775,0.00395088
0.00057650,-0.00082969,0.00356355
0.00057660,-0.00092358,0.00303220
0.00057670,-0.00123063,0.00237232
0.00057680,-0.00108991,0.00160490
0.00057690,-0.00099152,0.00075577
0.00057700,-0.00087203,-0.00014529
0.00057710,-0.00085727,-0.00106562
0.00057720,-0.00062986,-0.00197082
0.00057730,-0.00069095,-0.00282609
0.00057740,-0.00037705,-0.00359754
0.00057750,-0.00007204,-0.00425362
0.00057760,-0.00014860,-0.00476635
0.00057770,-0.00004538,-0.00511261
0.00057780,0.00014030,-0.00527519
0.00057790,0.00042240,-0.00524366
0.00057800,0.00046619,-0.00501498
0.00057810,0.00065535,-0.00459382
0.00057820,0.00072355,-0.00399259
0.00057830,0.00043596,-0.00323106
0.00057840,0.00036580,-0.00233569
0.00057850,0.00035470,-0.00133871
0.00057860,-0.00001401,-0.00027681
0.00057870,0.00005926,0.00081022
0.00057880,-0.00008805,0.00188107
0.00057890,-0.00034960,0.00289452
0.00057900,-0.00050870,0.00381106
0.00057910,-0.00088269,0.00459448
0.00057920,-0.00099808,0.00521335
0.00057930,-0.00105472,0.00564222
0.00057940,-0.00108731,0.00586274
0.00057950,-0.00114036,0.00586432
0.00057960,-0.00115111,0.00564469
0.00057970,-0.00114039,0.00521004
0.00057980,-0.00098781,0.00457491
0.00057990,-0.00079141,0.00376172
0.00058000,-0.00068043,0.00280002
0.00058010,-0.00071066,0.00172540
0.00058020,-0.00053569,0.00057815
0.00058030,-0.00029653,-0.00059828
0.00058040,-0.00014918,-0.00175904
0.00058050,-0.00000844,-0.00285963
0.00058060,0.00016622,-0.00385761
0.00058070,0.00041963,-0.00471430
0.00058080,0.00032469,-0.00539627
0.00058090,0.00058715,-0.00587659
0.00058100,0.00056302,-0.00613594
0.00058110,0.00051450,-0.00616335
0.00058120,0.00067118,-0.00595672
0.00058130,0.00039406,-0.00552288
0.00058140,0.00050518,-0.00487746
0.00058150,0.00037601,-0.00404430
0.00058160,0.00025099,-0.00305459
0.00058170,0.00020216,-0.00194565
0.00058180,0.00009939,-0.00075954
0.00058190,-0.00007414,0.00045859
0.00058200,-0.00026790,0.00166219
0.00058210,-0.00022132,0.00280512
0.00058220,-0.00040498,0.00384340
0.00058230,-0.00066224,0.00473694
0.00058240,-0.00079839,0.00545107
0.00058250,-0.00106554,0.00595799
0.00058260,-0.00106887,0.00623787
0.00058270,-0.00110682,0.00627968
0.00058280,-0.00100292,0.00608168
0.00058290,-0.00082711,0.00565149
0.00058300,-0.00079479,0.00500580
0.00058310,-0.00063300,0.00416967
0.00058320,-0.00068196,0.00317558
0.00058330,-0.00061540,0.00206207
0.00058340,-0.00053394,0.00087220
0.00058350,-0.00047574,-0.00034808
0.00058360,-0.00024322,-0.00155177
0.00058370,-0.00005529,-0.00269259
0.00058380,-0.00001600,-0.00372678
0.00058390,-0.00000851,-0.00461478
0.00058400,-0.00006793,-0.00532278
0.00058410,-0.00003770,-0.00582409
0.00058420,0.00010574,-0.00610018
0.00058430,0.00034539,-0.00614148
0.00058440,0.00022563,-0.00594777
0.00058450,0.00032570,-0.00552813
0.00058460,0.00032026,-0.00490055
0.00058470,0.00007238,-0.00409116
0.00058480,0.00011764,-0.00313308
0.00058490,0.00015865,-0.00206502
0.00058500,-0.00007797,-0.00092965
0.00058510,-0.00041039,0.00022818
0.00058520,-0.00030840,0.00136328
0.00058530,-0.00043227,0.00243189
0.00058540,-0.00051297,0.00339340
0.00058550,-0.00037634,0.00421192
0.00058560,-0.00054358,0.00485760
0.00058570,-0.00046527,0.00530783
0.00058580,-0.00049357,0.00554797
0.00058590,-0.00024303,0.00557189
0.00058600,-0.00033854,0.00538215
0.00058610,-0.00021035,0.00498975
0.00058620,-0.00022976,0.00441364
0.00058630,-0.00023738,0.00367978
0.00058640,-0.00017210,0.00281999
0.00058650,-0.00019053,0.00187056
0.00058660,-0.00005442,0.00087075
0.00058670,-0.00029178,-0.00013894
0.00058680,-0.00026431,-0.00111835
0.00058690,-0.00017933,-0.00202932
0.00058700,-0.00004717,-0.00283726
0.00058710,-0.00019462,-0.00351243
0.00058720,-0.00018205,-0.00403114
0.00058730,-0.00013029,-0.00437660
0.00058740,-0.00013985,-0.00453947
0.00058750,-0.00017580,-0.00451811
0.00058760,-0.00016314,-0.00431848
0.00058770,-0.00003103,-0.00395374
0.00058780,-0.00005287,-0.00344360
0.00058790,-0.00008947,-0.00281341
0.00058800,-0.00019919,-0.00209293
0.00058810,-0.00028057,-0.00131508
0.00058820,-0.00042782,-0.00051438
0.00058830,-0.00042113,0.00027450
0.00058840,-0.00057572,0.00101832
0.00058850,-0.00047265,0.00168666
0.00058860,-0.00052012,0.00225326
0.00058870,-0.00063445,0.00269706
0.00058880,-0.00061236,0.00300309
0.00058890,-0.00056355,0.00316292
0.00058900,-0.00025947,0.00317500
0.00058910,-0.00043435,0.00304451
0.00058920,-0.00035788,0.00278308
0.00058930,-0.00028686,0.00240806
0.00058940,-0.00036031,0.00194163
0.00058950,-0.00023922,0.00140964
0.00058960,-0.00007944,0.00084031
0.00058970,-0.00009570,0.00026276
0.00058980,-0.00004742,-0.00029437
0.00058990,-0.00013800,-0.00080433
0.00059000,-0.00026936,-0.00124349
0.00059010,-0.00007089,-0.00159239
0.00059020,-0.00018373,-0.00183653
0.00059030,-0.00000536,-0.00196696
0.00059040,-0.00006790,-0.00198054
0.00059050,-0.00014981,-0.00187998
0.00059060,-0.00007850,-0.00167362
0.00059070,-0.00010200,-0.00137495
0.00059080,-0.00016545,-0.00100192
0.00059090,-0.00020573,-0.00057601
0.00059100,-0.00007976,-0.00012125
0.00059110,-0.00016023,0.00033701
0.00059120,-0.00011081,0.00077332
0.00059130,0.00001230,0.00116343
0.00059140,-0.00000556,0.00148545
0.00059150,-0.00009986,0.00172102
0.00059160,0.00001359,0.00185619
0.00059170,-0.00012745,0.00188213
0.00059180,-0.00015999,0.00179556
0.00059190,-0.00012820,0.00159893
0.00059200,-0.00043644,0.00130030
0.00059210,-0.00036458,0.00091295
0.00059220,-0.00038001,0.00045475
0.00059230,-0.00039194,-0.00005269
0.00059240,-0.00031821,-0.00058494
0.00059250,-0.00038993,-0.00111590
0.00059260,-0.00043773,-0.00161893
0.00059270,-0.00052658,-0.00206811
0.00059280,-0.00061666,-0.00243939
0.00059290,-0.00070406,-0.00271182
0.00059300,-0.00088518,-0.00286857
0.00059310,-0.00099397,-0.00289785
0.00059320,-0.00109837,-0.00279356
0.00059330,-0.00083636,-0.00255580
0.00059340,-0.00079640,-0.00219095
0.00059350,-0.00088017,-0.00171154
0.00059360,-0.00069815,-0.00113569
0.00059370,-0.00061408,-0.00048636
0.00059380,-0.00048744,0.00020969
0.00059390,-0.00059808,0.00092312
0.00059400,-0.00043075,0.00162334
0.00059410,-0.00005156,0.00227988
0.00059420,0.00008014,0.00286369
0.00059430,0.00020479,0.00334848
0.00059440,0.00044736,0.00371178
0.00059450,0.00047532,0.00393594
0.00059460,0.00041614,0.00400893
0.00059470,0.00067173,0.00392479
0.00059480,0.00067511,0.00368399
0.00059490,0.00089203,0.00329341
0.00059500,0.00080447,0.00276618
0.00059510,0.00060656,0.00212118
0.00059520,0.00075091,0.00138237
0.00059530,0.00055979,0.00057783
0.00059540,0.00039035,-0.00026138
0.00059550,0.00039122,-0.00110247
0.00059560,0.00020695,-0.00191235
0.00059570,0.00006315,-0.00265898
0.00059580,-0.00017206,-0.00331278
0.00059590,-0.00052755,-0.00384778
0.00059600,-0.00085032,-0.00424272
0.00059610,-0.00116374,-0.00448182
0.00059620,-0.00131626,-0.00455538
0.00059630,-0.00142597,-0.00446015
0.00059640,-0.00145000,-0.00419943
0.00059650,-0.00146686,-0.00378285
0.00059660,-0.00128858,-0.00322600
0.00059670,-0.00118897,-0.00254975
0.00059680,-0.00130565,-0.00177939
0.00059690,-0.00130548,-0.00094367
0.00059700,-0.00128614,-0.00007366
0.00059710,-0.00095807,0.00079836
0.00059720,-0.00064750,0.00164009
0.00059730,-0.00039258,0.00242044
0.00059740,-0.00029453,0.00311058
0.00059750,0.00009619,0.00368507
0.00059760,0.00030397,0.00412274
0.00059770,0.00036561,0.00440753
0.00059780,0.00066650,0.00452910
0.00059790,0.00068404,0.00448330
0.00059800,0.00089708,0.00427239
0.00059810,0.00086210,0.00390493
0.00059820,0.00065079,0.00339546
0.00059830,0.00073257,0.00276396
0.00059840,0.00061753,0.00203495
0.00059850,0.00061834,0.00123655
0.00059860,0.00056783,0.00039930
0.00059870,0.00040430,-0.00044499
0.00059880,0.00026763,-0.00126452
0.00059890,-0.00006635,-0.00202867
0.00059900,-0.00023331,-0.00270919
0.00059910,-0.00059024,-0.00328119
0.00059920,-0.00078008,-0.00372408
0.00059930,-0.00097643,-0.00402232
0.00059940,-0.00120937,-0.00416599
0.00059950,-0.00133787,-0.00415113
0.00059960,-0.00153440,-0.00397989
0.00059970,-0.00133912,-0.00366041
0.00059980,-0.00121820,-0.00320647
0.00059990,-0.00133400,-0.00263696
0.00060000,-0.00107001,-0.00197510
0.00060010,-0.00093884,-0.00124755
0.00060020,-0.00065992,-0.00048327
0.00060030,-0.00052735,0.00028762
0.00060040,-0.00036117,0.00103512
0.00060050,-0.00024006,0.00173053
0.00060060,-0.00015102,0.00234765
0.00060070,-0.00002423,0.00286377
0.00060080,0.00017414,0.00326054
0.00060090,0.00029288,0.00352461
0.00060100,0.00037042,0.00364803
0.00060110,0.00044973,0.00362850
0.00060120,0.00067751,0.00346934
0.00060130,0.00064886,0.00317928
0.00060140,0.00067300,0.00277203
0.00060150,0.00065452,0.00226566
0.00060160,0.00045637,0.00168184
0.00060170,0.00040569,0.00104491
0.00060180,0.00005905,0.00038083
0.00060190,-0.00016159,-0.00028385
0.00060200,-0.00054602,-0.00092310
0.00060210,-0.00072414,-0.00151247
0.00060220,-0.00074678,-0.00203005
0.00060230,-0.00092225,-0.00245730
0.00060240,-0.00104716,-0.00277973
0.00060250,-0.00123564,-0.00298740
0.00060260,-0.00127263,-0.00307513
0.00060270,-0.00139806,-0.00304263
0.00060280,-0.00140719,-0.00289431
0.00060290,-0.00141859,-0.00263898
0.00060300,-0.00133103,-0.00228931
0.00060310,-0.00110517,-0.00186124
0.00060320,-0.00083571,-0.00137324
0.00060330,-0.00074719,-0.00084551
0.00060340,-0.00062425,-0.00029916
0.00060350,-0.00006450,0.00024466
0.00060360,0.00010456,0.00076558
0.00060370,0.00035113,0.00124476
0.00060380,0.00068228,0.00166554
0.00060390,0.00056190,0.00201401
0.00060400,0.00090338,0.00227942
0.00060410,0.00084386,0.00245444
0.00060420,0.00091673,0.00253532
0.00060430,0.00111485,0.00252191
0.00060440,0.00104153,0.00241756
0.00060450,0.00119018,0.00222888
0.00060460,0.00102145,0.00196540
0.00060470,0.00093190,0.00163908
0.00060480,0.00066865,0.00126379
0.00060490,0.00050561,0.00085465
0.00060500,0.00042406,0.00042740
0.00060510,-0.00003093,-0.00000233
0.00060520,-0.00041087,-0.00041956
0.00060530,-0.00075954,-0.00081056
0.00060540,-0.00101447,-0.00116323
0.00060550,-0.00126684,-0.00146745
0.00060560,-0.00156292,-0.00171531
0.00060570,-0.00157149,-0.00190113
0.00060580,-0.00163278,-0.00202154
0.00060590,-0.00193421,-0.00207533
0.00060600,-0.00186705,-0.00206335
0.00060610,-0.00179807,-0.00198827
0.00060620,-0.00188094,-0.00185442
0.00060630,-0.00149567,-0.00166756
0.00060640,-0.00130987,-0.00143468
0.00060650,-0.00125845,-0.00116375
0.00060660,-0.00087606,-0.00086352
0.00060670,-0.00068942,-0.00054323
0.00060680,-0.00027872,-0.00021237
0.00060690,0.00003335,0.00011964
0.00060700,0.00047465,0.00044366
0.00060710,0.00089969,0.00075110
0.00060720,0.00102266,0.00103417
0.00060730,0.00140461,0.00128598
0.00060740,0.00127996,0.00150064
0.00060750,0.00154948,0.00167330
0.00060760,0.00155576,0.00180012
0.00060770,0.00152653,0.00187827
0.00060780,0.00147562,0.00190589
0.00060790,0.00143863,0.00188213
0.00060800,0.00133096,0.00180710
0.00060810,0.00092868,0.00168197
0.00060820,0.00072068,0.00150900
0.00060830,0.00029719,0.00129159
0.00060840,0.00001252,0.00103429
0.00060850,-0.00042846,0.00074282
0.00060860,-0.00070813,0.00042405
0.00060870,-0.00101823,0.00008590
0.00060880,-0.00157259,-0.00026281
0.00060890,-0.00169354,-0.00061248
0.00060900,-0.00208201,-0.00095303
0.00060910,-0.00212342,-0.00127407
0.00060920,-0.00226372,-0.00156530
0.00060930,-0.00244656,-0.00181675
0.00060940,-0.00244669,-0.00201925
0.00060950,-0.00245772,-0.00216469
0.00060960,-0.00238686,-0.00224646
0.00060970,-0.00210138,-0.00225973
0.00060980,-0.00164611,-0.00220172
0.00060990,-0.00147405,-0.00207189
0.00061000,-0.00110147,-0.00187212
0.00061010,-0.00062402,-0.00160671
0.00061020,-0.00003483,-0.00128236
0.00061030,0.00048639,-0.00090793
0.00061040,0.00092319,-0.00049428
0.00061050,0.00126844,-0.00005387
0.00061060,0.00150590,0.00039956
0.00061070,0.00190918,0.00085143
0.00061080,0.00211627,0.00128672
0.00061090,0.00217308,0.00169047
0.00061100,0.00223646,0.00204824
0.00061110,0.00215742,0.00234662
0.00061120,0.00204433,0.00257369
0.00061130,0.00185027,0.00271957
0.00061140,0.00155055,0.00277680
0.00061150,0.00114825,0.00274077
0.00061160,0.00067194,0.00261001
0.00061170,0.00026778,0.00238640
0.00061180,-0.00008095,0.00207519
0.00061190,-0.00060228,0.00168500
0.00061200,-0.00113349,0.00122759
0.00061210,-0.00143257,0.00071756
0.00061220,-0.00196969,0.00017189
0.00061230,-0.00234497,-0.00039062
0.00061240,-0.00258587,-0.00095005
0.00061250,-0.00275390,-0.00148605
0.00061260,-0.00288610,-0.00197874
0.00061270,-0.00282934,-0.00240944
0.00061280,-0.00269210,-0.00276146
0.00061290,-0.00259806,-0.00302084
0.00061300,-0.00225286,-0.00317680
0.00061310,-0.00200913,-0.00322226
0.00061320,-0.00163681,-0.00315405
0.00061330,-0.00104810,-0.00297301
0.00061340,-0.00077809,-0.00268403
0.00061350,-0.00001862,-0.00229588
0.00061360,0.00052144,-0.00182096
0.00061370,0.00077620,-0.00127498
0.00061380,0.00119324,-0.00067648
0.00061390,0.00139375,-0.00004626
0.00061400,0.00195090,0.00059329
0.00061410,0.00215110,0.00121895
0.00061420,0.00220158,0.00180750
0.00061430,0.00220495,0.00233662
0.00061440,0.00217351,0.00278575
0.00061450,0.00222843,0.00313699
0.00061460,0.00192943,0.00337591
0.00061470,0.00145020,0.00349222
0.00061480,0.00076555,0.00348030
0.00061490,0.00028615,0.00333943
0.00061500,0.00000075,0.00307390
0.00061510,-0.00037559,0.00269285
0.00061520,-0.00092148,0.00220995
0.00061530,-0.00135201,0.00164287
0.00061540,-0.00178040,0.00101259
0.00061550,-0.00190791,0.00034262
0.00061560,-0.00193635,-0.00034190
0.00061570,-0.00229269,-0.00101514
0.00061580,-0.00249446,-0.00165158
0.00061590,-0.00255501,-0.00222700
0.00061600,-0.00241343,-0.00271942
0.00061610,-0.00223496,-0.00310996
0.00061620,-0.00188439,-0.00338357
0.00061630,-0.00160202,-0.00352965
0.00061640,-0.00135149,-0.00354252
0.00061650,-0.00098526,-0.00342166
0.00061660,-0.00036814,-0.00317180
0.00061670,0.00004500,-0.00280269
0.00061680,0.00035680,-0.00232880
0.00061690,0.00064917,-0.00176867
0.00061700,0.00069559,-0.00114420
0.00061710,0.00114147,-0.00047978
0.00061720,0.00135940,0.00019871
0.00061730,0.00143517,0.00086494
0.00061740,0.00151575,0.00149319
0.00061750,0.00153876,0.00205941
0.00061760,0.00141656,0.00254222
0.00061770,0.00124283,0.00292369
0.00061780,0.00097503,0.00319012
0.00061790,0.00062137,0.00333252
0.00061800,0.00029142,0.00334691
0.00061810,-0.00006760,0.00323450
0.00061820,-0.00048559,0.00300150
0.00061830,-0.00064890,0.00265885
0.00061840,-0.00086983,0.00222161
0.00061850,-0.00118551,0.00170833
0.00061860,-0.00154871,0.00114016
0.00061870,-0.00170596,0.00053993
0.00061880,-0.00169477,-0.00006874
0.00061890,-0.00186239,-0.00066248
0.00061900,-0.00161578,-0.00121907
0.00061910,-0.00184509,-0.00171834
0.00061920,-0.00166041,-0.00214291
0.00061930,-0.00149723,-0.00247884
0.00061940,-0.00121581,-0.00271605
0.00061950,-0.00081176,-0.00284861
0.00061960,-0.00082396,-0.00287478
0.00061970,-0.00050711,-0.00279691
0.00061980,-0.00024481,-0.00262116
0.00061990,0.00003132,-0.00235710
0.00062000,0.00043082,-0.00201718
0.00062010,0.00067799,-0.00161623
0.00062020,0.00082390,-0.00117075
0.00062030,0.00096114,-0.00069833
0.00062040,0.00105300,-0.00021691
0.00062050,0.00111032,0.00025585
0.00062060,0.00094039,0.00070329
0.00062070,0.00088140,0.00111032
0.00062080,0.00072110,0.00146401
0.00062090,0.00053581,0.00175401
0.00062100,0.00044411,0.00197285
0.00062110,0.00020100,0.00211612
0.00062120,-0.00013108,0.00218250
0.00062130,-0.00043193,0.00217363
0.00062140,-0.00061873,0.00209394
0.00062150,-0.00081662,0.00195023
0.00062160,-0.00102045,0.00175131
0.00062170,-0.00143435,0.00150743
0.00062180,-0.00152489,0.00122975
0.00062190,-0.00143032,0.00092978
0.00062200,-0.00135182,0.00061886
0.00062210,-0.00134321,0.00030771
0.00062220,-0.00127361,0.00000607
0.00062230,-0.00140963,-0.00027758
0.00062240,-0.00133536,-0.00053623
0.00062250,-0.00093995,-0.00076443
0.00062260,-0.00065894,-0.00095829
0.00062270,-0.00040658,-0.00111547
0.00062280,-0.00032797,-0.00123504
0.00062290,0.00000884,-0.00131736
0.00062300,0.00024088,-0.00136388
0.00062310,0.00039278,-0.00137691
0.00062320,0.00067800,-0.00135945
0.00062330,0.00081400,-0.00131486
0.00062340,0.00093880,-0.00124665
0.00062350,0.00085985,-0.00115823
0.00062360,0.00094342,-0.00105275
0.00062370,0.00097191,-0.00093295
0.00062380,0.00090614,-0.00080115
0.00062390,0.00086525,-0.00065930
0.00062400,0.00060066,-0.00050904
0.00062410,0.00046353,-0.00035185
0.00062420,0.00013127,-0.00018918
0.00062430,-0.00021733,-0.00002249
0.00062440,-0.00056916,0.00014656
0.00062450,-0.00066419,0.00031612
0.00062460,-0.00074727,0.00048403
0.00062470,-0.00096127,0.00064783
0.00062480,-0.00124610,0.00080471
0.00062490,-0.00158847,0.00095157
0.00062500,-0.00197867,0.00108501
0.00062510,-0.00218504,0.00120139
0.00062520,-0.00189125,0.00129694
0.00062530,-0.00162250,0.00136782
0.00062540,-0.00173350,0.00141031
0.00062550,-0.00168968,0.00142095
0.00062560,-0.00149178,0.00139674
0.00062570,-0.00125070,0.00133543
0.00062580,-0.00093977,0.00123568
0.00062590,-0.00041463,0.00109737
0.00062600,-0.00025027,0.00092173
0.00062610,-0.00009662,0.00071146
0.00062620,0.00017895,0.00047084
0.00062630,0.00058073,0.00020562
0.00062640,0.00105232,-0.00007707
0.00062650,0.00101351,-0.00036897
0.00062660,0.00124106,-0.00066098
0.00062670,0.00138832,-0.00094352
0.00062680,0.00125981,-0.00120689
0.00062690,0.00133349,-0.00144166
0.00062700,0.00128534,-0.00163904
0.00062710,0.00111726,-0.00179122
0.00062720,0.00098725,-0.00189170
0.00062730,0.00073804,-0.00193556
0.00062740,0.00033333,-0.00191970
0.00062750,0.00011913,-0.00184299
0.00062760,-0.00020786,-0.00170637
0.00062770,-0.00037960,-0.00151294
0.00062780,-0.00069049,-0.00126788
0.00062790,-0.00106548,-0.00097839
0.00062800,-0.00121050,-0.00065353
0.00062810,-0.00163146,-0.00030390
0.00062820,-0.00190720,0.00005867
0.00062830,-0.00212070,0.00042165
0.00062840,-0.00217885,0.00077225
0.00062850,-0.00225764,0.00109800
0.00062860,-0.00226785,0.00138727
0.00062870,-0.00200359,0.00162975
0.00062880,-0.00175397,0.00181696
0.00062890,-0.00139431,0.00194255
0.00062900,-0.00121303,0.00200267
0.00062910,-0.00091325,0.00199612
0.00062920,-0.00048394,0.00192434
0.00062930,-0.00005167,0.00179135
0.00062940,0.00017822,0.00160348
0.00062950,0.00068766,0.00136896
0.00062960,0.00098806,0.00109749
0.00062970,0.00109135,0.00079972
0.00062980,0.00137546,0.00048680
0.00062990,0.00141635,0.00016988
0.00063000,0.00149286,-0.00014023
0.00063010,0.00148340,-0.00043345
0.00063020,0.00110286,-0.00070072
0.00063030,0.00123464,-0.00093431
0.00063040,0.00112582,-0.00112801
0.00063050,0.00062847,-0.00127738
0.00063060,0.00037482,-0.00137985
0.00063070,-0.00025249,-0.00143479
0.00063080,-0.00043789,-0.00144342
0.00063090,-0.00080975,-0.00140872
0.00063100,-0.00149811,-0.00133519
0.00063110,-0.00166250,-0.00122859
0.00063120,-0.00176972,-0.00109557
0.00063130,-0.00208433,-0.00094333
0.00063140,-0.00209288,-0.00077921
0.00063150,-0.00202764,-0.00061031
0.00063160,-0.00211550,-0.00044313
0.00063170,-0.00211738,-0.00028327
0.00063180,-0.00197848,-0.00013523
0.00063190,-0.00178142,-0.00000224
0.00063200,-0.00153142,0.00011379
0.00063210,-0.00102238,0.00021225
0.00063220,-0.00059571,0.00029368
0.00063230,-0.00023256,0.00035968
0.00063240,0.00019532,0.00041263
0.00063250,0.00039160,0.00045546
0.00063260,0.00075555,0.00049141
0.00063270,0.00099219,0.00052369
0.00063280,0.00136670,0.00055522
0.00063290,0.00154841,0.00058834
0.00063300,0.00164645,0.00062462
0.00063310,0.00147329,0.00066469
0.00063320,0.00124599,0.00070822
0.00063330,0.00121180,0.00075388
0.00063340,0.00101187,0.00079945
0.00063350,0.00064831,0.00084197
0.00063360,0.00042470,0.00087782
0.00063370,0.00011948,0.00090293
0.00063380,-0.00017052,0.00091296
0.00063390,-0.00058674,0.00090345
0.00063400,-0.00123935,0.00087014
0.00063410,-0.00146901,0.00080919
0.00063420,-0.00168988,0.00071750
0.00063430,-0.00221130,0.00059300
0.00063440,-0.00242232,0.00043494
0.00063450,-0.00247123,0.00024412
0.00063460,-0.00244753,0.00002308
0.00063470,-0.00226689,-0.00022384
0.00063480,-0.00226158,-0.00049047
0.00063490,-0.00224416,-0.00076896
0.00063500,-0.00164252,-0.00105000
0.00063510,-0.00111966,-0.00132306
0.00063520,-0.00073287,-0.00157683
0.00063530,-0.00023672,-0.00179959
0.00063540,-0.00001325,-0.00197978
0.00063550,0.00036298,-0.00210647
0.00063560,0.00095609,-0.00216997
0.00063570,0.00132740,-0.00216238
0.00063580,0.00151441,-0.00207810
0.00063590,0.00188957,-0.00191435
0.00063600,0.00184413,-0.00167149
0.00063610,0.00209630,-0.00135329
0.00063620,0.00209575,-0.00096704
0.00063630,0.00163797,-0.00052337
0.00063640,0.00143271,-0.00003605
0.00063650,0.00121599,0.00047849
0.00063660,0.00082392,0.00100181
0.00063670,0.00045353,0.00151408
0.00063680,-0.00014623,0.00199498
0.00063690,-0.00059937,0.00242445
0.00063700,-0.00105901,0.00278359
0.00063710,-0.00154932,0.00305545
0.00063720,-0.00189460,0.00322581
0.00063730,-0.00216985,0.00328387
0.00063740,-0.00245569,0.00322285
0.00063750,-0.00264446,0.00304046
0.00063760,-0.00267294,0.00273924
0.00063770,-0.00267377,0.00232662
0.00063780,-0.00256719,0.00181489
0.00063790,-0.00236526,0.00122078
0.00063800,-0.00190822,0.00056497
0.00063810,-0.00162850,-0.00012870
0.00063820,-0.00124198,-0.00083414
0.00063830,-0.00085156,-0.00152401
0.00063840,-0.00042596,-0.00217086
0.00063850,0.00005668,-0.00274831
0.00063860,0.00055817,-0.00323217
0.00063870,0.00091490,-0.00360163
0.00063880,0.00121456,-0.00384014
0.00063890,0.00155144,-0.00393621
0.00063900,0.00177719,-0.00388400
0.00063910,0.00190919,-0.00368358
0.00063920,0.00197294,-0.00334101
0.00063930,0.00180295,-0.00286816
0.00063940,0.00169500,-0.00228230
0.00063950,0.00154865,-0.00160546
0.00063960,0.00120105,-0.00086355
0.00063970,0.00063275,-0.00008539
0.00063980,0.00020206,0.00069852
0.00063990,-0.00012065,0.00145718
0.00064000,-0.00047276,0.00216042
0.00064010,-0.00069562,0.00278019
0.00064020,-0.00115303,0.00329179
0.00064030,-0.00156205,0.00367493
0.00064040,-0.00191879,0.00391463
0.00064050,-0.00204574,0.00400181
0.00064060,-0.00211081,0.00393363
0.00064070,-0.00236470,0.00371362
0.00064080,-0.00230032,0.00335143
0.00064090,-0.00228660,0.00286243
0.00064100,-0.00211379,0.00226708
0.00064110,-0.00185468,0.00159000
0.00064120,-0.00137576,0.00085901
0.00064130,-0.00123808,0.00010383
0.00064140,-0.00082159,-0.00064508
0.00064150,-0.00062687,-0.00135792
0.00064160,-0.00042660,-0.00200672
0.00064170,0.00031577,-0.00256651
0.00064180,0.00054078,-0.00301633
0.00064190,0.00093577,-0.00333996
0.00064200,0.00118047,-0.00352652
0.00064210,0.00140660,-0.00357079
0.00064220,0.00142069,-0.00347334
0.00064230,0.00126228,-0.00324046
0.00064240,0.00125315,-0.00288381
0.00064250,0.00110345,-0.00241992
0.00064260,0.00101990,-0.00186942
0.00064270,0.00080283,-0.00125614
0.00064280,0.00059223,-0.00060608
0.00064290,0.00025919,0.00005373
0.00064300,-0.00017608,0.00069642
0.00064310,-0.00034799,0.00129637
0.00064320,-0.00081765,0.00183030
0.00064330,-0.00109387,0.00227817
0.00064340,-0.00140452,0.00262395
0.00064350,-0.00161401,0.00285619
0.00064360,-0.00159747,0.00296830
0.00064370,-0.00155468,0.00295873
0.00064380,-0.00151507,0.00283079
0.00064390,-0.00168720,0.00259241
0.00064400,-0.00164988,0.00225560
0.00064410,-0.00161571,0.00183590
0.00064420,-0.00143418,0.00135165
0.00064430,-0.00106345,0.00082325
0.00064440,-0.00092098,0.00027231
0.00064450,-0.00056037,-0.00027910
0.00064460,-0.00029107,-0.00080938
0.00064470,-0.00016372,-0.00129820
0.00064480,0.00019716,-0.00172725
0.00064490,0.00033283,-0.00208095
0.00064500,0.00061287,-0.00234696
0.00064510,0.00080638,-0.00251656
0.00064520,0.00090675,-0.00258494
0.00064530,0.00084583,-0.00255123
0.00064540,0.00074493,-0.00241844
0.00064550,0.00072900,-0.00219322
0.00064560,0.00056673,-0.00188552
0.00064570,0.00052239,-0.00150805
0.00064580,0.00042293,-0.00107574
0.00064590,0.00027132,-0.00060511
0.00064600,0.00012709,-0.00011363
0.00064610,-0.00003582,0.00038082
0.00064620,-0.00029146,0.00086059
0.00064630,-0.00061323,0.00130873
0.00064640,-0.00075582,0.00170950
0.00064650,-0.00094489,0.00204880
0.00064660,-0.00105558,0.00231460
0.00064670,-0.00125024,0.00249731
0.00064680,-0.00142740,0.00259009
0.00064690,-0.00144157,0.00258910
0.00064700,-0.00133096,0.00249366
0.00064710,-0.00130130,0.00230631
0.00064720,-0.00110085,0.00203278
0.00064730,-0.00096984,0.00168178
0.00064740,-0.00086990,0.00126479
0.00064750,-0.00069708,0.00079566
0.00064760,-0.00055709,0.00029018
0.00064770,-0.00051352,-0.00023437
0.00064780,-0.00017659,-0.00075979
0.00064790,0.00015240,-0.00126757
0.00064800,0.00036194,-0.00173951
0.00064810,0.00026852,-0.00215836
0.00064820,0.00052693,-0.00250840
0.00064830,0.00042808,-0.00277609
0.00064840,0.00043462,-0.00295045
0.00064850,0.00076514,-0.00302353
0.00064860,0.00081350,-0.00299070
0.00064870,0.00070719,-0.00285083
0.00064880,0.00068956,-0.00260645
0.00064890,0.00074855,-0.00226378
0.00064900,0.00051016,-0.00183261
0.00064910,0.00045766,-0.00132616
0.00064920,0.00015802,-0.00076073
0.00064930,0.00007642,-0.00015527
0.00064940,-0.00014359,0.00046923
0.00064950,-0.00032704,0.00109052
0.00064960,-0.00064129,0.00168585
0.00064970,-0.00075741,0.00223293
0.00064980,-0.00093146,0.00271078
0.00064990,-0.00122991,0.00310053
0.00065000,-0.00114269,0.00338619
0.00065010,-0.00142682,0.00355527
0.00065020,-0.00150191,0.00359937
0.00065030,-0.00175014,0.00351451
0.00065040,-0.00182035,0.00330146
0.00065050,-0.00137434,0.00296583
0.00065060,-0.00121274,0.00251798
0.00065070,-0.00095225,0.00197273
0.00065080,-0.00095914,0.00134896
0.00065090,-0.00066936,0.00066889
0.00065100,-0.00045168,-0.00004269
0.00065110,-0.00021009,-0.00075939
0.00065120,0.00013727,-0.00145426
0.00065130,0.00035854,-0.00210091
0.00065140,0.00059978,-0.00267457
0.00065150,0.00102550,-0.00315317
0.00065160,0.00101940,-0.00351821
0.00065170,0.00090948,-0.00375560
0.00065180,0.00119323,-0.00385622
0.00065190,0.00131829,-0.00381630
0.00065200,0.00131446,-0.00363756
0.00065210,0.00096371,-0.00332717
0.00065220,0.00081709,-0.00289743
0.00065230,0.00060831,-0.00236524
0.00065240,0.00050239,-0.00175147
0.00065250,0.00031731,-0.00108013
0.00065260,0.00013559,-0.00037743
0.00065270,-0.00022543,0.00032927
0.00065280,-0.00084359,0.00101257
0.00065290,-0.00104381,0.00164620
0.00065300,-0.00137778,0.00220616
0.00065310,-0.00146161,0.00267177
0.00065320,-0.00151139,0.00302657
0.00065330,-0.00168885,0.00325906
0.00065340,-0.00177461,0.00336316
0.00065350,-0.00184328,0.00333844
0.00065360,-0.00196295,0.00319001
0.00065370,-0.00193000,0.00292818
0.00065380,-0.00170732,0.00256785
0.00065390,-0.00143790,0.00212762
0.00065400,-0.00116622,0.00162889
0.00065410,-0.00116088,0.00109469
0.00065420,-0.00081975,0.00054862
0.00065430,-0.00070299,0.00001377
0.00065440,-0.00049007,-0.00048832
0.00065450,-0.00010611,-0.00093854
0.00065460,0.00002631,-0.00132098
0.00065470,0.00041357,-0.00162361
0.00065480,0.00065165,-0.00183866
0.00065490,0.00084052,-0.00196290
0.00065500,0.00104798,-0.00199763
0.00065510,0.00115503,-0.00194843
0.00065520,0.00103418,-0.00182474
0.00065530,0.00111223,-0.00163918
0.00065540,0.00123410,-0.00140675
0.00065550,0.00102325,-0.00114388
0.00065560,0.00082261,-0.00086755
0.00065570,0.00065491,-0.00059427
0.00065580,0.00060715,-0.00033924
0.00065590,0.00025228,-0.00011553
0.00065600,0.00000069,0.00006660
0.00065610,-0.00029340,0.00020021
0.00065620,-0.00070505,0.00028197
0.00065630,-0.00056450,0.00031229
0.00065640,-0.00095892,0.00029514
0.00065650,-0.00111252,0.00023769
0.00065660,-0.00133054,0.00014975
0.00065670,-0.00132160,0.00004300
0.00065680,-0.00143409,-0.00006975
0.00065690,-0.00159414,-0.00017547
0.00065700,-0.00148193,-0.00026164
0.00065710,-0.00147295,-0.00031708
0.00065720,-0.00132898,-0.00033264
0.00065730,-0.00126920,-0.00030181
0.00065740,-0.00111027,-0.00022114
0.00065750,-0.00100622,-0.00009060
0.00065760,-0.00086239,0.00008632
0.00065770,-0.00078510,0.00030271
0.00065780,-0.00048166,0.00054853
0.00065790,-0.00021796,0.00081109
0.00065800,-0.00000866,0.00107572
0.00065810,0.00021332,0.00132660
0.00065820,0.00028872,0.00154761
0.00065830,0.00055535,0.00172331
0.00065840,0.00062666,0.00183979
0.00065850,0.00072873,0.00188557
0.00065860,0.00076648,0.00185232
0.00065870,0.00065360,0.00173541
0.00065880,0.00052712,0.00153432
0.00065890,0.00058952,0.00125279
0.00065900,0.00042504,0.00089879
0.00065910,0.00036196,0.00048414
0.00065920,0.00016889,0.00002409
0.00065930,-0.00001584,-0.00046339
0.00065940,-0.00011367,-0.00095838
0.00065950,-0.00017888,-0.00143987
0.00065960,-0.00042699,-0.00188672
0.00065970,-0.00051686,-0.00227859
0.00065980,-0.00079944,-0.00259685
0.00065990,-0.00078318,-0.00282551
0.00066000,-0.00082791,-0.00295201
0.00066010,-0.00091942,-0.00296791
0.00066020,-0.00103216,-0.00286941
0.00066030,-0.00123301,-0.00265771
0.00066040,-0.00096466,-0.00233898
0.00066050,-0.00098483,-0.00192426
0.00066060,-0.00106212,-0.00142892
0.00066070,-0.00088336,-0.00087199
0.00066080,-0.00079376,-0.00027532
0.00066090,-0.00062686,0.00033745
0.00066100,-0.00059811,0.00094190
0.00066110,-0.00032885,0.00151395
0.00066120,-0.00013399,0.00203088
0.00066130,-0.00011969,0.00247231
0.00066140,-0.00000469,0.00282104
0.00066150,0.00021973,0.00306378
0.00066160,0.00013710,0.00319168
0.00066170,0.00022854,0.00320065
0.00066180,0.00021448,0.00309148
0.00066190,0.00028973,0.00286976
0.00066200,0.00034059,0.00254555
0.00066210,0.00026660,0.00213287
0.00066220,0.00028830,0.00164906
0.00066230,0.00018783,0.00111403
0.00066240,0.00015470,0.00054933
0.00066250,0.00000163,-0.00002272
0.00066260,-0.00019266,-0.00058004
0.00066270,-0.00047774,-0.00110168
0.00066280,-0.00057050,-0.00156868
0.00066290,-0.00060600,-0.00196484
0.00066300,-0.00061458,-0.00227728
0.00066310,-0.00078045,-0.00249689
0.00066320,-0.00083903,-0.00261866
0.00066330,-0.00091963,-0.00264170
0.00066340,-0.00091266,-0.00256926
0.00066350,-0.00089119,-0.00240834
0.00066360,-0.00078975,-0.00216934
0.00066370,-0.00062583,-0.00186537
0.00066380,-0.00071260,-0.00151154
0.00066390,-0.00060518,-0.00112419
0.00066400,-0.00056369,-0.00072003
0.00066410,-0.00036382,-0.00031545
0.00066420,-0.00011909,0.00007419
0.00066430,0.00015231,0.00043513
0.00066440,0.00035494,0.00075569
0.00066450,0.00032736,0.00102663
0.00066460,0.00020541,0.00124139
0.00066470,0.00021140,0.00139623
0.00066480,0.00051057,0.00149022
0.00066490,0.00053019,0.00152514
0.00066500,0.00037068,0.00150523
0.00066510,0.00020997,0.00143680
0.00066520,0.00003804,0.00132781
0.00066530,-0.00000426,0.00118730
0.00066540,-0.00008083,0.00102490
0.00066550,-0.00036602,0.00085024
0.00066560,-0.00034192,0.00067244
0.00066570,-0.00052472,0.00049961
0.00066580,-0.00064041,0.00033854
0.00066590,-0.00077403,0.00019440
0.00066600,-0.00101653,0.00007059
0.00066610,-0.00115673,-0.00003127
0.00066620,-0.00117266,-0.00011125
0.00066630,-0.00102188,-0.00017095
0.00066640,-0.00109817,-0.00021318
0.00066650,-0.00103958,-0.00024163
0.00066660,-0.00116974,-0.00026053
0.00066670,-0.00116046,-0.00027434
0.00066680,-0.00109474,-0.00028740
0.00066690,-0.00089172,-0.00030370
0.00066700,-0.00080955,-0.00032658
0.00066710,-0.00072027,-0.00035846
0.00066720,-0.00057587,-0.00040069
0.00066730,-0.00044163,-0.00045329
0.00066740,-0.00016246,-0.00051496
0.00066750,-0.00006463,-0.00058302
0.00066760,0.00013126,-0.00065357
0.00066770,0.00029144,-0.00072169
0.00066780,0.00041429,-0.00078175
0.00066790,0.00045903,-0.00082781
0.00066800,0.00045864,-0.00085400
0.00066810,0.00054056,-0.00085499
0.00066820,0.00038895,-0.00082639
0.00066830,0.00043485,-0.00076513
0.00066840,0.00054202,-0.00066975
0.00066850,0.00044323,-0.00054055
0.00066860,0.00041865,-0.00037967
0.00066870,0.00020803,-0.00019108
0.00066880,0.00017430,0.00001964
0.00066890,-0.00001261,0.00024548
0.00066900,-0.00025202,0.00047835
0.00066910,-0.00032862,0.00070943
0.00066920,-0.00049322,0.00092957
0.00066930,-0.00080787,0.00112963
0.00066940,-0.00096555,0.00130092
0.00066950,-0.00122991,0.00143552
0.00066960,-0.00129832,0.00152664
0.00066970,-0.00127123,0.00156890
0.00066980,-0.00145817,0.00155859
0.00066990,-0.00129048,0.00149390
0.00067000,-0.00121951,0.00137503
0.00067010,-0.00119753,0.00120432
0.00067020,-0.00113385,0.00098618
0.00067030,-0.00108006,0.00072697
0.00067040,-0.00096179,0.00043485
0.00067050,-0.00093708,0.00011949
0.00067060,-0.00053319,-0.00020829
0.00067070,-0.00047415,-0.00053688
0.00067080,-0.00035961,-0.00085439
0.00067090,-0.00011318,-0.00114914
0.00067100,0.00009304,-0.00141017
0.00067110,0.00036970,-0.00162771
0.00067120,0.00048568,-0.00179358
0.00067130,0.00052694,-0.00190151
0.00067140,0.00056240,-0.00194730
0.00067150,0.00048236,-0.00192895
0.00067160,0.00052890,-0.00184664
0.00067170,0.00048457,-0.00170272
0.00067180,0.00051309,-0.00150153
0.00067190,0.00053032,-0.00124935
0.00067200,0.00047057,-0.00095414
0.00067210,0.00022096,-0.00062535
0.00067220,-0.00013437,-0.00027358
0.00067230,-0.00015297,0.00008972
0.00067240,-0.00030392,0.00045268
0.00067250,-0.00038803,0.00080339
0.00067260,-0.00052019,0.00113030
0.00067270,-0.00071359,0.00142262
0.00067280,-0.00082214,0.00167072
0.00067290,-0.00090963,0.00186643
0.00067300,-0.00115699,0.00200336
0.00067310,-0.00124367,0.00207706
0.00067320,-0.00116729,0.00208519
0.00067330,-0.00136363,0.00202748
0.00067340,-0.00115395,0.00190578
0.00067350,-0.00111239,0.00172390
0.00067360,-0.00108773,0.00148752
0.00067370,-0.00092212,0.00120395
0.00067380,-0.00074293,0.00088192
0.00067390,-0.00060241,0.00053137
0.00067400,-0.00025661,0.00016312
0.00067410,-0.00017919,-0.00021143
0.00067420,-0.00014866,-0.00058065
0.00067430,-0.00012603,-0.00093302
0.00067440,0.00008034,-0.00125754
0.00067450,0.00036294,-0.00154400
0.00067460,0.00021648,-0.00178334
0.00067470,0.00033974,-0.00196793
0.00067480,0.00041757,-0.00209176
0.00067490,0.00037950,-0.00215070
0.00067500,0.00010246,-0.00214257
0.00067510,0.00018723,-0.00206726
0.00067520,0.00005884,-0.00192677
0.00067530,0.00007847,-0.00172515
0.00067540,0.00000726,-0.00146840
0.00067550,-0.00016286,-0.00116437
0.00067560,-0.00024771,-0.00082243
0.00067570,-0.00040513,-0.00045326
0.00067580,-0.00058011,-0.00006846
0.00067590,-0.00074813,0.00031974
0.00067600,-0.00071204,0.00069896
0.00067610,-0.00081708,0.00105699
0.00067620,-0.00087817,0.00138227
0.00067630,-0.00082395,0.00166425
0.00067640,-0.00073391,0.00189380
0.00067650,-0.00068186,0.00206344
0.00067660,-0.00066069,0.00216765
0.00067670,-0.00060714,0.00220295
0.00067680,-0.00047780,0.00216806
0.00067690,-0.00027802,0.00206392
0.00067700,-0.00019485,0.00189370
0.00067710,-0.00038073,0.00166274
0.00067720,-0.00032171,0.00137839
0.00067730,-0.00039066,0.00104983
0.00067740,-0.00020849,0.00068779
0.00067750,-0.00005944,0.00030414
0.00067760,-0.00007650,-0.00008845
0.00067770,-0.00001260,-0.00047702
0.00067780,-0.00017786,-0.00084872
0.00067790,0.00005700,-0.00119132
0.00067800,-0.00002168,-0.00149359
0.00067810,-0.00013675,-0.00174568
0.00067820,-0.00014894,-0.00193950
0.00067830,-0.00028302,-0.00206890
0.00067840,-0.00038932,-0.00212999
0.00067850,-0.00038454,-0.00212122
0.00067860,-0.00069517,-0.00204346
0.00067870,-0.00059380,-0.00190000
0.00067880,-0.00055578,-0.00169638
0.00067890,-0.00061796,-0.00144022
0.00067900,-0.00082700,-0.00114090
0.00067910,-0.00074014,-0.00080919
0.00067920,-0.00045505,-0.00045678
0.00067930,-0.00039708,-0.00009585
0.00067940,-0.00008928,0.00026143
0.00067950,-0.00022429,0.00060331
0.00067960,-0.00015949,0.00091888
0.00067970,-0.00016369,0.00119835
0.00067980,-0.00029493,0.00143337
0.00067990,-0.00017345,0.00161724
0.00068000,0.00000669,0.00174508
0.00068010,0.00017122,0.00181397
0.00068020,0.00013035,0.00182305
0.00068030,0.00011823,0.00177351
0.00068040,0.00010165,0.00166857
0.00068050,0.00009175,0.00151331
0.00068060,-0.00008154,0.00131449
0.00068070,-0.00014402,0.00108021
0.00068080,-0.00039259,0.00081957
0.00068090,-0.00035927,0.00054224
0.00068100,-0.00048943,0.00025802
0.00068110,-0.00054859,-0.00002355
0.00068120,-0.00053348,-0.00029352
0.00068130,-0.00057128,-0.00054381
0.00068140,-0.00043026,-0.00076746
0.00068150,-0.00069114,-0.00095871
0.00068160,-0.00065120,-0.00111314
0.00068170,-0.00067841,-0.00122771
0.00068180,-0.00072612,-0.00130069
0.00068190,-0.00057297,-0.00133171
0.00068200,-0.00046037,-0.00132170
0.00068210,-0.00055520,-0.00127280
0.00068220,-0.00035527,-0.00118832
0.00068230,-0.00024780,-0.00107262
0.00068240,-0.00028989,-0.00093091
0.00068250,-0.00011881,-0.00076908
0.00068260,-0.00011775,-0.00059336
0.00068270,0.00000926,-0.00041012
0.00068280,-0.00000608,-0.00022552
0.00068290,0.00005793,-0.00004528
0.00068300,-0.00012827,0.00012552
0.00068310,-0.00024123,0.00028259
0.00068320,-0.00018862,0.00042254
0.00068330,-0.00033985,0.00054289
0.00068340,-0.00024718,0.00064208
0.00068350,-0.00026503,0.00071937
0.00068360,-0.00028750,0.00077478
0.00068370,-0.00045671,0.00080895
0.00068380,-0.00049624,0.00082302
0.00068390,-0.00062815,0.00081845
0.00068400,-0.00067987,0.00079697
0.00068410,-0.00078400,0.00076041
0.00068420,-0.00082291,0.00071064
0.00068430,-0.00049065,0.00064951
0.00068440,-0.00055956,0.00057884
0.00068450,-0.00064955,0.00050030
0.00068460,-0.00046029,0.00041547
0.00068470,-0.00034135,0.00032575
0.00068480,-0.00020052,0.00023241
0.00068490,-0.00032013,0.00013659
0.00068500,-0.00038486,0.00003935
0.00068510,-0.00024369,-0.00005834
0.00068520,0.00002266,-0.00015555
0.00068530,0.00017662,-0.00025135
0.00068540,0.00021905,-0.00034471
0.00068550,0.00027851,-0.00043448
0.00068560,-0.00001657,-0.00051927
0.00068570,0.00004241,-0.00059738
0.00068580,0.00026332,-0.00066683
0.00068590,0.00028261,-0.00072537
0.00068600,-0.00010652,-0.00077058
0.00068610,-0.00040084,-0.00079995
0.00068620,-0.00047233,-0.00081112
0.00068630,-0.00079838,-0.00080198
0.00068640,-0.00067353,-0.00077091
0.00068650,-0.00099177,-0.00071691
0.00068660,-0.00113899,-0.00063978
0.00068670,-0.00117919,-0.00054016
0.00068680,-0.00135806,-0.00041963
0.00068690,-0.00120782,-0.00028061
0.00068700,-0.00106575,-0.00012632
0.00068710,-0.00111569,0.00003927
0.00068720,-0.00119522,0.00021154
0.00068730,-0.00092658,0.00038530
0.00068740,-0.00066564,0.00055490
0.00068750,-0.00055787,0.00071431
0.00068760,-0.00023120,0.00085736
0.00068770,0.00005121,0.00097793
0.00068780,0.00037609,0.00107030
0.00068790,0.00046397,0.00112939
0.00068800,0.00046842,0.00115115
0.00068810,0.00082245,0.00113273
0.00068820,0.00071401,0.00107279
0.00068830,0.00086924,0.00097163
0.00068840,0.00099038,0.00083125
0.00068850,0.00085063,0.00065542
0.00068860,0.00098225,0.00044956
0.00068870,0.00068788,0.00022061
0.00068880,0.00056972,-0.00002321
0.00068890,0.00048462,-0.00027274
0.00068900,0.00026249,-0.00051826
0.00068910,-0.00011305,-0.00074990
0.00068920,-0.00043142,-0.00095806
0.00068930,-0.00054629,-0.00113384
0.00068940,-0.00081345,-0.00126943
0.00068950,-0.00121130,-0.00135845
0.00068960,-0.00115223,-0.00139622
0.00068970,-0.00159879,-0.00138006
0.00068980,-0.00191320,-0.00130936
0.00068990,-0.00181376,-0.00118572
0.00069000,-0.00196302,-0.00101295
0.00069010,-0.00167520,-0.00079692
0.00069020,-0.00174186,-0.00054543
0.00069030,-0.00146720,-0.00026786
0.00069040,-0.00140946,0.00002515
0.00069050,-0.00113202,0.00032212
0.00069060,-0.00077817,0.00061121
0.00069070,-0.00053483,0.00088067
0.00069080,-0.00022589,0.00111930
0.00069090,-0.00014311,0.00131694
0.00069100,0.00013950,0.00146488
0.00069110,0.00043053,0.00155619
0.00069120,0.00060669,0.00158612
0.00069130,0.00067953,0.00155227
0.00069140,0.00086608,0.00145480
0.00069150,0.00089317,0.00129647
0.00069160,0.00091224,0.00108257
0.00069170,0.00096493,0.00082080
0.00069180,0.00094468,0.00052099
0.00069190,0.00084917,0.00019472
0.00069200,0.00066761,-0.00014517
0.00069210,0.00053214,-0.00048504
0.00069220,0.00028803,-0.00081109
0.00069230,-0.00023672,-0.00110988
0.00069240,-0.00042919,-0.00136887
0.00069250,-0.00067385,-0.00157693
0.00069260,-0.00104066,-0.00172477
0.00069270,-0.00120795,-0.00180540
0.00069280,-0.00152208,-0.00181442
0.00069290,-0.00140416,-0.00175029
0.00069300,-0.00139368,-0.00161446
0.00069310,-0.00154244,-0.00141140
0.00069320,-0.00158259,-0.00114844
0.00069330,-0.00147338,-0.00083549
0.00069340,-0.00121241,-0.00048464
0.00069350,-0.00110823,-0.00010958
0.00069360,-0.00083209,0.00027495
0.00069370,-0.00083668,0.00065389
0.00069380,-0.00049052,0.00101239
0.00069390,-0.00018355,0.00133649
0.00069400,0.00011616,0.00161356
0.00069410,0.00025289,0.00183276
0.00069420,0.00027694,0.00198538
0.00069430,0.00049631,0.00206511
0.00069440,0.00048511,0.00206827
0.00069450,0.00048458,0.00199399
0.00069460,0.00054278,0.00184426
0.00069470,0.00045090,0.00162395
0.00069480,0.00029261,0.00134064
0.00069490,0.00048845,0.00100441
0.00069500,0.00021748,0.00062743
0.00069510,-0.00020185,0.00022353
0.00069520,-0.00024241,-0.00019240
0.00069530,-0.00036741,-0.00060501
0.00069540,-0.00043894,-0.00099913
0.00069550,-0.00058844,-0.00136041
0.00069560,-0.00061270,-0.00167586
0.00069570,-0.00080126,-0.00193435
0.00069580,-0.00096630,-0.00212696
0.00069590,-0.00104036,-0.00224729
0.00069600,-0.00092838,-0.00229153
0.00069610,-0.00075922,-0.00225859
0.00069620,-0.00067012,-0.00215000
0.00069630,-0.00049351,-0.00196981
0.00069640,-0.00054647,-0.00172441
0.00069650,-0.00032373,-0.00142228
0.00069660,-0.00033022,-0.00107369
0.00069670,-0.00021694,-0.00069028
0.00069680,0.00008459,-0.00028467
0.00069690,0.00030670,0.00013003
0.00069700,0.00032748,0.00054067
0.00069710,0.00015625,0.00093455
0.00069720,0.00045627,0.00129978
0.00069730,0.00039786,0.00162568
0.00069740,0.00036816,0.00190304
0.00069750,0.00041440,0.00212432
0.00069760,0.00002888,0.00228378
0.00069770,-0.00014155,0.00237748
0.00069780,-0.00019445,0.00240333
0.00069790,-0.00038689,0.00236102
0.00069800,-0.00044529,0.00225195
0.00069810,-0.00067909,0.00207921
0.00069820,-0.00080341,0.00184743
0.00069830,-0.00087200,0.00156269
0.00069840,-0.00095750,0.00123235
0.00069850,-0.00091760,0.00086491
0.00069860,-0.00094428,0.00046977
0.00069870,-0.00111557,0.00005702
0.00069880,-0.00121707,-0.00036278
0.00069890,-0.00105219,-0.00077882
0.00069900,-0.00089416,-0.00118025
0.00069910,-0.00086896,-0.00155638
0.00069920,-0.00083706,-0.00189687
0.00069930,-0.00056824,-0.00219201
0.00069940,-0.00024989,-0.00243285
0.00069950,-0.00017616,-0.00261156
0.00069960,0.00018910,-0.00272159
0.00069970,0.00034411,-0.00275795
0.00069980,0.00058894,-0.00271740
0.00069990,0.00087611,-0.00259869
0.00070000,0.00065307,-0.00240270
0.00070010,0.00062456,-0.00213259
0.00070020,0.00060177,-0.00179382
0.00070030,0.00065057,-0.00139413
0.00070040,0.00072616,-0.00094344
0.00070050,0.00054917,-0.00045364
0.00070060,0.00042641,0.00006168
0.00070070,0.00002724,0.00058755
0.00070080,-0.00035898,0.00110803
0.00070090,-0.00036103,0.00160667
0.00070100,-0.00055773,0.00206710
0.00070110,-0.00065088,0.00247356
0.00070120,-0.00101946,0.00281156
0.00070130,-0.00145951,0.00306845
0.00070140,-0.00139679,0.00323402
0.00070150,-0.00145518,0.00330092
0.00070160,-0.00157311,0.00326501
0.00070170,-0.00140092,0.00312562
0.00070180,-0.00147405,0.00288565
0.00070190,-0.00135482,0.00255154
0.00070200,-0.00121036,0.00213313
0.00070210,-0.00107179,0.00164339
0.00070220,-0.00088661,0.00109800
0.00070230,-0.00067466,0.00051488
0.00070240,-0.00035699,-0.00008646
0.00070250,-0.00003791,-0.00068566
0.00070260,0.00019546,-0.00126224
0.00070270,0.00037366,-0.00179648
0.00070280,0.00056922,-0.00227018
0.00070290,0.00068763,-0.00266742
0.00070300,0.00070865,-0.00297520
0.00070310,0.00081385,-0.00318393
0.00070320,0.00078926,-0.00328779
0.00070330,0.00104080,-0.00328486
0.00070340,0.00080469,-0.00317712
0.00070350,0.00061131,-0.00297029
0.00070360,0.00047559,-0.00267345
0.00070370,0.00019028,-0.00229868
0.00070380,0.00015441,-0.00186044
0.00070390,-0.00018117,-0.00137502
0.00070400,-0.00030745,-0.00085985
0.00070410,-0.00031145,-0.00033287
0.00070420,-0.00060748,0.00018821
0.00070430,-0.00098389,0.00068649
0.00070440,-0.00111275,0.00114654
0.00070450,-0.00118436,0.00155484
0.00070460,-0.00118275,0.00190031
0.00070470,-0.00142326,0.00217457
0.00070480,-0.00130212,0.00237217
0.00070490,-0.00114316,0.00249065
0.00070500,-0.00130840,0.00253040
0.00070510,-0.00107781,0.00249452
0.00070520,-0.00104169,0.00238841
0.00070530,-0.00084386,0.00221947
0.00070540,-0.00071041,0.00199662
0.00070550,-0.00035800,0.00172986
0.00070560,-0.00019813,0.00142984
0.00070570,-0.00004424,0.00110745
0.00070580,0.00003371,0.00077339
0.00070590,0.00026366,0.00043791
0.00070600,0.00063189,0.00011042
0.00070610,0.00054343,-0.00020075
0.00070620,0.00072881,-0.00048854
0.00070630,0.00087107,-0.00074728
0.00070640,0.00073022,-0.00097274
0.00070650,0.00059305,-0.00116209
0.00070660,0.00060789,-0.00131379
0.00070670,0.00042124,-0.00142744
0.00070680,0.00032108,-0.00150359
0.00070690,0.00022227,-0.00154357
0.00070700,-0.00022172,-0.00154927
0.00070710,-0.00036278,-0.00152295
0.00070720,-0.00067865,-0.00146710
0.00070730,-0.00089040,-0.00138431
0.00070740,-0.00110047,-0.00127720
0.00070750,-0.00099952,-0.00114842
0.00070760,-0.00109310,-0.00100061
0.00070770,-0.00129376,-0.00083648
0.00070780,-0.00144243,-0.00065884
0.00070790,-0.00155656,-0.00047068
0.00070800,-0.00123793,-0.00027518
0.00070810,-0.00122193,-0.00007582
0.00070820,-0.00094014,0.00012363
0.00070830,-0.00074006,0.00031907
0.00070840,-0.00071446,0.00050617
0.00070850,-0.00042143,0.00068048
0.00070860,-0.00041407,0.00083760
0.00070870,-0.00011241,0.00097335
0.00070880,0.00002678,0.00108403
0.00070890,0.00019393,0.00116654
0.00070900,0.00027496,0.00121855
0.00070910,0.00039256,0.00123860
0.00070920,0.00039132,0.00122621
0.00070930,0.00042387,0.00118184
0.00070940,0.00061510,0.00110694
0.00070950,0.00057835,0.00100386
0.00070960,0.00053511,0.00087576
0.00070970,0.00016942,0.00072658
0.00070980,0.00001761,0.00056084
0.00070990,0.00000893,0.00038363
0.00071000,-0.00021204,0.00020040
0.00071010,-0.00022220,0.00001682
0.00071020,-0.00059550,-0.00016141
0.00071030,-0.00076791,-0.00032877
0.00071040,-0.00062482,-0.00048017
0.00071050,-0.00075070,-0.00061116
0.00071060,-0.00085067,-0.00071810
0.00071070,-0.00090880,-0.00079836
0.00071080,-0.00090091,-0.00085041
0.00071090,-0.00107554,-0.00087384
0.00071100,-0.00100492,-0.00086938
0.00071110,-0.00083104,-0.00083886
0.00071120,-0.00093701,-0.00078506
0.00071130,-0.00066105,-0.00071154
0.00071140,-0.00047594,-0.00062245
0.00071150,-0.00051739,-0.00052231
0.00071160,-0.00028648,-0.00041575
0.00071170,-0.00033464,-0.00030737
0.00071180,-0.00016578,-0.00020154
0.00071190,-0.00001111,-0.00010223
0.00071200,0.00006946,-0.00001290
0.00071210,0.00016492,0.00006368
0.00071220,0.00017540,0.00012549
0.00071230,0.00009091,0.00017136
0.00071240,0.00016181,0.00020109
0.00071250,0.00027586,0.00021543
0.00071260,0.00015788,0.00021616
0.00071270,-0.00008459,0.00020590
0.00071280,-0.00013767,0.00018801
0.00071290,-0.00009735,0.00016633
0.00071300,-0.00010412,0.00014485
0.00071310,-0.00017416,0.00012746
0.00071320,-0.00017921,0.00011766
0.00071330,-0.00051942,0.00011822
0.00071340,-0.00054393,0.00013103
0.00071350,-0.00069755,0.00015691
0.00071360,-0.00077761,0.00019550
0.00071370,-0.00064250,0.00024531
0.00071380,-0.00073446,0.00030373
0.00071390,-0.00068214,0.00036723
0.00071400,-0.00055580,0.00043154
0.00071410,-0.00044502,0.00049185
0.00071420,-0.00042277,0.00054315
0.00071430,-0.00033700,0.00058045
0.00071440,-0.00036346,0.00059911
0.00071450,-0.00014506,0.00059513
0.00071460,-0.00014623,0.00056544
0.00071470,-0.00027686,0.00050813
0.00071480,-0.00023685,0.00042266
0.00071490,-0.00013409,0.00030998
0.00071500,0.00001722,0.00017255
0.00071510,0.00012181,0.00001438
0.00071520,0.00001583,-0.00015915
0.00071530,-0.00004418,-0.00034141
0.00071540,-0.00017390,-0.00052482
0.00071550,-0.00008451,-0.00070117
0.00071560,-0.00013814,-0.00086203
0.00071570,-0.00023906,-0.00099913
0.00071580,-0.00027247,-0.00110490
0.00071590,-0.00057976,-0.00117285
0.00071600,-0.00049537,-0.00119803
0.00071610,-0.00046148,-0.00117728
0.00071620,-0.00038726,-0.00110942
0.00071630,-0.00051712,-0.00099536
0.00071640,-0.00046591,-0.00083809
0.00071650,-0.00042257,-0.00064253
0.00071660,-0.00038512,-0.00041544
0.00071670,-0.00019990,-0.00016512
0.00071680,-0.00024094,0.00009885
0.00071690,-0.00027321,0.00036600
0.00071700,-0.00027198,0.00062539
0.00071710,-0.00016686,0.00086605
0.00071720,-0.00008134,0.00107747
0.00071730,-0.00009715,0.00125009
0.00071740,-0.00015416,0.00137576
0.00071750,0.00008471,0.00144818
0.00071760,-0.00005378,0.00146325
0.00071770,0.00009607,0.00141931
0.00071780,0.00002114,0.00131729
0.00071790,-0.00011656,0.00116069
0.00071800,0.00011328,0.00095547
0.00071810,-0.00004278,0.00070976
0.00071820,-0.00007183,0.00043352
0.00071830,-0.00021068,0.00013808
0.00071840,-0.00040128,-0.00016440
0.00071850,-0.00037418,-0.00046146
0.00071860,-0.00062326,-0.00074089
0.00071870,-0.00069097,-0.00099119
0.00071880,-0.00089533,-0.00120202
0.00071890,-0.00091396,-0.00136460
0.00071900,-0.00097562,-0.00147201
0.00071910,-0.00087114,-0.00151951
0.00071920,-0.00087387,-0.00150468
0.00071930,-0.00088657,-0.00142767
0.00071940,-0.00058083,-0.00129121
0.00071950,-0.00064208,-0.00110058
0.00071960,-0.00033939,-0.00086340
0.00071970,-0.00008459,-0.00058940
0.00071980,0.00023862,-0.00028996
0.00071990,0.00043600,0.00002235
0.00072000,0.00031832,0.00033438
0.00072010,0.00045689,0.00063295
0.00072020,0.00066233,0.00090549
0.00072030,0.00062308,0.00114056
0.00072040,0.00039497,0.00132840
0.00072050,0.00068843,0.00146128
0.00072060,0.00054867,0.00153383
0.00072070,0.00053219,0.00154323
0.00072080,0.00047440,0.00148931
0.00072090,0.00027402,0.00137447
0.00072100,0.00016308,0.00120364
0.00072110,-0.00017359,0.00098393
0.00072120,-0.00033339,0.00072445
0.00072130,-0.00043293,0.00043585
0.00072140,-0.00089575,0.00012992
0.00072150,-0.00109569,-0.00018090
0.00072160,-0.00131153,-0.00048401
0.00072170,-0.00125351,-0.00076719
0.00072180,-0.00129488,-0.00101909
0.00072190,-0.00155638,-0.00122970
0.00072200,-0.00150517,-0.00139079
0.00072210,-0.00169519,-0.00149616
0.00072220,-0.00153047,-0.00154196
0.00072230,-0.00148103,-0.00152676
0.00072240,-0.00107067,-0.00145163
0.00072250,-0.00095633,-0.00132002
0.00072260,-0.00083168,-0.00113759
0.00072270,-0.00034811,-0.00091198
0.00072280,-0.00020253,-0.00065246
0.00072290,0.00007023,-0.00036954
0.00072300,0.00018768,-0.00007457
0.00072310,0.00052889,0.00022078
0.00072320,0.00067309,0.00050492
0.00072330,0.00099732,0.00076692
0.00072340,0.00098433,0.00099690
0.00072350,0.00095142,0.00118638
0.00072360,0.00100899,0.00132864
0.00072370,0.00095128,0.00141889
0.00072380,0.00080084,0.00145444
0.00072390,0.00080853,0.00143472
0.00072400,0.00075746,0.00136131
0.00072410,0.00043773,0.00123778
0.00072420,0.00011035,0.00106960
0.00072430,-0.00014760,0.00086386
0.00072440,-0.00018431,0.00062905
0.00072450,-0.00060640,0.00037468
0.00072460,-0.00081052,0.00011089
0.00072470,-0.00096026,-0.00015192
0.00072480,-0.00113430,-0.00040361
0.00072490,-0.00138413,-0.00063467
0.00072500,-0.00146986,-0.00083668
0.00072510,-0.00136318,-0.00100266
0.00072520,-0.00156640,-0.00112731
0.00072530,-0.00129455,-0.00120718
0.00072540,-0.00125131,-0.00124075
0.00072550,-0.00096552,-0.00122838
0.00072560,-0.00108475,-0.00117217
0.00072570,-0.00116012,-0.00107584
0.00072580,-0.00082253,-0.00094446
0.00072590,-0.00063408,-0.00078416
0.00072600,-0.00038649,-0.00060187
0.00072610,0.00016096,-0.00040501
0.00072620,0.00004433,-0.00020116
0.00072630,0.00029153,0.00000222
0.00072640,0.00036884,0.00019805
0.00072650,0.00053474,0.00037983
0.00072660,0.00070132,0.00054195
0.00072670,0.00058275,0.00067973
0.00072680,0.00069841,0.00078964
0.00072690,0.00047790,0.00086927
0.00072700,0.00049648,0.00091741
0.00072710,0.00021779,0.00093396
0.00072720,-0.00002770,0.00091992
0.00072730,-0.00001000,0.00087724
0.00072740,-0.00002998,0.00080869
0.00072750,-0.00006063,0.00071769
0.00072760,-0.00039464,0.00060815
0.00072770,-0.00055833,0.00048423
0.00072780,-0.00072683,0.00035020
0.00072790,-0.00088147,0.00021028
0.00072800,-0.00100069,0.00006857
0.00072810,-0.00093580,-0.00007110
0.00072820,-0.00109258,-0.00020514
0.00072830,-0.00112075,-0.00033028
0.00072840,-0.00120079,-0.00044353
0.00072850,-0.00095259,-0.00054223
0.00072860,-0.00073247,-0.00062405
0.00072870,-0.00055325,-0.00068702
0.00072880,-0.00041290,-0.00072958
0.00072890,-0.00022594,-0.00075057
0.00072900,-0.00000253,-0.00074928
0.00072910,-0.00015135,-0.00072547
0.00072920,0.00009214,-0.00067940
0.00072930,0.00019705,-0.00061186
0.00072940,0.00037724,-0.00052423
0.00072950,0.00036048,-0.00041848
0.00072960,0.00038513,-0.00029721
0.00072970,0.00041062,-0.00016357
0.00072980,0.00023130,-0.00002126
0.00072990,0.00032003,0.00012551
0.00073000,0.00005404,0.00027211
0.00073010,-0.00014739,0.00041357
0.00073020,-0.00037846,0.00054471
0.00073030,-0.00037320,0.00066033
0.00073040,-0.00063010,0.00075538
0.00073050,-0.00071956,0.00082523
0.00073060,-0.00101221,0.00086590
0.00073070,-0.00117548,0.00087433
0.00073080,-0.00123671,0.00084861
0.00073090,-0.00119501,0.00078816
0.00073100,-0.00094868,0.00069383
0.00073110,-0.00087907,0.00056795
0.00073120,-0.00068462,0.00041426
0.00073130,-0.00062341,0.00023778
0.00073140,-0.00061569,0.00004469
0.00073150,-0.00051326,-0.00015797
0.00073160,-0.00039214,-0.00036249
0.00073170,-0.00029000,-0.00056075
0.00073180,-0.00015578,-0.00074452
0.00073190,0.00004164,-0.00090576
0.00073200,0.00022060,-0.00103696
0.00073210,0.00050372,-0.00113142
0.00073220,0.00063361,-0.00118366
0.00073230,0.00053581,-0.00118970
0.00073240,0.00048318,-0.00114730
0.00073250,0.00068369,-0.00105620
0.00073260,0.00075321,-0.00091814
0.00073270,0.00055539,-0.00073698
0.00073280,0.00059286,-0.00051852
0.00073290,0.00043312,-0.00027036
0.00073300,0.00024227,-0.00000162
0.00073310,0.00018228,0.00027747
0.00073320,-0.00013576,0.00055602
0.00073330,-0.00049453,0.00082287
0.00073340,-0.00076073,0.00106712
0.00073350,-0.00083507,0.00127852
0.00073360,-0.00097689,0.00144789
0.00073370,-0.00123749,0.00156745
0.00073380,-0.00105990,0.00163117
0.00073390,-0.00131673,0.00163496
0.00073400,-0.00120979,0.00157691
0.00073410,-0.00121621,0.00145741
0.00073420,-0.00140457,0.00127917
0.00073430,-0.00110584,0.00104725
0.00073440,-0.00090774,0.00076892
0.00073450,-0.00080370,0.00045344
0.00073460,-0.00068672,0.00011173
0.00073470,-0.00040810,-0.00024399
0.00073480,-0.00025905,-0.00060067
0.00073490,-0.00015315,-0.00094494
0.00073500,0.00015045,-0.00126356
0.00073510,0.00037530,-0.00154397
0.00073520,0.00044253,-0.00177483
0.00073530,0.00070069,-0.00194648
0.00073540,0.00066921,-0.00205135
0.00073550,0.00072035,-0.00208431
0.00073560,0.00099930,-0.00204289
0.00073570,0.00070441,-0.00192733
0.00073580,0.00046686,-0.00174067
0.00073590,0.00052263,-0.00148854
0.00073600,0.00026550,-0.00117908
0.00073610,0.00020445,-0.00082259
0.00073620,0.00017851,-0.00043121
0.00073630,-0.00002896,-0.00001843
0.00073640,-0.00028892,0.00040136
0.00073650,-0.00066322,0.00081341
0.00073660,-0.00073024,0.00120316
0.00073670,-0.00084558,0.00155671
0.00073680,-0.00098457,0.00186133
0.00073690,-0.00107286,0.00210590
0.00073700,-0.00122662,0.00228121
0.00073710,-0.00124563,0.00238034
0.00073720,-0.00135698,0.00239883
0.00073730,-0.00126672,0.00233494
0.00073740,-0.00125058,0.00218970
0.00073750,-0.00107865,0.00196694
0.00073760,-0.00092057,0.00167321
0.00073770,-0.00074139,0.00131759
0.00073780,-0.00039798,0.00091139
0.00073790,-0.00040196,0.00046782
0.00073800,-0.00015019,0.00000161
0.00073810,0.00018058,-0.00047150
0.00073820,0.00021939,-0.00093518
0.00073830,0.00047380,-0.00137308
0.00073840,0.00062716,-0.00176936
0.00073850,0.00065415,-0.00210923
0.00073860,0.00082455,-0.00237948
0.00073870,0.00087382,-0.00256905
0.00073880,0.00085166,-0.00266947
0.00073890,0.00072684,-0.00267538
0.00073900,0.00067761,-0.00258478
0.00073910,0.00059819,-0.00239931
0.00073920,0.00036514,-0.00212418
0.00073930,0.00008204,-0.00176813
0.00073940,-0.00002367,-0.00134312
0.00073950,-0.00004984,-0.00086392
0.00073960,-0.00024741,-0.00034761
0.00073970,-0.00053686,0.00018706
0.00073980,-0.00067364,0.00072033
0.00073990,-0.00093210,0.00123219
0.00074000,-0.00123870,0.00170310
0.00074010,-0.00128435,0.00211473
0.00074020,-0.00102900,0.00245067
0.00074030,-0.00110030,0.00269712
0.00074040,-0.00127654,0.00284345
0.00074050,-0.00122291,0.00288271
0.00074060,-0.00114962,0.00281197
0.00074070,-0.00099851,0.00263248
0.00074080,-0.00095718,0.00234976
0.00074090,-0.00069503,0.00197344
0.00074100,-0.00052984,0.00151701
0.00074110,-0.00048437,0.00099739
0.00074120,-0.00024962,0.00043430
0.00074130,-0.00015480,-0.00015042
0.00074140,0.00010277,-0.00073373
0.00074150,0.00044131,-0.00129223
0.00074160,0.00063292,-0.00180317
0.00074170,0.00080525,-0.00224538
0.00074180,0.00098042,-0.00260019
0.00074190,0.00073916,-0.00285224
0.00074200,0.00083649,-0.00299014
0.00074210,0.00078655,-0.00300705
0.00074220,0.00062018,-0.00290101
0.00074230,0.00069543,-0.00267510
0.00074240,0.00042256,-0.00233739
0.00074250,0.00029979,-0.00190071
0.00074260,0.00007905,-0.00138214
0.00074270,-0.00008025,-0.00080238
0.00074280,-0.00045906,-0.00018492
0.00074290,-0.00053667,0.00044492
0.00074300,-0.00046583,0.00106105
0.00074310,-0.00042786,0.00163769
0.00074320,-0.00073910,0.00215055
0.00074330,-0.00101953,0.00257781
0.00074340,-0.00098201,0.00290108
0.00074350,-0.00115262,0.00310620
0.00074360,-0.00105907,0.00318377
0.00074370,-0.00102204,0.00312964
0.00074380,-0.00109274,0.00294499
0.00074390,-0.00110678,0.00263641
0.00074400,-0.00104651,0.00221558
0.00074410,-0.00077523,0.00169890
0.00074420,-0.00051833,0.00110687
0.00074430,-0.00033304,0.00046329
0.00074440,-0.00022671,-0.00020564
0.00074450,-0.00020057,-0.00087245
0.00074460,-0.00009743,-0.00150952
0.00074470,-0.00010534,-0.00209028
0.00074480,0.00008007,-0.00259037
0.00074490,0.00023890,-0.00298864
0.00074500,0.00033974,-0.00326807
0.00074510,0.00049678,-0.00341650
0.00074520,0.00036118,-0.00342706
0.00074530,0.00039218,-0.00329854
0.00074540,0.00043434,-0.00303541
0.00074550,0.00051034,-0.00264771
0.00074560,0.00059415,-0.00215063
0.00074570,0.00052575,-0.00156396
0.00074580,0.00027435,-0.00091123
0.00074590,0.00023421,-0.00021877
0.00074600,0.00016718,0.00048548
0.00074610,-0.00002751,0.00117309
0.00074620,-0.00011065,0.00181641
0.00074630,-0.00036109,0.00238960
0.00074640,-0.00039953,0.00286975
0.00074650,-0.00065916,0.00323770
0.00074660,-0.00069967,0.00347882
0.00074670,-0.00069421,0.00358355
0.00074680,-0.00093918,0.00354777
0.00074690,-0.00105722,0.00337298
0.00074700,-0.00094755,0.00306631
0.00074710,-0.00080039,0.00264019
0.00074720,-0.00100408,0.00211190
0.00074730,-0.00081539,0.00150284
0.00074740,-0.00069701,0.00083761
0.00074750,-0.00082753,0.00014296
0.00074760,-0.00059235,-0.00055335
0.00074770,-0.00056383,-0.00122371
0.00074780,-0.00043298,-0.00184180
0.00074790,-0.00023478,-0.00238367
0.00074800,-0.00043582,-0.00282871
0.00074810,-0.00030247,-0.00316042
0.00074820,-0.00030824,-0.00336704
0.00074830,0.00015435,-0.00344196
0.00074840,0.00032065,-0.00338385
0.00074850,0.00017189,-0.00319664
0.00074860,0.00047376,-0.00288927
0.00074870,0.00035259,-0.00247523
0.00074880,0.00055171,-0.00197195
0.00074890,0.00039236,-0.00140013
0.00074900,0.00035322,-0.00078285
0.00074910,0.00042724,-0.00014472
0.00074920,0.00039099,0.00048913
0.00074930,0.00028292,0.00109402
0.00074940,0.00001298,0.00164668
0.00074950,0.00012898,0.00212622
0.00074960,-0.00004644,0.00251492
0.00074970,-0.00017505,0.00279899
0.00074980,-0.00029892,0.00296908
0.00074990,-0.00041835,0.00302060
0.00075000,-0.00051854,0.00295383
0.00075010,-0.00069303,0.00277378
0.00075020,-0.00076071,0.00248993
0.00075030,-0.00085606,0.00211572
0.00075040,-0.00087435,0.00166791
0.00075050,-0.00104664,0.00116586
0.00075060,-0.00103731,0.00063064
0.00075070,-0.00089480,0.00008416
0.00075080,-0.00083919,-0.00045175
0.00075090,-0.00098350,-0.00095621
0.00075100,-0.00089614,-0.00141009
0.00075110,-0.00092525,-0.00179671
0.00075120,-0.00081877,-0.00210249
0.00075130,-0.00054802,-0.00231735
0.00075140,-0.00058475,-0.00243507
0.00075150,-0.00027977,-0.00245346
0.00075160,-0.00015838,-0.00237433
0.00075170,0.00009406,-0.00220333
0.00075180,0.00013359,-0.00194957
0.00075190,0.00030131,-0.00162520
0.00075200,0.00027967,-0.00124483
0.00075210,0.00016215,-0.00082490
0.00075220,0.00028751,-0.00038306
0.00075230,0.00041785,0.00006257
0.00075240,0.00045243,0.00049404
0.00075250,0.00036122,0.00089431
0.00075260,0.00030858,0.00124789
0.00075270,0.00026335,0.00154150
0.00075280,0.00018864,0.00176456
0.00075290,0.00014532,0.00190961
0.00075300,0.00003996,0.00197258
0.00075310,-0.00014018,0.00195290
0.00075320,-0.00014055,0.00185333
0.00075330,-0.00018294,0.00167982
0.00075340,-0.00033614,0.00144113
0.00075350,-0.00047589,0.00114842
0.00075360,-0.00064476,0.00081475
0.00075370,-0.00080581,0.00045458
0.00075380,-0.00071671,0.00008314
0.00075390,-0.00072665,-0.00028409
0.00075400,-0.00088443,-0.00063206
0.00075410,-0.00084007,-0.00094668
0.00075420,-0.00092243,-0.00121544
0.00075430,-0.00104055,-0.00142790
0.00075440,-0.00090011,-0.00157616
0.00075450,-0.00093632,-0.00165516
0.00075460,-0.00072065,-0.00166287
0.00075470,-0.00047377,-0.00160035
0.00075480,-0.00057436,-0.00147161
0.00075490,-0.00044469,-0.00128345
0.00075500,-0.00021508,-0.00104506
0.00075510,-0.00010659,-0.00076761
0.00075520,-0.00010052,-0.00046372
0.00075530,0.00003420,-0.00014682
0.00075540,0.00012853,0.00016944
0.00075550,0.00026353,0.00047184
0.00075560,0.00032491,0.00074811
0.00075570,0.00054442,0.00098752
0.00075580,0.00072399,0.00118119
0.00075590,0.00074191,0.00132242
0.00075600,0.00060453,0.00140691
0.00075610,0.00045852,0.00143280
0.00075620,0.00043620,0.00140070
0.00075630,0.00027147,0.00131359
0.00075640,0.00010923,0.00117660
0.00075650,-0.00007248,0.00099676
0.00075660,-0.00014166,0.00078261
0.00075670,-0.00026233,0.00054382
0.00075680,-0.00052059,0.00029074
0.00075690,-0.00064097,0.00003391
0.00075700,-0.00089432,-0.00021638
0.00075710,-0.00108290,-0.00045051
0.00075720,-0.00118741,-0.00065996
0.00075730,-0.00109087,-0.00083756
0.00075740,-0.00118386,-0.00097774
0.00075750,-0.00124968,-0.00107669
0.00075760,-0.00126684,-0.00113242
0.00075770,-0.00136733,-0.00114478
0.00075780,-0.00101428,-0.00111529
0.00075790,-0.00093914,-0.00104705
0.00075800,-0.00071008,-0.00094449
0.00075810,-0.00059281,-0.00081310
0.00075820,-0.00025468,-0.00065915
0.00075830,0.00015344,-0.00048935
0.00075840,0.00022614,-0.00031056
0.00075850,0.00030774,-0.00012945
0.00075860,0.00041842,0.00004777
0.00075870,0.00066494,0.00021548
0.00075880,0.00060772,0.00036892
0.00075890,0.00058768,0.00050416
0.00075900,0.00066308,0.00061826
0.00075910,0.00056854,0.00070919
0.00075920,0.00054932,0.00077580
0.00075930,0.00060148,0.00081773
0.00075940,0.00046070,0.00083528
0.00075950,0.00033723,0.00082935
0.00075960,-0.00002878,0.00080127
0.00075970,-0.00027160,0.00075273
0.00075980,-0.00051206,0.00068566
0.00075990,-0.00084608,0.00060216
0.00076000,-0.00085560,0.00050441
0.00076010,-0.00093917,0.00039467
0.00076020,-0.00098487,0.00027523
0.00076030,-0.00106828,0.00014844
0.00076040,-0.00118679,0.00001680
0.00076050,-0.00125787,-0.00011701
0.00076060,-0.00129966,-0.00025008
0.00076070,-0.00121880,-0.00037928
0.00076080,-0.00107539,-0.00050126
0.00076090,-0.00096189,-0.00061255
0.00076100,-0.00077437,-0.00070963
0.00076110,-0.00050630,-0.00078907
0.00076120,-0.00028573,-0.00084766
0.00076130,0.00001948,-0.00088259
0.00076140,-0.00006060,-0.00089153
0.00076150,0.00003865,-0.00087286
0.00076160,0.00021194,-0.00082568
0.00076170,0.00028094,-0.00075000
0.00076180,0.00068141,-0.00064675
0.00076190,0.00086062,-0.00051785
0.00076200,0.00085445,-0.00036625
0.00076210,0.00072355,-0.00019593
0.00076220,0.00062234,-0.00001187
0.00076230,0.00048523,0.00018010
0.00076240,0.00023408,0.00037346
0.00076250,0.00017530,0.00056124
0.00076260,0.00003722,0.00073631
0.00076270,-0.00021001,0.00089171
0.00076280,-0.00035764,0.00102087
0.00076290,-0.00051879,0.00111801
0.00076300,-0.00076035,0.00117831
0.00076310,-0.00126201,0.00119826
0.00076320,-0.00139520,0.00117579
0.00076330,-0.00141427,0.00111042
0.00076340,-0.00153741,0.00100336
0.00076350,-0.00146170,0.00085749
0.00076360,-0.00156346,0.00067726
0.00076370,-0.00147057,0.00046857
0.00076380,-0.00138500,0.00023858
0.00076390,-0.00098874,-0.00000454
0.00076400,-0.00072049,-0.00025194
0.00076410,-0.00049804,-0.00049441
0.00076420,-0.00027514,-0.00072278
0.00076430,0.00008035,-0.00092837
0.00076440,0.00042785,-0.00110333
0.00076450,0.00046681,-0.00124106
0.00076460,0.00082043,-0.00133642
0.00076470,0.00083004,-0.00138599
0.00076480,0.00091339,-0.00138813
0.00076490,0.00107193,-0.00134302
0.00076500,0.00125176,-0.00125260
0.00076510,0.00121905,-0.00112042
0.00076520,0.00090791,-0.00095154
0.00076530,0.00080486,-0.00075226
0.00076540,0.00057326,-0.00052987
0.00076550,0.00034063,-0.00029241
0.00076560,-0.00010722,-0.00004829
0.00076570,-0.00017516,0.00019406
0.00076580,-0.00032438,0.00042652
0.00076590,-0.00052732,0.00064161
0.00076600,-0.00070687,0.00083275
0.00076610,-0.00121044,0.00099453
0.00076620,-0.00128561,0.00112284
0.00076630,-0.00152361,0.00121495
0.00076640,-0.00149076,0.00126961
0.00076650,-0.00146797,0.00128692
0.00076660,-0.00138984,0.00126823
0.00076670,-0.00126662,0.00121597
0.00076680,-0.00125582,0.00113342
0.00076690,-0.00093494,0.00102445
0.00076700,-0.00093291,0.00089330
0.00076710,-0.00081157,0.00074437
0.00076720,-0.00040893,0.00058205
0.00076730,-0.00028404,0.00041059
0.00076740,-0.00005881,0.00023396
0.00076750,0.00011169,0.00005586
0.00076760,0.00008236,-0.00012038
0.00076770,0.00029139,-0.00029177
0.00076780,0.00034640,-0.00045565
0.00076790,0.00031780,-0.00060960
0.00076800,0.00043611,-0.00075138
0.00076810,0.00062089,-0.00087887
0.00076820,0.00062360,-0.00099000
0.00076830,0.00047626,-0.00108270
0.00076840,0.00023213,-0.00115493
0.00076850,0.00017507,-0.00120467
0.00076860,0.00002005,-0.00123007
0.00076870,-0.00001686,-0.00122944
0.00076880,-0.00035822,-0.00120146
0.00076890,-0.00046262,-0.00114517
0.00076900,-0.00053421,-0.00106017
0.00076910,-0.00065358,-0.00094663
0.00076920,-0.00061421,-0.00080540
0.00076930,-0.00083672,-0.00063813
0.00076940,-0.00095976,-0.00044733
0.00076950,-0.00083729,-0.00023642
0.00076960,-0.00072810,-0.00000976
0.00076970,-0.00066503,0.00022740
0.00076980,-0.00056117,0.00046899
0.00076990,-0.00057164,0.00070822
0.00077000,-0.00057897,0.00093776
0.00077010,-0.00036954,0.00114998
0.00077020,-0.00018075,0.00133720
0.00077030,-0.00015371,0.00149200
0.00077040,-0.00037191,0.00160754
0.00077050,-0.00010467,0.00167799
0.00077060,-0.00008657,0.00169878
0.00077070,-0.00000455,0.00166701
0.00077080,0.00009106,0.00158167
0.00077090,-0.00016639,0.00144374
0.00077100,-0.00021928,0.00125630
0.00077110,-0.00029726,0.00102436
0.00077120,-0.00039674,0.00075472
0.00077130,-0.00036550,0.00045571
0.00077140,-0.00035373,0.00013689
0.00077150,-0.00043357,-0.00019128
0.00077160,-0.00041489,-0.00051782
0.00077170,-0.00058123,-0.00083157
0.00077180,-0.00053704,-0.00112158
0.00077190,-0.00079458,-0.00137756
0.00077200,-0.00073870,-0.00159020
0.00077210,-0.00089255,-0.00175168
0.00077220,-0.00085123,-0.00185595
0.00077230,-0.00071715,-0.00189910
0.00077240,-0.00062210,-0.00187952
0.00077250,-0.00032592,-0.00179800
0.00077260,-0.00046567,-0.00165772
0.00077270,-0.00038251,-0.00146410
0.00077280,-0.00018156,-0.00122448
0.00077290,-0.00007818,-0.00094782
0.00077300,0.00006022,-0.00064425
0.00077310,0.00010412,-0.00032465
0.00077320,0.00021578,-0.00000018
0.00077330,0.00023326,0.00031811
0.00077340,0.00028340,0.00061969
0.00077350,0.00054674,0.00089493
0.00077360,0.00031204,0.00113542
0.00077370,0.00029040,0.00133420
0.00077380,0.00017900,0.00148598
0.00077390,-0.00000744,0.00158723
0.00077400,-0.00009542,0.00163622
0.00077410,-0.00026928,0.00163303
0.00077420,-0.00020181,0.00157946
0.00077430,-0.00036880,0.00147888
0.00077440,-0.00038107,0.00133609
0.00077450,-0.00054594,0.00115707
0.00077460,-0.00061217,0.00094878
0.00077470,-0.00086591,0.00071887
0.00077480,-0.00087150,0.00047541
0.00077490,-0.00075672,0.00022656
0.00077500,-0.00094745,-0.00001969
0.00077510,-0.00073284,-0.00025587
0.00077520,-0.00090698,-0.00047525
0.00077530,-0.00087204,-0.00067205
0.00077540,-0.00077706,-0.00084164
0.00077550,-0.00078596,-0.00098054
0.00077560,-0.00066111,-0.00108645
0.00077570,-0.00049998,-0.00115819
0.00077580,-0.00037155,-0.00119559
0.00077590,-0.00023783,-0.00119936
0.00077600,-0.00024841,-0.00117098
0.00077610,-0.00008256,-0.00111262
0.00077620,0.00012476,-0.00102697
0.00077630,0.00023691,-0.00091723
0.00077640,0.00033528,-0.00078699
0.00077650,0.00025499,-0.00064012
0.00077660,0.00027819,-0.00048074
0.00077670,0.00024222,-0.00031308
0.00077680,0.00005236,-0.00014141
0.00077690,0.00011355,0.00003004
0.00077700,0.00042233,0.00019720
0.00077710,0.00009145,0.00035626
0.00077720,0.00004094,0.00050372
0.00077730,-0.00013700,0.00063645
0.00077740,0.00000675,0.00075177
0.00077750,-0.00002704,0.00084741
0.00077760,-0.00026905,0.00092152
0.00077770,-0.00010543,0.00097263
0.00077780,-0.00030770,0.00099958
0.00077790,-0.00037719,0.00100154
0.00077800,-0.00061418,0.00097803
0.00077810,-0.00057268,0.00092895
0.00077820,-0.00068290,0.00085470
0.00077830,-0.00054643,0.00075621
0.00077840,-0.00071058,0.00063504
0.00077850,-0.00069299,0.00049341
0.00077860,-0.00075411,0.00033423
0.00077870,-0.00084287,0.00016105
0.00077880,-0.00074283,-0.00002190
0.00077890,-0.00060034,-0.00020978
0.00077900,-0.00056152,-0.00039729
0.00077910,-0.00055728,-0.00057869
0.00077920,-0.00045553,-0.00074801
0.00077930,-0.00039126,-0.00089920
0.00077940,-0.00027311,-0.00102638
0.00077950,-0.00025571,-0.00112409
0.00077960,-0.00013348,-0.00118756
0.00077970,-0.00021007,-0.00121301
0.00077980,-0.00011286,-0.00119785
0.00077990,0.00000743,-0.00114093
0.00078000,0.00015433,-0.00104263
0.00078010,0.00018182,-0.00090500
0.00078020,0.00011068,-0.00073170
0.00078030,0.00024564,-0.00052798
0.00078040,0.00022229,-0.00030047
0.00078050,0.00023863,-0.00005696
0.00078060,0.00005916,0.00019392
0.00078070,0.00031472,0.00044303
0.00078080,0.00055591,0.00068107
0.00078090,0.00046061,0.00089898
0.00078100,0.00029130,0.00108828
0.00078110,-0.00012246,0.00124141
0.00078120,-0.00014799,0.00135202
0.00078130,-0.00018967,0.00141530
0.00078140,-0.00028205,0.00142818
0.00078150,-0.00035555,0.00138951
0.00078160,-0.00035421,0.00130017
0.00078170,-0.00056736,0.00116300
0.00078180,-0.00071925,0.00098275
0.00078190,-0.00076126,0.00076590
0.00078200,-0.00083609,0.00052036
0.00078210,-0.00095342,0.00025523
0.00078220,-0.00120842,-0.00001960
0.00078230,-0.00116499,-0.00029388
0.00078240,-0.00114882,-0.00055738
0.00078250,-0.00102347,-0.00080035
0.00078260,-0.00080897,-0.00101390
0.00078270,-0.00080621,-0.00119032
0.00078280,-0.00065258,-0.00132340
0.00078290,-0.00059922,-0.00140866
0.00078300,-0.00065191,-0.00144353
0.00078310,-0.00049981,-0.00142739
0.00078320,-0.00024753,-0.00136163
0.00078330,0.00024748,-0.00124946
0.00078340,0.00029233,-0.00109583
0.00078350,0.00010074,-0.00090711
0.00078360,0.00038264,-0.00069083
0.00078370,0.00043527,-0.00045534
0.00078380,0.00057442,-0.00020944
0.00078390,0.00073421,0.00003798
0.00078400,0.00073117,0.00027831
0.00078410,0.00069803,0.00050351
0.00078420,0.00063333,0.00070633
0.00078430,0.00044948,0.00088059
0.00078440,0.00024537,0.00102124
0.00078450,0.00019941,0.00112455
0.00078460,-0.00000232,0.00118818
0.00078470,-0.00008954,0.00121125
0.00078480,-0.00030395,0.00119435
0.00078490,-0.00042941,0.00113953
0.00078500,-0.00049825,0.00105021
0.00078510,-0.00070863,0.00093097
0.00078520,-0.00069284,0.00078734
0.00078530,-0.00079904,0.00062544
0.00078540,-0.00085186,0.00045172
0.00078550,-0.00112520,0.00027261
0.00078560,-0.00100171,0.00009426
0.00078570,-0.00106885,-0.00007764
0.00078580,-0.00133051,-0.00023804
0.00078590,-0.00120566,-0.00038259
0.00078600,-0.00111398,-0.00050780
0.00078610,-0.00092597,-0.00061102
0.00078620,-0.00090400,-0.00069048
0.00078630,-0.00073714,-0.00074535
0.00078640,-0.00062996,-0.00077569
0.00078650,-0.00038143,-0.00078244
0.00078660,-0.00032566,-0.00076733
0.00078670,-0.00032183,-0.00073277
0.00078680,-0.00019756,-0.00068173
0.00078690,0.00005163,-0.00061759
0.00078700,0.00043054,-0.00054391
0.00078710,0.00042177,-0.00046432
0.00078720,0.00055246,-0.00038227
0.00078730,0.00064263,-0.00030082
0.00078740,0.00066104,-0.00022251
0.00078750,0.00072473,-0.00014917
0.00078760,0.00076017,-0.00008189
0.00078770,0.00071549,-0.00002099
0.00078780,0.00049795,0.00003385
0.00078790,0.00053308,0.00008349
0.00078800,0.00042261,0.00012916
0.00078810,0.00024623,0.00017227
0.00078820,0.00000342,0.00021423
0.00078830,-0.00018630,0.00025632
0.00078840,-0.00030499,0.00029951
0.00078850,-0.00012516,0.00034437
0.00078860,-0.00040236,0.00039097
0.00078870,-0.00044311,0.00043880
0.00078880,-0.00081489,0.00048677
0.00078890,-0.00103877,0.00053317
0.00078900,-0.00104034,0.00057577
0.00078910,-0.00114566,0.00061189
0.00078920,-0.00118720,0.00063856
0.00078930,-0.00131662,0.00065267
0.00078940,-0.00125938,0.00065121
0.00078950,-0.00125883,0.00063143
0.00078960,-0.00120539,0.00059111
0.00078970,-0.00098751,0.00052866
0.00078980,-0.00090998,0.00044339
0.00078990,-0.00081574,0.00033556
0.00079000,-0.00059098,0.00020657
0.00079010,-0.00042172,0.00005901
0.00079020,-0.00033189,-0.00010329
0.00079030,-0.00023623,-0.00027533
0.00079040,-0.00004817,-0.00045113
0.00079050,0.00018675,-0.00062393
0.00079060,0.00027112,-0.00078656
0.00079070,0.00041156,-0.00093180
0.00079080,0.00054766,-0.00105269
0.00079090,0.00079371,-0.00114293
0.00079100,0.00070695,-0.00119713
0.00079110,0.00091593,-0.00121106
0.00079120,0.00094079,-0.00118189
0.00079130,0.00076998,-0.00110835
0.00079140,0.00074112,-0.00099088
0.00079150,0.00074968,-0.00083172
0.00079160,0.00063845,-0.00063498
0.00079170,0.00042851,-0.00040653
0.00079180,0.00023592,-0.00015393
0.00079190,0.00008434,0.00011384
0.00079200,-0.00012088,0.00038665
0.00079210,-0.00036236,0.00065367
0.00079220,-0.00043150,0.00090376
0.00079230,-0.00067312,0.00112608
0.00079240,-0.00113011,0.00131057
0.00079250,-0.00141859,0.00144850
0.00079260,-0.00151454,0.00153297
0.00079270,-0.00147523,0.00155924
0.00079280,-0.00164852,0.00152506
0.00079290,-0.00170783,0.00143076
0.00079300,-0.00140690,0.00127926
0.00079310,-0.00141393,0.00107594
0.00079320,-0.00112072,0.00082840
0.00079330,-0.00094568,0.00054616
0.00079340,-0.00071833,0.00024021
0.00079350,-0.00020231,-0.00007741
0.00079360,-0.00013315,-0.00039412
0.00079370,-0.00004745,-0.00069730
0.00079380,0.00013861,-0.00097476
0.00079390,0.00041592,-0.00121526
0.00079400,0.00055637,-0.00140901
0.00079410,0.00055273,-0.00154803
0.00079420,0.00098428,-0.00162659
0.00079430,0.00094665,-0.00164143
0.00079440,0.00095532,-0.00159192
0.00079450,0.00083975,-0.00148008
0.00079460,0.00073375,-0.00131049
0.00079470,0.00090270,-0.00109006
0.00079480,0.00057111,-0.00082770
0.00079490,0.00042546,-0.00053400
0.00079500,0.00032544,-0.00022068
0.00079510,-0.00012907,0.00009983
0.00079520,-0.00031343,0.00041490
0.00079530,-0.00062303,0.00071221
0.00079540,-0.00090713,0.00098025
0.00079550,-0.00084553,0.00120874
0.00079560,-0.00102727,0.00138905
0.00079570,-0.00109138,0.00151457
0.00079580,-0.00128657,0.00158097
0.00079590,-0.00123410,0.00158630
0.00079600,-0.00112377,0.00153109
0.00079610,-0.00106203,0.00141822
0.00079620,-0.00105054,0.00125277
0.00079630,-0.00080761,0.00104170
0.00079640,-0.00057260,0.00079351
0.00079650,-0.00044843,0.00051791
0.00079660,-0.00012166,0.00022541
0.00079670,-0.00011601,-0.00007306
0.00079680,0.00001506,-0.00036650
0.00079690,0.00005886,-0.00064424
0.00079700,0.00043455,-0.00089631
0.00079710,0.00050480,-0.00111385
0.00079720,0.00052000,-0.00128937
0.00079730,0.00076459,-0.00141712
0.00079740,0.00063116,-0.00149319
0.00079750,0.00062136,-0.00151564
0.00079760,0.00046893,-0.00148443
0.00079770,0.00042778,-0.00140141
0.00079780,0.00019727,-0.00127005
0.00079790,0.00010145,-0.00109533
0.00079800,-0.00012739,-0.00088349
0.00079810,-0.00034923,-0.00064183
0.00079820,-0.00055639,-0.00037846
0.00079830,-0.00066003,-0.00010213
0.00079840,-0.00066439,0.00017808
0.00079850,-0.00096302,0.00045288
0.00079860,-0.00103470,0.00071309
0.00079870,-0.00108259,0.00094988
0.00079880,-0.00111907,0.00115506
0.00079890,-0.00111490,0.00132143
0.00079900,-0.00093153,0.00144305
0.00079910,-0.00099631,0.00151549
0.00079920,-0.00087663,0.00153603
0.00079930,-0.00058884,0.00150375
0.00079940,-0.00040476,0.00141953
0.00079950,-0.00031496,0.00128600
0.00079960,-0.00019750,0.00110744
0.00079970,-0.00007945,0.00088960
0.00079980,0.00006294,0.00063952
0.00079990,0.00028033,0.00036534
0.00080000,0.00041300,0.00007606
0.00080010,0.00044972,-0.00021870
0.00080020,0.00052984,-0.00050897
0.00080030,0.00050455,-0.00078471
0.00080040,0.00055545,-0.00103610
0.00080050,0.00058629,-0.00125387
0.00080060,0.00029225,-0.00142963
0.00080070,0.00024129,-0.00155626
0.00080080,0.00011495,-0.00162827
0.00080090,-0.00005820,-0.00164206
0.00080100,-0.00001932,-0.00159620
0.00080110,-0.00033135,-0.00149155
0.00080120,-0.00036170,-0.00133132
0.00080130,-0.00055881,-0.00112092
0.00080140,-0.00068860,-0.00086779
0.00080150,-0.00089624,-0.00058111
0.00080160,-0.00113192,-0.00027136
0.00080170,-0.00096242,0.00005003
0.00080180,-0.00120788,0.00037112
0.00080190,-0.00108766,0.00067992
0.00080200,-0.00104269,0.00096473
0.00080210,-0.00103457,0.00121466
0.00080220,-0.00072315,0.00141992
0.00080230,-0.00080542,0.00157232
0.00080240,-0.00073364,0.00166557
0.00080250,-0.00060566,0.00169564
0.00080260,-0.00046935,0.00166100
0.00080270,-0.00022749,0.00156274
0.00080280,-0.00000036,0.00140458
0.00080290,0.00007922,0.00119277
0.00080300,0.00025163,0.00093585
0.00080310,0.00035865,0.00064427
0.00080320,0.00043858,0.00032991
0.00080330,0.00050416,0.00000555
0.00080340,0.00060869,-0.00031570
0.00080350,0.00052320,-0.00062098
0.00080360,0.00047124,-0.00089822
0.00080370,0.00041624,-0.00113662
0.00080380,0.00027693,-0.00132712
0.00080390,0.00039167,-0.00146276
0.00080400,0.00048769,-0.00153897
0.00080410,0.00030859,-0.00155377
0.00080420,0.00016947,-0.00150779
0.00080430,-0.00021469,-0.00140429
0.00080440,-0.00028298,-0.00124887
0.00080450,-0.00023113,-0.00104924
0.00080460,-0.00065793,-0.00081483
0.00080470,-0.00098837,-0.00055626
0.00080480,-0.00092219,-0.00028490
0.00080490,-0.00084316,-0.00001230
0.00080500,-0.00096175,0.00025032
0.00080510,-0.00102905,0.00049262
0.00080520,-0.00087292,0.00070559
0.00080530,-0.00073299,0.00088193
0.00080540,-0.00063156,0.00101634
0.00080550,-0.00057644,0.00110565
0.00080560,-0.00055976,0.00114882
0.00080570,-0.00044436,0.00114687
0.00080580,-0.00050657,0.00110269
0.00080590,-0.00032500,0.00102077
0.00080600,-0.00014035,0.00090689
0.00080610,-0.00024245,0.00076771
0.00080620,0.00005619,0.00061043
0.00080630,0.00000971,0.00044243
0.00080640,0.00026055,0.00027093
0.00080650,0.00024949,0.00010276
0.00080660,0.00026810,-0.00005589
0.00080670,0.00026675,-0.00019964
0.00080680,0.00006146,-0.00032415
0.00080690,0.00020175,-0.00042618
0.00080700,0.00015498,-0.00050378
0.00080710,0.00013572,-0.00055626
0.00080720,-0.00016887,-0.00058424
0.00080730,-0.00029190,-0.00058952
0.00080740,-0.00043889,-0.00057492
0.00080750,-0.00055534,-0.00054408
0.00080760,-0.00048598,-0.00050112
0.00080770,-0.00074977,-0.00045036
0.00080780,-0.00070721,-0.00039601
0.00080790,-0.00065760,-0.00034183
0.00080800,-0.00067193,-0.00029091
0.00080810,-0.00069492,-0.00024549
0.00080820,-0.00072188,-0.00020682
0.00080830,-0.00078013,-0.00017520
0.00080840,-0.00071521,-0.00015000
0.00080850,-0.00060281,-0.00012986
0.00080860,-0.00055004,-0.00011282
0.00080870,-0.00038325,-0.00009654
0.00080880,-0.00020030,-0.00007852
0.00080890,-0.00013783,-0.00005627
0.00080900,-0.00005572,-0.00002752
0.00080910,0.00012346,0.00000961
0.00080920,0.00007604,0.00005649
0.00080930,0.00002243,0.00011374
0.00080940,-0.00014096,0.00018122
0.00080950,-0.00001975,0.00025782
0.00080960,0.00008888,0.00034154
0.00080970,0.00004441,0.00042942
0.00080980,0.00002605,0.00051770
0.00080990,-0.00014657,0.00060192
0.00081000,-0.00021428,0.00067716
0.00081010,-0.00029102,0.00073829
0.00081020,-0.00022087,0.00078024
0.00081030,-0.00044365,0.00079834
0.00081040,-0.00045320,0.00078853
0.00081050,-0.00049110,0.00074773
0.00081060,-0.00062389,0.00067406
0.00081070,-0.00033942,0.00056707
0.00081080,-0.00056021,0.00042787
0.00081090,-0.00075046,0.00025924
0.00081100,-0.00066389,0.00006562
0.00081110,-0.00064653,-0.00014700
0.00081120,-0.00053826,-0.00037121
0.00081130,-0.00060788,-0.00059848
0.00081140,-0.00051074,-0.00081953
0.00081150,-0.00036722,-0.00102473
0.00081160,-0.00032956,-0.00120458
0.00081170,-0.00016093,-0.00135011
0.00081180,-0.00022823,-0.00145335
0.00081190,-0.00045310,-0.00150774
0.00081200,-0.00031953,-0.00150840
0.00081210,-0.00025841,-0.00145245
0.00081220,-0.00018202,-0.00133918
0.00081230,-0.00028989,-0.00117020
0.00081240,-0.00019997,-0.00094943
0.00081250,-0.00017750,-0.00068311
0.00081260,-0.00020402,-0.00037963
0.00081270,-0.00012871,-0.00004928
0.00081280,0.00017912,0.00029611
0.00081290,0.00032165,0.00064361
0.00081300,0.00022467,0.00097979
0.00081310,0.00025140,0.00129122
0.00081320,-0.00000187,0.00156514
0.00081330,-0.00002022,0.00178998
0.00081340,-0.00019331,0.00195591
0.00081350,-0.00016001,0.00205525
0.00081360,-0.00008762,0.00208284
0.00081370,-0.00007490,0.00203625
0.00081380,-0.00005978,0.00191587
0.00081390,-0.00012600,0.00172489
0.00081400,-0.00013464,0.00146918
0.00081410,-0.00045282,0.00115706
0.00081420,-0.00041578,0.00079896
0.00081430,-0.00034084,0.00040710
0.00081440,-0.00028091,-0.00000496
0.00081450,-0.00025973,-0.00042276
0.00081460,-0.00023914,-0.00083142
0.00081470,-0.00022753,-0.00121618
0.00081480,-0.00037482,-0.00156297
0.00081490,-0.00045441,-0.00185894
0.00081500,-0.00053843,-0.00209304
0.00081510,-0.00050473,-0.00225653
0.00081520,-0.00074183,-0.00234328
0.00081530,-0.00070111,-0.00235013
0.00081540,-0.00070064,-0.00227690
0.00081550,-0.00074494,-0.00212640
0.00081560,-0.00054090,-0.00190421
0.00081570,-0.00067957,-0.00161839
0.00081580,-0.00065075,-0.00127916
0.00081590,-0.00064410,-0.00089844
0.00081600,-0.00053747,-0.00048937
0.00081610,-0.00028755,-0.00006589
0.00081620,-0.00039324,0.00035775
0.00081630,-0.00026110,0.00076743
0.00081640,-0.00008937,0.00114961
0.00081650,0.00004496,0.00149178
0.00081660,0.00020587,0.00178295
0.00081670,0.00051702,0.00201395
0.00081680,0.00056854,0.00217785
0.00081690,0.00061237,0.00227012
0.00081700,0.00066504,0.00228879
0.00081710,0.00055579,0.00223447
0.00081720,0.00059657,0.00211026
0.00081730,0.00051268,0.00192156
0.00081740,0.00038323,0.00167587
0.00081750,0.00033291,0.00138239
0.00081760,0.00035807,0.00105170
0.00081770,0.00009739,0.00069533
0.00081780,0.00015197,0.00032528
0.00081790,-0.00016918,-0.00004633
0.00081800,-0.00037128,-0.00040777
0.00081810,-0.00044135,-0.00074809
0.00081820,-0.00083082,-0.00105746
0.00081830,-0.00071453,-0.00132751
0.00081840,-0.00097251,-0.00155154
0.00081850,-0.00104032,-0.00172464
0.00081860,-0.00133276,-0.00184375
0.00081870,-0.00147750,-0.00190768
0.00081880,-0.00145194,-0.00191696
0.00081890,-0.00148699,-0.00187373
0.00081900,-0.00130724,-0.00178152
0.00081910,-0.00125462,-0.00164504
0.00081920,-0.00111427,-0.00146995
0.00081930,-0.00079500,-0.00126261
0.00081940,-0.00072849,-0.00102985
0.00081950,-0.00060156,-0.00077871
0.00081960,-0.00029863,-0.00051623
0.00081970,-0.00001745,-0.00024925
0.00081980,0.00035216,0.00001577
0.00081990,0.00030203,0.00027293
0.00082000,0.00061709,0.00051696
0.00082010,0.00062425,0.00074329
0.00082020,0.00074682,0.00094808
0.00082030,0.00078965,0.00112813
0.00082040,0.00084686,0.00128087
0.00082050,0.00103431,0.00140424
0.00082060,0.00095813,0.00149665
0.00082070,0.00085810,0.00155695
0.00082080,0.00060887,0.00158438
0.00082090,0.00051063,0.00157859
0.00082100,0.00036250,0.00153966
0.00082110,-0.00001789,0.00146806
0.00082120,-0.00042289,0.00136470
0.00082130,-0.00049239,0.00123085
0.00082140,-0.00082865,0.00106827
0.00082150,-0.00095529,0.00087915
0.00082160,-0.00105773,0.00066624
0.00082170,-0.00125869,0.00043284
0.00082180,-0.00137164,0.00018293
0.00082190,-0.00144685,-0.00007888
0.00082200,-0.00148637,-0.00034726
0.00082210,-0.00133831,-0.00061625
0.00082220,-0.00142831,-0.00087929
0.00082230,-0.00134733,-0.00112931
0.00082240,-0.00095730,-0.00135893
0.00082250,-0.00069510,-0.00156066
0.00082260,-0.00053529,-0.00172720
0.00082270,-0.00039913,-0.00185170
0.00082280,-0.00016549,-0.00192818
0.00082290,0.00016645,-0.00195184
0.00082300,0.00049326,-0.00191935
0.00082310,0.00067824,-0.00182910
0.00082320,0.00078427,-0.00168132
0.00082330,0.00072112,-0.00147817
0.00082340,0.00067170,-0.00122371
0.00082350,0.00073699,-0.00092387
0.00082360,0.00089468,-0.00058636
0.00082370,0.00085345,-0.00022049
0.00082380,0.00052678,0.00016300
0.00082390,0.00033918,0.00055221
0.00082400,0.00018337,0.00093443
0.00082410,0.00013061,0.00129654
0.00082420,-0.00017994,0.00162552
0.00082430,-0.00036365,0.00190900
0.00082440,-0.00058219,0.00213576
0.00082450,-0.00086782,0.00229631
0.00082460,-0.00078039,0.00238333
0.00082470,-0.00110352,0.00239201
0.00082480,-0.00116847,0.00232032
0.00082490,-0.00138696,0.00216917
0.00082500,-0.00146623,0.00194241
0.00082510,-0.00140535,0.00164675
0.00082520,-0.00127430,0.00129153
0.00082530,-0.00104764,0.00088841
0.00082540,-0.00105024,0.00045098
0.00082550,-0.00079159,-0.00000576
0.00082560,-0.00060598,-0.00046586
0.00082570,-0.00031767,-0.00091309
0.00082580,-0.00010294,-0.00133150
0.00082590,0.00028254,-0.00170607
0.00082600,0.00031402,-0.00202335
0.00082610,0.00045852,-0.00227195
0.00082620,0.00079677,-0.00244299
0.00082630,0.00090501,-0.00253041
0.00082640,0.00116692,-0.00253117
0.00082650,0.00109119,-0.00244532
0.00082660,0.00136520,-0.00227596
0.00082670,0.00147347,-0.00202914
0.00082680,0.00112688,-0.00171364
0.00082690,0.00104979,-0.00134063
0.00082700,0.00064738,-0.00092334
0.00082710,0.00051720,-0.00047651
0.00082720,0.00028188,-0.00001585
0.00082730,-0.00001904,0.00044257
0.00082740,0.00000829,0.00088293
0.00082750,-0.00044064,0.00129026
0.00082760,-0.00052575,0.00165097
0.00082770,-0.00089441,0.00195332
0.00082780,-0.00100315,0.00218775
0.00082790,-0.00121283,0.00234718
0.00082800,-0.00142885,0.00242714
0.00082810,-0.00143667,0.00242587
0.00082820,-0.00149497,0.00234433
0.00082830,-0.00153254,0.00218609
0.00082840,-0.00146256,0.00195719
0.00082850,-0.00128478,0.00166587
0.00082860,-0.00099275,0.00132228
0.00082870,-0.00088651,0.00093811
0.00082880,-0.00076241,0.00052623
0.00082890,-0.00056673,0.00010028
0.00082900,-0.00025117,-0.00032574
0.00082910,0.00014427,-0.00073798
0.00082920,0.00027303,-0.00112315
0.00082930,0.00050544,-0.00146903
0.00082940,0.00082171,-0.00176486
0.00082950,0.00096942,-0.00200165
0.00082960,0.00086814,-0.00217244
0.00082970,0.00098055,-0.00227241
0.00082980,0.00112626,-0.00229894
0.00082990,0.00075775,-0.00225165
0.00083000,0.00081603,-0.00213236
0.00083010,0.00071531,-0.00194507
0.00083020,0.00066617,-0.00169581
0.00083030,0.00052954,-0.00139254
0.00083040,0.00020518,-0.00104496
0.00083050,0.00024660,-0.00066421
0.00083060,-0.00001128,-0.00026258
0.00083070,-0.00027311,0.00014696
0.00083080,-0.00038421,0.00055116
0.00083090,-0.00047957,0.00093696
0.00083100,-0.00060666,0.00129191
0.00083110,-0.00073068,0.00160458
0.00083120,-0.00084262,0.00186489
0.00083130,-0.00094575,0.00206441
0.00083140,-0.00099861,0.00219661
0.00083150,-0.00107551,0.00225702
0.00083160,-0.00106147,0.00224337
0.00083170,-0.00095589,0.00215570
0.00083180,-0.00090353,0.00199643
0.00083190,-0.00097941,0.00177031
0.00083200,-0.00094856,0.00148438
0.00083210,-0.00077471,0.00114780
0.00083220,-0.00040569,0.00077163
0.00083230,-0.00043351,0.00036848
0.00083240,-0.00021859,-0.00004785
0.00083250,-0.00005677,-0.00046289
0.00083260,-0.00007864,-0.00086202
0.00083270,0.00003759,-0.00123104
0.00083280,0.00013194,-0.00155668
0.00083290,0.00028639,-0.00182719
0.00083300,0.00047097,-0.00203272
0.00083310,0.00041263,-0.00216576
0.00083320,0.00057800,-0.00222144
0.00083330,0.00066650,-0.00219773
0.00083340,0.00055057,-0.00209551
0.00083350,0.00042302,-0.00191864
0.00083360,0.00030620,-0.00167380
0.00083370,0.00021428,-0.00137033
0.00083380,0.00002705,-0.00101984
0.00083390,0.00003888,-0.00063579
0.00083400,-0.00039582,-0.00023290
0.00083410,-0.00049751,0.00017340
0.00083420,-0.00047723,0.00056764
0.00083430,-0.00051729,0.00093490
0.00083440,-0.00031655,0.00126138
0.00083450,-0.00048568,0.00153500
0.00083460,-0.00068463,0.00174586
0.00083470,-0.00059667,0.00188665
0.00083480,-0.00067592,0.00195299
0.00083490,-0.00076501,0.00194357
0.00083500,-0.00069493,0.00186024
0.00083510,-0.00071201,0.00170791
0.00083520,-0.00068644,0.00149433
0.00083530,-0.00056068,0.00122969
0.00083540,-0.00028893,0.00092611
0.00083550,-0.00038044,0.00059710
0.00083560,-0.00030034,0.00025685
0.00083570,-0.00014104,-0.00008044
0.00083580,0.00004107,-0.00040110
0.00083590,-0.00008399,-0.00069267
0.00083600,-0.00017823,-0.00094432
0.00083610,0.00007466,-0.00114734
0.00083620,-0.00004008,-0.00129544
0.00083630,0.00026806,-0.00138491
0.00083640,0.00029840,-0.00141478
0.00083650,0.00047432,-0.00138670
0.00083660,0.00029122,-0.00130482
0.00083670,0.00003867,-0.00117550
0.00083680,-0.00000388,-0.00100694
0.00083690,-0.00003107,-0.00080876
0.00083700,-0.00004965,-0.00059143
0.00083710,-0.00020530,-0.00036575
0.00083720,-0.00008000,-0.00014227
0.00083730,-0.00010919,0.00006921
0.00083740,-0.00018536,0.00026009
0.00083750,-0.00019484,0.00042339
0.00083760,-0.00052953,0.00055399
0.00083770,-0.00064733,0.00064875
0.00083780,-0.00067474,0.00070661
0.00083790,-0.00068429,0.00072843
0.00083800,-0.00071813,0.00071684
0.00083810,-0.00071061,0.00067594
0.00083820,-0.00063025,0.00061095
0.00083830,-0.00046279,0.00052788
0.00083840,-0.00039426,0.00043309
0.00083850,-0.00022567,0.00033298
0.00083860,-0.00023430,0.00023365
0.00083870,-0.00016219,0.00014062
0.00083880,-0.00012586,0.00005853
0.00083890,-0.00013713,-0.00000905
0.00083900,0.00013274,-0.00005978
0.00083910,0.00024290,-0.00009265
0.00083920,0.00045898,-0.00010797
0.00083930,0.00054408,-0.00010734
0.00083940,0.00045847,-0.00009346
0.00083950,0.00042511,-0.00006993
0.00083960,0.00015354,-0.00004095
0.00083970,0.00040980,-0.00001099
0.00083980,0.00027850,0.00001549
0.00083990,0.00017474,0.00003444
0.00084000,0.00011179,0.00004244
0.00084010,0.00003658,0.00003694
0.00084020,0.00007286,0.00001647
0.00084030,-0.00007320,-0.00001930
0.00084040,-0.00017724,-0.00006947
0.00084050,-0.00031099,-0.00013199
0.00084060,-0.00057149,-0.00020364
0.00084070,-0.00049316,-0.00028023
0.00084080,-0.00064222,-0.00035678
0.00084090,-0.00050066,-0.00042780
0.00084100,-0.00065769,-0.00048757
0.00084110,-0.00075431,-0.00053059
0.00084120,-0.00069344,-0.00055194
0.00084130,-0.00079012,-0.00054770
0.00084140,-0.00079927,-0.00051522
0.00084150,-0.00089404,-0.00045345
0.00084160,-0.00049451,-0.00036301
0.00084170,-0.00050162,-0.00024623
0.00084180,-0.00059448,-0.00010704
0.00084190,-0.00036906,0.00004919
0.00084200,-0.00025966,0.00021590
0.00084210,-0.00009499,0.00038562
0.00084220,0.00007024,0.00055030
0.00084230,0.00014965,0.00070166
0.00084240,0.00023992,0.00083157
0.00084250,0.00034320,0.00093247
0.00084260,0.00030547,0.00099781
0.00084270,0.00055811,0.00102242
0.00084280,0.00051889,0.00100289
0.00084290,0.00059070,0.00093783
0.00084300,0.00042110,0.00082803
0.00084310,0.00048078,0.00067657
0.00084320,0.00017541,0.00048871
0.00084330,0.00024578,0.00027171
0.00084340,0.00041898,0.00003454
0.00084350,0.00016402,-0.00021257
0.00084360,0.00017762,-0.00045858
0.00084370,-0.00004103,-0.00069225
0.00084380,-0.00025976,-0.00090265
0.00084390,-0.00047585,-0.00107975
0.00084400,-0.00052724,-0.00121489
0.00084410,-0.00059111,-0.00130123
0.00084420,-0.00063551,-0.00133409
0.00084430,-0.00081979,-0.00131112
0.00084440,-0.00082437,-0.00123246
0.00084450,-0.00083926,-0.00110067
0.00084460,-0.00083262,-0.00092072
0.00084470,-0.00073947,-0.00069972
0.00084480,-0.00086712,-0.00044669
0.00084490,-0.00066754,-0.00017212
0.00084500,-0.00054208,0.00011242
0.00084510,-0.00055770,0.00039486
0.00084520,-0.00022799,0.00066314
0.00084530,-0.00006433,0.00090578
0.00084540,0.00013076,0.00111239
0.00084550,0.00030583,0.00127407
0.00084560,0.00027639,0.00138384
0.00084570,0.00021535,0.00143688
0.00084580,0.00030458,0.00143080
0.00084590,0.00058898,0.00136577
0.00084600,0.00039689,0.00124456
0.00084610,0.00038903,0.00107246
0.00084620,0.00035373,0.00085706
0.00084630,0.00033520,0.00060787
0.00084640,0.00040733,0.00033593
0.00084650,0.00028945,0.00005317
0.00084660,0.00009210,-0.00022815
0.00084670,-0.00020356,-0.00049602
0.00084680,-0.00030089,-0.00073928
0.00084690,-0.00047138,-0.00094808
0.00084700,-0.00078829,-0.00111427
0.00084710,-0.00085296,-0.00123175
0.00084720,-0.00104324,-0.00129664
0.00084730,-0.00095580,-0.00130741
0.00084740,-0.00107031,-0.00126491
0.00084750,-0.00102608,-0.00117224
0.00084760,-0.00115060,-0.00103457
0.00084770,-0.00105998,-0.00085885
0.00084780,-0.00103784,-0.00065353
0.00084790,-0.00074114,-0.00042813
0.00084800,-0.00052304,-0.00019285
0.00084810,-0.00043823,0.00004189
0.00084820,-0.00037551,0.00026595
0.00084830,-0.00031020,0.00046987
0.00084840,-0.00002400,0.00064537
0.00084850,-0.00006719,0.00078572
0.00084860,0.00055140,0.00088609
0.00084870,0.00058287,0.00094369
0.00084880,0.00074750,0.00095790
0.00084890,0.00065507,0.00093017
0.00084900,0.00056555,0.00086386
0.00084910,0.00080111,0.00076401
0.00084920,0.00080915,0.00063696
0.00084930,0.00087260,0.00049004
0.00084940,0.00067836,0.00033118
0.00084950,0.00072932,0.00016857
0.00084960,0.00053860,0.00001025
0.00084970,0.00030006,-0.00013625
0.00084980,0.00009184,-0.00026435
0.00084990,-0.00012766,-0.00036866
0.00085000,-0.00033267,-0.00044532
0.00085010,-0.00062429,-0.00049211
0.00085020,-0.00080772,-0.00050852
0.00085030,-0.00094742,-0.00049572
0.00085040,-0.00135003,-0.00045644
0.00085050,-0.00126420,-0.00039472
0.00085060,-0.00137703,-0.00031569
0.00085070,-0.00147163,-0.00022523
0.00085080,-0.00150843,-0.00012957
0.00085090,-0.00167947,-0.00003501
0.00085100,-0.00154737,0.00005250
0.00085110,-0.00154802,0.00012768
0.00085120,-0.00122428,0.00018621
0.00085130,-0.00093148,0.00022494
0.00085140,-0.00071196,0.00024205
0.00085150,-0.00054362,0.00023711
0.00085160,-0.00045140,0.00021103
0.00085170,-0.00020564,0.00016601
0.00085180,-0.00010473,0.00010536
0.00085190,0.00031117,0.00003329
0.00085200,0.00043959,-0.00004538
0.00085210,0.00066057,-0.00012550
0.00085220,0.00090259,-0.00020189
0.00085230,0.00090324,-0.00026967
0.00085240,0.00117072,-0.00032445
0.00085250,0.00107409,-0.00036259
0.00085260,0.00114474,-0.00038131
0.00085270,0.00099712,-0.00037884
0.00085280,0.00097735,-0.00035443
0.00085290,0.00091665,-0.00030846
0.00085300,0.00052360,-0.00024234
0.00085310,0.00048233,-0.00015855
0.00085320,0.00035234,-0.00006051
0.00085330,0.00008000,0.00004756
0.00085340,-0.00022621,0.00016078
0.00085350,-0.00026786,0.00027387
0.00085360,-0.00060840,0.00038135
0.00085370,-0.00097436,0.00047783
0.00085380,-0.00081631,0.00055830
0.00085390,-0.00106619,0.00061837
0.00085400,-0.00124275,0.00065452
0.00085410,-0.00121240,0.00066430
0.00085420,-0.00154757,0.00064647
0.00085430,-0.00139740,0.00060103
0.00085440,-0.00141727,0.00052927
0.00085450,-0.00136470,0.00043362
0.00085460,-0.00124058,0.00031758
0.00085470,-0.00108883,0.00018550
0.00085480,-0.00081292,0.00004240
0.00085490,-0.00097029,-0.00010621
0.00085500,-0.00067387,-0.00025456
0.00085510,-0.00039971,-0.00039680
0.00085520,-0.00005624,-0.00052726
0.00085530,0.00028640,-0.00064061
0.00085540,0.00048518,-0.00073218
0.00085550,0.00067578,-0.00079809
0.00085560,0.00091491,-0.00083553
0.00085570,0.00095003,-0.00084283
0.00085580,0.00109095,-0.00081951
0.00085590,0.00102742,-0.00076630
0.00085600,0.00113996,-0.00068505
0.00085610,0.00115825,-0.00057860
0.00085620,0.00098867,-0.00045066
0.00085630,0.00089506,-0.00030570
0.00085640,0.00058998,-0.00014879
0.00085650,0.00059726,0.00001456
0.00085660,0.00014554,0.00017857
0.00085670,0.00001414,0.00033738
0.00085680,-0.00025333,0.00048531
0.00085690,-0.00043856,0.00061709
0.00085700,-0.00074556,0.00072807
0.00085710,-0.00106072,0.00081443
0.00085720,-0.00084896,0.00087331
0.00085730,-0.00129422,0.00090284
0.00085740,-0.00136904,0.00090218
0.00085750,-0.00151678,0.00087142
0.00085760,-0.00158580,0.00081161
0.00085770,-0.00149289,0.00072460
0.00085780,-0.00124054,0.00061305
0.00085790,-0.00124043,0.00048031
0.00085800,-0.00124178,0.00033041
0.00085810,-0.00088725,0.00016800
0.00085820,-0.00074844,-0.00000176
0.00085830,-0.00028697,-0.00017331
0.00085840,-0.00018991,-0.00034083
0.00085850,0.00015817,-0.00049846
0.00085860,0.00027769,-0.00064051
0.00085870,0.00042642,-0.00076165
0.00085880,0.00055846,-0.00085721
0.00085890,0.00081259,-0.00092340
0.00085900,0.00103064,-0.00095749
0.00085910,0.00113134,-0.00095795
0.00085920,0.00103566,-0.00092453
0.00085930,0.00127175,-0.00085821
0.00085940,0.00131951,-0.00076112
0.00085950,0.00083069,-0.00063645
0.00085960,0.00069699,-0.00048825
0.00085970,0.00018171,-0.00032136
0.00085980,0.00022037,-0.00014120
0.00085990,-0.00001039,0.00004633
0.00086000,-0.00022388,0.00023503
0.00086010,-0.00032310,0.00041850
0.00086020,-0.00073783,0.00059030
0.00086030,-0.00099671,0.00074415
0.00086040,-0.00148754,0.00087410
0.00086050,-0.00141643,0.00097479
0.00086060,-0.00134770,0.00104168
0.00086070,-0.00137999,0.00107132
0.00086080,-0.00143255,0.00106151
0.00086090,-0.00147735,0.00101148
0.00086100,-0.00146862,0.00092198
0.00086110,-0.00134686,0.00079528
0.00086120,-0.00123946,0.00063514
0.00086130,-0.00069441,0.00044669
0.00086140,-0.00048626,0.00023623
0.00086150,-0.00011103,0.00001114
0.00086160,0.00006421,-0.00022043
0.00086170,0.00010151,-0.00044980
0.00086180,0.00047621,-0.00066804
0.00086190,0.00057998,-0.00086633
0.00086200,0.00077179,-0.00103629
0.00086210,0.00092065,-0.00117032
0.00086220,0.00112148,-0.00126196
0.00086230,0.00114664,-0.00130615
0.00086240,0.00102308,-0.00129956
0.00086250,0.00105088,-0.00124077
0.00086260,0.00085052,-0.00113044
0.00086270,0.00068381,-0.00097138
0.00086280,0.00041513,-0.00076850
0.00086290,0.00033676,-0.00052874
0.00086300,0.00013589,-0.00026083
0.00086310,-0.00032133,0.00002500
0.00086320,-0.00058449,0.00031741
0.00086330,-0.00059004,0.00060439
0.00086340,-0.00088511,0.00087382
0.00086350,-0.00119909,0.00111399
0.00086360,-0.00120550,0.00131417
0.00086370,-0.00121163,0.00146516
0.00086380,-0.00135369,0.00155973
0.00086390,-0.00133311,0.00159294
0.00086400,-0.00129514,0.00156238
0.00086410,-0.00143066,0.00146823
0.00086420,-0.00135743,0.00131326
0.00086430,-0.00110933,0.00110274
0.00086440,-0.00082576,0.00084425
0.00086450,-0.00069661,0.00054743
0.00086460,-0.00066712,0.00022366
0.00086470,-0.00024904,-0.00011431
0.00086480,-0.00002554,-0.00045285
0.00086490,0.00002331,-0.00077791
0.00086500,0.00004696,-0.00107569
0.00086510,0.00032957,-0.00133322
0.00086520,0.00032529,-0.00153906
0.00086530,0.00051590,-0.00168382
0.00086540,0.00068498,-0.00176072
0.00086550,0.00070952,-0.00176590
0.00086560,0.00081662,-0.00169866
0.00086570,0.00059783,-0.00156152
0.00086580,0.00058324,-0.00136013
0.00086590,0.00054845,-0.00110303
0.00086600,0.00045680,-0.00080126
0.00086610,0.00021232,-0.00046781
0.00086620,-0.00015782,-0.00011704
0.00086630,-0.00004763,0.00023604
0.00086640,-0.00032529,0.00057649
0.00086650,-0.00047600,0.00089008
0.00086660,-0.00049942,0.00116394
0.00086670,-0.00069214,0.00138709
0.00086680,-0.00071099,0.00155083
0.00086690,-0.00082873,0.00164906
0.00086700,-0.00075266,0.00167852
0.00086710,-0.00077926,0.00163888
0.00086720,-0.00093634,0.00153275
0.00086730,-0.00082631,0.00136556
0.00086740,-0.00062534,0.00114531
0.00086750,-0.00055644,0.00088219
0.00086760,-0.00047832,0.00058814
0.00086770,-0.00036569,0.00027630
0.00086780,-0.00027900,-0.00003963
0.00086790,-0.00019165,-0.00034595
0.00086800,-0.00003983,-0.00062963
0.00086810,0.00008523,-0.00087885
0.00086820,-0.00002364,-0.00108349
0.00086830,0.00005097,-0.00123564
0.00086840,0.00017968,-0.00132984
0.00086850,0.00022246,-0.00136340
0.00086860,0.00021479,-0.00133645
0.00086870,0.00033322,-0.00125185
0.00086880,0.00029626,-0.00111508
0.00086890,0.00025668,-0.00093385
0.00086900,0.00020115,-0.00071770
0.00086910,0.00005610,-0.00047750
0.00086920,-0.00014624,-0.00022491
0.00086930,-0.00013153,0.00002821
0.00086940,-0.00007308,0.00027028
0.00086950,-0.00022797,0.00049060
0.00086960,-0.00013347,0.00067976
0.00086970,-0.00032979,0.00083003
0.00086980,-0.00024903,0.00093568
0.00086990,-0.00030875,0.00099315
0.00087000,-0.00020023,0.00100119
0.00087010,-0.00022560,0.00096084
0.00087020,-0.00028411,0.00087539
0.00087030,-0.00042199,0.00075020
0.00087040,-0.00053756,0.00059239
0.00087050,-0.00033580,0.00041047
0.00087060,-0.00047411,0.00021392
0.00087070,-0.00042373,0.00001265
0.00087080,-0.00042547,-0.00018344
0.00087090,-0.00048852,-0.00036497
0.00087100,-0.00039032,-0.00052353
0.00087110,-0.00048800,-0.00065201
0.00087120,-0.00042578,-0.00074495
0.00087130,-0.00027416,-0.00079872
0.00087140,-0.00027291,-0.00081158
0.00087150,-0.00030167,-0.00078379
0.00087160,-0.00023312,-0.00071743
0.00087170,-0.00028142,-0.00061638
0.00087180,-0.00036085,-0.00048603
0.00087190,-0.00011876,-0.00033308
0.00087200,0.00007227,-0.00016520
0.00087210,0.00010016,0.00000938
0.00087220,0.00017086,0.00018225
0.00087230,0.00004591,0.00034532
0.00087240,0.00010112,0.00049112
0.00087250,0.00017901,0.00061323
0.00087260,-0.00008294,0.00070648
0.00087270,0.00022598,0.00076720
0.00087280,-0.00016109,0.00079330
0.00087290,-0.00024392,0.00078426
0.00087300,-0.00019184,0.00074115
0.00087310,-0.00036871,0.00066644
0.00087320,-0.00042920,0.00056386
0.00087330,-0.00051716,0.00043818
0.00087340,-0.00059514,0.00029502
0.00087350,-0.00058293,0.00014053
0.00087360,-0.00052040,-0.00001878
0.00087370,-0.00073139,-0.00017634
0.00087380,-0.00068488,-0.00032578
0.00087390,-0.00076847,-0.00046114
0.00087400,-0.00071951,-0.00057713
0.00087410,-0.00057771,-0.00066933
0.00087420,-0.00057328,-0.00073438
0.00087430,-0.00043812,-0.00077012
0.00087440,-0.00025369,-0.00077573
0.00087450,-0.00013955,-0.00075169
0.00087460,-0.00005384,-0.00069979
0.00087470,0.00009334,-0.00062294
0.00087480,-0.00007728,-0.00052496
0.00087490,0.00007519,-0.00041035
0.00087500,0.00026724,-0.00028405
0.00087510,0.00020522,-0.00015116
0.00087520,0.00046905,-0.00001681
0.00087530,0.00053764,0.00011407
0.00087540,0.00034789,0.00023685
0.00087550,0.00035172,0.00034737
0.00087560,0.00011339,0.00044208
0.00087570,0.00003240,0.00051814
0.00087580,0.00006439,0.00057352
0.00087590,-0.00011381,0.00060710
0.00087600,-0.00021165,0.00061861
0.00087610,-0.00038928,0.00060865
0.00087620,-0.00071787,0.00057863
0.00087630,-0.00091719,0.00053068
0.00087640,-0.00107316,0.00046752
0.00087650,-0.00106608,0.00039235
0.00087660,-0.00113662,0.00030866
0.00087670,-0.00115076,0.00022006
0.00087680,-0.00097754,0.00013010
0.00087690,-0.00111254,0.00004213
0.00087700,-0.00118903,-0.00004083
0.00087710,-0.00086506,-0.00011619
0.00087720,-0.00081881,-0.00018189
0.00087730,-0.00056826,-0.00023643
0.00087740,-0.00015423,-0.00027893
0.00087750,-0.00023719,-0.00030905
0.00087760,-0.00007006,-0.00032700
0.00087770,0.00009033,-0.00033347
0.00087780,0.00031312,-0.00032953
0.00087790,0.00056922,-0.00031654
0.00087800,0.00063679,-0.00029611
0.00087810,0.00078647,-0.00026993
0.00087820,0.00086514,-0.00023972
0.00087830,0.00089487,-0.00020716
0.00087840,0.00081856,-0.00017379
0.00087850,0.00068535,-0.00014104
0.00087860,0.00049344,-0.00011012
0.00087870,0.00032663,-0.00008207
0.00087880,0.00037152,-0.00005762
0.00087890,-0.00005796,-0.00003721
0.00087900,-0.00027003,-0.00002091
0.00087910,-0.00060366,-0.00000838
0.00087920,-0.00068056,0.00000105
0.00087930,-0.00080524,0.00000833
0.00087940,-0.00108978,0.00001456
0.00087950,-0.00107655,0.00002087
0.00087960,-0.00121963,0.00002826
0.00087970,-0.00127540,0.00003752
0.00087980,-0.00149033,0.00004918
0.00087990,-0.00135031,0.00006348
0.00088000,-0.00126330,0.00008040
0.00088010,-0.00134917,0.00009965
0.00088020,-0.00120367,0.00012074
0.00088030,-0.00090035,0.00014301
0.00088040,-0.00063583,0.00016567
0.00088050,-0.00054087,0.00018786
0.00088060,-0.00033777,0.00020865
0.00088070,0.00007164,0.00022705
0.00088080,0.00048209,0.00024203
0.00088090,0.00050344,0.00025254
0.00088100,0.00049535,0.00025750
0.00088110,0.00062590,0.00025591
0.00088120,0.00067071,0.00024685
0.00088130,0.00109703,0.00022962
0.00088140,0.00098450,0.00020379
0.00088150,0.00101940,0.00016931
0.00088160,0.00120613,0.00012656
0.00088170,0.00106315,0.00007639
0.00088180,0.00096482,0.00002014
0.00088190,0.00086488,-0.00004043
0.00088200,0.00055721,-0.00010323
0.00088210,0.00024289,-0.00016594
0.00088220,0.00006543,-0.00022618
0.00088230,-0.00029603,-0.00028158
0.00088240,-0.00044725,-0.00032991
0.00088250,-0.00066323,-0.00036920
0.00088260,-0.00086922,-0.00039774
0.00088270,-0.00109984,-0.00041422
0.00088280,-0.00134195,-0.00041778
0.00088290,-0.00146249,-0.00040804
0.00088300,-0.00170326,-0.00038515
0.00088310,-0.00157025,-0.00034982
0.00088320,-0.00161431,-0.00030330
0.00088330,-0.00141102,-0.00024735
0.00088340,-0.00126908,-0.00018411
0.00088350,-0.00110256,-0.00011607
0.00088360,-0.00092711,-0.00004585
0.00088370,-0.00076530,0.00002385
0.00088380,-0.00044410,0.00009044
0.00088390,-0.00023894,0.00015157
0.00088400,0.00010123,0.00020527
0.00088410,0.00038370,0.00025000
0.00088420,0.00040231,0.00028476
0.00088430,0.00059709,0.00030904
0.00088440,0.00093612,0.00032290
0.00088450,0.00103710,0.00032681
0.00088460,0.00110963,0.00032170
0.00088470,0.00113827,0.00030881
0.00088480,0.00101302,0.00028963
0.00088490,0.00099924,0.00026579
0.00088500,0.00098587,0.00023895
0.00088510,0.00063309,0.00021071
0.00088520,0.00031222,0.00018248
0.00088530,0.00022338,0.00015541
0.00088540,-0.00001271,0.00013033
0.00088550,-0.00027784,0.00010775
0.00088560,-0.00064988,0.00008779
0.00088570,-0.00072885,0.00007029
0.00088580,-0.00089922,0.00005476
0.00088590,-0.00098019,0.00004046
0.00088600,-0.00123053,0.00002643
0.00088610,-0.00127253,0.00001154
0.00088620,-0.00128776,-0.00000542
0.00088630,-0.00139957,-0.00002564
0.00088640,-0.00129069,-0.00005014
0.00088650,-0.00134102,-0.00007964
0.00088660,-0.00120144,-0.00011443
0.00088670,-0.00089363,-0.00015427
0.00088680,-0.00086182,-0.00019836
0.00088690,-0.00046789,-0.00024529
0.00088700,-0.00028968,-0.00029320
0.00088710,-0.00026558,-0.00033983
0.00088720,0.00008332,-0.00038266
0.00088730,0.00008205,-0.00041910
0.00088740,0.00013728,-0.00044659
0.00088750,0.00042343,-0.00046276
0.00088760,0.00062005,-0.00046559
0.00088770,0.00088426,-0.00045350
0.00088780,0.00093026,-0.00042541
0.00088790,0.00085133,-0.00038079
0.00088800,0.00073740,-0.00031970
0.00088810,0.00047231,-0.00024278
0.00088820,0.00039548,-0.00015134
0.00088830,0.00013571,-0.00004732
0.00088840,0.00009399,0.00006665
0.00088850,-0.00005231,0.00018727
0.00088860,-0.00033561,0.00031062
0.00088870,-0.00044764,0.00043224
0.00088880,-0.00069695,0.00054732
0.00088890,-0.00061653,0.00065085
0.00088900,-0.00069222,0.00073788
0.00088910,-0.00087988,0.00080378
0.00088920,-0.00087662,0.00084459
0.00088930,-0.00096791,0.00085722
0.00088940,-0.00097868,0.00083968
0.00088950,-0.00101268,0.00079123
0.00088960,-0.00093365,0.00071237
0.00088970,-0.00060668,0.00060489
0.00088980,-0.00041654,0.00047173
0.00088990,-0.00053843,0.00031687
0.00089000,-0.00027632,0.00014521
0.00089010,-0.00012000,-0.00003763
0.00089020,0.00008710,-0.00022543
0.00089030,0.00022534,-0.00041157
0.00089040,0.00017609,-0.00058922
0.00089050,0.00035618,-0.00075158
0.00089060,0.00043095,-0.00089217
0.00089070,0.00052220,-0.00100504
0.00089080,0.00029241,-0.00108512
0.00089090,0.00058830,-0.00112839
0.00089100,0.00029108,-0.00113217
0.00089110,0.00003409,-0.00109525
0.00089120,0.00027062,-0.00101799
0.00089130,-0.00003906,-0.00090237
0.00089140,-0.00011496,-0.00075193
0.00089150,-0.00033147,-0.00057161
0.00089160,-0.00049014,-0.00036761
0.00089170,-0.00046518,-0.00014712
0.00089180,-0.00063998,0.00008197
0.00089190,-0.00058389,0.00031134
0.00089200,-0.00063241,0.00053260
0.00089210,-0.00078563,0.00073757
0.00089220,-0.00095479,0.00091860
0.00089230,-0.00096273,0.00106881
0.00089240,-0.00078293,0.00118236
0.00089250,-0.00058415,0.00125468
0.00089260,-0.00033322,0.00128263
0.00089270,-0.00019152,0.00126468
0.00089280,-0.00006430,0.00120093
0.00089290,0.00003729,0.00109315
0.00089300,0.00035823,0.00094474
0.00089310,0.00027313,0.00076062
0.00089320,0.00042548,0.00054712
0.00089330,0.00026005,0.00031177
0.00089340,0.00028192,0.00006302
0.00089350,0.00028118,-0.00019001
0.00089360,0.00052089,-0.00043795
0.00089370,0.00065251,-0.00067152
0.00089380,0.00038282,-0.00088191
0.00089390,0.00018213,-0.00106108
0.00089400,-0.00003589,-0.00120215
0.00089410,-0.00033075,-0.00129957
0.00089420,-0.00041357,-0.00134936
0.00089430,-0.00043558,-0.00134928
0.00089440,-0.00055395,-0.00129890
0.00089450,-0.00064477,-0.00119963
0.00089460,-0.00077890,-0.00105475
0.00089470,-0.00087409,-0.00086929
0.00089480,-0.00095535,-0.00064992
0.00089490,-0.00094383,-0.00040470
0.00089500,-0.00102801,-0.00014282
0.00089510,-0.00098592,0.00012574
0.00089520,-0.00094389,0.00039068
0.00089530,-0.00092826,0.00064171
0.00089540,-0.00061372,0.00086905
0.00089550,-0.00054515,0.00106381
0.00089560,-0.00064527,0.00121837
0.00089570,-0.00057910,0.00132672
0.00089580,-0.00028410,0.00138469
0.00089590,-0.00010710,0.00139007
0.00089600,0.00008243,0.00134269
0.00089610,0.00011592,0.00124439
0.00089620,0.00024144,0.00109890
0.00089630,0.00039332,0.00091169
0.00089640,0.00051731,0.00068980
0.00089650,0.00067265,0.00044156
0.00089660,0.00071610,0.00017631
0.00089670,0.00073161,-0.00009588
0.00089680,0.00052636,-0.00036463
0.00089690,0.00035958,-0.00061963
0.00089700,0.00046098,-0.00085103
0.00089710,0.00028849,-0.00104992
0.00089720,0.00013642,-0.00120871
0.00089730,0.00005028,-0.00132139
0.00089740,-0.00019164,-0.00138386
0.00089750,-0.00046308,-0.00139401
0.00089760,-0.00064031,-0.00135178
0.00089770,-0.00074625,-0.00125918
0.00089780,-0.00067428,-0.00112009
0.00089790,-0.00091621,-0.00094016
0.00089800,-0.00100562,-0.00072650
0.00089810,-0.00106142,-0.00048745
0.00089820,-0.00104744,-0.00023221
0.00089830,-0.00082245,0.00002943
0.00089840,-0.00099258,0.00028753
0.00089850,-0.00096643,0.00053234
0.00089860,-0.00092826,0.00075469
0.00089870,-0.00072558,0.00094632
0.00089880,-0.00063871,0.00110027
0.00089890,-0.00043450,0.00121110
0.00089900,0.00000573,0.00127518
0.00089910,-0.00004419,0.00129086
0.00089920,0.00014849,0.00125849
0.00089930,0.00016298,0.00118043
0.00089940,0.00030353,0.00106089
0.00089950,0.00047229,0.00090565
0.00089960,0.00064115,0.00072180
0.00089970,0.00068893,0.00051727
0.00089980,0.00071540,0.00030053
0.00089990,0.00050889,0.00008016
0.00090000,0.00034386,-0.00013545
0.00090010,0.00039369,-0.00033842
0.00090020,0.00036077,-0.00052163
0.00090030,0.00019870,-0.00067903
0.00090040,-0.00001321,-0.00080575
0.00090050,0.00001053,-0.00089834
0.00090060,-0.00033712,-0.00095483
0.00090070,-0.00032322,-0.00097479
0.00090080,-0.00061840,-0.00095929
0.00090090,-0.00081303,-0.00091078
0.00090100,-0.00084500,-0.00083290
0.00090110,-0.00089287,-0.00073031
0.00090120,-0.00087743,-0.00060838
0.00090130,-0.00120713,-0.00047294
0.00090140,-0.00114413,-0.00033002
0.00090150,-0.00103988,-0.00018560
0.00090160,-0.00097160,-0.00004534
0.00090170,-0.00104784,0.00008565
0.00090180,-0.00088452,0.00020303
0.00090190,-0.00052572,0.00030338
0.00090200,-0.00030106,0.00038431
0.00090210,-0.00033942,0.00044448
0.00090220,-0.00013677,0.00048360
0.00090230,-0.00002571,0.00050232
0.00090240,0.00006613,0.00050214
0.00090250,0.00011988,0.00048519
0.00090260,0.00020297,0.00045408
0.00090270,0.00013595,0.00041168
0.00090280,0.00023658,0.00036100
0.00090290,0.00032846,0.00030500
0.00090300,0.00023202,0.00024652
0.00090310,0.00014930,0.00018818
0.00090320,0.00027913,0.00013229
0.00090330,0.00017627,0.00008084
0.00090340,0.00002581,0.00003546
0.00090350,-0.00000691,-0.00000262
0.00090360,-0.00023426,-0.00003260
0.00090370,-0.00035320,-0.00005415
0.00090380,-0.00031181,-0.00006743
0.00090390,-0.00052272,-0.00007306
0.00090400,-0.00056267,-0.00007215
0.00090410,-0.00051511,-0.00006617
0.00090420,-0.00069549,-0.00005685
0.00090430,-0.00074260,-0.00004605
0.00090440,-0.00059364,-0.00003554
0.00090450,-0.00075856,-0.00002692
0.00090460,-0.00062074,-0.00002144
0.00090470,-0.00057589,-0.00002001
0.00090480,-0.00070528,-0.00002315
0.00090490,-0.00045883,-0.00003105
0.00090500,-0.00041592,-0.00004359
0.00090510,-0.00043670,-0.00006040
0.00090520,-0.00048495,-0.00008084
0.00090530,-0.00026206,-0.00010407
0.00090540,-0.00018858,-0.00012905
0.00090550,-0.00003524,-0.00015455
0.00090560,-0.00006095,-0.00017924
0.00090570,-0.00002118,-0.00020175
0.00090580,-0.00003813,-0.00022075
0.00090590,-0.00011227,-0.00023503
0.00090600,0.00002816,-0.00024351
0.00090610,0.00015330,-0.00024532
0.00090620,0.00021969,-0.00023983
0.00090630,0.00003806,-0.00022664
0.00090640,0.00004821,-0.00020568
0.00090650,0.00004885,-0.00017713
0.00090660,0.00010743,-0.00014151
0.00090670,-0.00005581,-0.00009958
0.00090680,-0.00004705,-0.00005238
0.00090690,-0.00002503,-0.00000111
0.00090700,-0.00006815,0.00005286
0.00090710,-0.00014137,0.00010805
0.00090720,-0.00021116,0.00016287
0.00090730,-0.00021056,0.00021571
0.00090740,-0.00022238,0.00026491
0.00090750,-0.00031333,0.00030885
0.00090760,-0.00035861,0.00034602
0.00090770,-0.00021311,0.00037504
0.00090780,-0.00027337,0.00039482
0.00090790,-0.00032788,0.00040453
0.00090800,-0.00040799,0.00040371
0.00090810,-0.00043386,0.00039221
0.00090820,-0.00029597,0.00037021
0.00090830,-0.00040543,0.00033814
0.00090840,-0.00037025,0.00029670
0.00090850,-0.00052657,0.00024683
0.00090860,-0.00049160,0.00018965
0.00090870,-0.00050947,0.00012651
0.00090880,-0.00062108,0.00005896
0.00090890,-0.00046781,-0.00001136
0.00090900,-0.00051691,-0.00008268
0.00090910,-0.00045267,-0.00015322
0.00090920,-0.00050467,-0.00022124
0.00090930,-0.00029136,-0.00028510
0.00090940,-0.00020568,-0.00034326
0.00090950,-0.00028698,-0.00039431
0.00090960,-0.00022238,-0.00043694
0.00090970,-0.00010973,-0.00046995
0.00090980,0.00003372,-0.00049221
0.00090990,0.00014346,-0.00050274
0.00091000,0.00030021,-0.00050075
0.00091010,0.00013902,-0.00048573
0.00091020,0.00031680,-0.00045751
0.00091030,0.00011873,-0.00041635
0.00091040,0.00032390,-0.00036297
0.00091050,0.00024891,-0.00029850
0.00091060,0.00048797,-0.00022446
0.00091070,0.00038889,-0.00014270
0.00091080,0.00031233,-0.00005529
0.00091090,0.00016651,0.00003553
0.00091100,-0.00003724,0.00012746
0.00091110,0.00008915,0.00021819
0.00091120,-0.00036432,0.00030542
0.00091130,-0.00034380,0.00038694
0.00091140,-0.00046330,0.00046060
0.00091150,-0.00058045,0.00052434
0.00091160,-0.00058433,0.00057623
0.00091170,-0.00083383,0.00061447
0.00091180,-0.00088204,0.00063746
0.00091190,-0.00101605,0.00064384
0.00091200,-0.00109306,0.00063259
0.00091210,-0.00116581,0.00060309
0.00091220,-0.00115802,0.00055521
0.00091230,-0.00120709,0.00048935
0.00091240,-0.00093808,0.00040652
0.00091250,-0.00099396,0.00030831
0.00091260,-0.00091580,0.00019693
0.00091270,-0.00068156,0.00007512
0.00091280,-0.00058148,-0.00005386
0.00091290,-0.00039879,-0.00018632
0.00091300,-0.00019813,-0.00031821
0.00091310,-0.00010806,-0.00044521
0.00091320,0.00007293,-0.00056291
0.00091330,0.00028741,-0.00066687
0.00091340,0.00047804,-0.00075288
0.00091350,0.00064329,-0.00081709
0.00091360,0.00078650,-0.00085620
0.00091370,0.00098753,-0.00086771
0.00091380,0.00096053,-0.00085005
0.00091390,0.00093638,-0.00080272
0.00091400,0.00112574,-0.00072642
0.00091410,0.00074459,-0.00062305
0.00091420,0.00077603,-0.00049569
0.00091430,0.00064658,-0.00034850
0.00091440,0.00051510,-0.00018655
0.00091450,0.00042835,-0.00001559
0.00091460,0.00003626,0.00015822
0.00091470,-0.00017839,0.00032857
0.00091480,-0.00065016,0.00048923
0.00091490,-0.00081867,0.00063426
0.00091500,-0.00073716,0.00075828
0.00091510,-0.00090040,0.00085660
0.00091520,-0.00113125,0.00092549
0.00091530,-0.00145445,0.00096227
0.00091540,-0.00139951,0.00096549
0.00091550,-0.00154259,0.00093500
0.00091560,-0.00147092,0.00087195
0.00091570,-0.00160428,0.00077877
0.00091580,-0.00137450,0.00065900
0.00091590,-0.00108597,0.00051717
0.00091600,-0.00104222,0.00035856
0.00091610,-0.00057967,0.00018909
0.00091620,-0.00050003,0.00001511
0.00091630,-0.00032591,-0.00015686
0.00091640,-0.00007860,-0.00032032
0.00091650,-0.00006475,-0.00046916
0.00091660,0.00026980,-0.00059795
0.00091670,0.00060629,-0.00070219
0.00091680,0.00059527,-0.00077862
0.00091690,0.00078489,-0.00082526
0.00091700,0.00099127,-0.00084155
0.00091710,0.00092204,-0.00082823
0.00091720,0.00094005,-0.00078730
0.00091730,0.00088231,-0.00072181
0.00091740,0.00075637,-0.00063560
0.00091750,0.00057204,-0.00053310
0.00091760,0.00049707,-0.00041903
0.00091770,0.00029165,-0.00029822
0.00091780,0.00001729,-0.00017533
0.00091790,-0.00010478,-0.00005474
0.00091800,-0.00063499,0.00005964
0.00091810,-0.00073084,0.00016448
0.00091820,-0.00079590,0.00025710
0.00091830,-0.00084237,0.00033557
0.00091840,-0.00087254,0.00039869
0.00091850,-0.00112656,0.00044602
0.00091860,-0.00102313,0.00047783
0.00091870,-0.00099681,0.00049503
0.00091880,-0.00112896,0.00049907
0.00091890,-0.00131494,0.00049181
0.00091900,-0.00122228,0.00047541
0.00091910,-0.00119074,0.00045207
0.00091920,-0.00104031,0.00042390
0.00091930,-0.00076273,0.00039265
0.00091940,-0.00061822,0.00035967
0.00091950,-0.00032296,0.00032573
0.00091960,-0.00022976,0.00029108
0.00091970,-0.00000190,0.00025553
0.00091980,0.00031981,0.00021851
0.00091990,0.00039900,0.00017921
0.00092000,0.00046605,0.00013671
0.00092010,0.00049429,0.00009009
0.00092020,0.00059120,0.00003857
0.00092030,0.00056581,-0.00001844
0.00092040,0.00066706,-0.00008120
0.00092050,0.00066497,-0.00014956
0.00092060,0.00045839,-0.00022294
0.00092070,0.00049333,-0.00030016
0.00092080,0.00058240,-0.00037952
0.00092090,0.00036822,-0.00045867
0.00092100,0.00012361,-0.00053474
0.00092110,-0.00010793,-0.00060437
0.00092120,-0.00044451,-0.00066380
0.00092130,-0.00066642,-0.00070914
0.00092140,-0.00080321,-0.00073651
0.00092150,-0.00082191,-0.00074237
0.00092160,-0.00096678,-0.00072379
0.00092170,-0.00095651,-0.00067868
0.00092180,-0.00109224,-0.00060607
0.00092190,-0.00120352,-0.00050623
0.00092200,-0.00105907,-0.00038079
0.00092210,-0.00100564,-0.00023278
0.00092220,-0.00116029,-0.00006651
0.00092230,-0.00118679,0.00011252
0.00092240,-0.00085202,0.00029784
0.00092250,-0.00068288,0.00048224
0.00092260,-0.00042741,0.00065808
0.00092270,-0.00017723,0.00081764
0.00092280,-0.00011789,0.00095353
0.00092290,-0.00003998,0.00105899
0.00092300,0.00010411,0.00112835
0.00092310,0.00019017,0.00115728
0.00092320,0.00041766,0.00114305
0.00092330,0.00052963,0.00108471
0.00092340,0.00051321,0.00098323
0.00092350,0.00060388,0.00084149
0.00092360,0.00063123,0.00066423
0.00092370,0.00056611,0.00045793
0.00092380,0.00068841,0.00023054
0.00092390,0.00046355,-0.00000878
0.00092400,0.00034783,-0.00025013
0.00092410,0.00029107,-0.00048326
0.00092420,0.00006611,-0.00069815
0.00092430,0.00002419,-0.00088547
0.00092440,-0.00022231,-0.00103709
0.00092450,-0.00035951,-0.00114644
0.00092460,-0.00055643,-0.00120889
0.00092470,-0.00058944,-0.00122191
0.00092480,-0.00069085,-0.00118523
0.00092490,-0.00069459,-0.00110080
0.00092500,-0.00085531,-0.00097271
0.00092510,-0.00094461,-0.00080699
0.00092520,-0.00084453,-0.00061127
0.00092530,-0.00087641,-0.00039442
0.00092540,-0.00072940,-0.00016613
0.00092550,-0.00072768,0.00006355
0.00092560,-0.00056067,0.00028469
0.00092570,-0.00048798,0.00048789
0.00092580,-0.00026616,0.00066473
0.00092590,-0.00004610,0.00080809
0.00092600,-0.00004524,0.00091245
0.00092610,0.00002746,0.00097414
0.00092620,-0.00012636,0.00099146
0.00092630,-0.00001171,0.00096478
0.00092640,0.00016774,0.00089646
0.00092650,0.00033225,0.00079080
0.00092660,0.00048747,0.00065375
0.00092670,0.00049845,0.00049268
0.00092680,0.00030028,0.00031591
0.00092690,0.00021619,0.00013227
0.00092700,0.00014876,-0.00004935
0.00092710,0.00026881,-0.00022050
0.00092720,0.00004404,-0.00037357
0.00092730,-0.00023774,-0.00050211
0.00092740,-0.00027337,-0.00060115
0.00092750,-0.00033730,-0.00066734
0.00092760,-0.00025872,-0.00069905
0.00092770,-0.00051787,-0.00069638
0.00092780,-0.00050358,-0.00066103
0.00092790,-0.00051705,-0.00059620
0.00092800,-0.00060114,-0.00050634
0.00092810,-0.00050475,-0.00039685
0.00092820,-0.00058343,-0.00027382
0.00092830,-0.00050742,-0.00014366
0.00092840,-0.00046058,-0.00001279
0.00092850,-0.00048637,0.00011265
0.00092860,-0.00041624,0.00022711
0.00092870,-0.00034477,0.00032582
0.00092880,-0.00014873,0.00040503
0.00092890,-0.00013249,0.00046212
0.00092900,-0.00006233,0.00049571
0.00092910,0.00013276,0.00050562
0.00092920,0.00020560,0.00049277
0.00092930,0.00036080,0.00045911
0.00092940,0.00034280,0.00040736
0.00092950,0.00039389,0.00034083
0.00092960,0.00032262,0.00026329
0.00092970,0.00029313,0.00017875
0.00092980,0.00021660,0.00009123
0.00092990,0.00014790,0.00000465
0.00093000,-0.00002966,-0.00007745
0.00093010,-0.00000840,-0.00015206
0.00093020,-0.00003130,-0.00021683
0.00093030,-0.00011973,-0.00027014
0.00093040,-0.00030873,-0.00031110
0.00093050,-0.00025887,-0.00033949
0.00093060,-0.00032111,-0.00035565
0.00093070,-0.00057385,-0.00036038
0.00093080,-0.00066343,-0.00035486
0.00093090,-0.00090778,-0.00034046
0.00093100,-0.00072290,-0.00031870
0.00093110,-0.00078839,-0.00029114
0.00093120,-0.00085333,-0.00025924
0.00093130,-0.00068012,-0.00022432
0.00093140,-0.00068159,-0.00018745
0.00093150,-0.00038740,-0.00014938
0.00093160,-0.00040551,-0.00011055
0.00093170,-0.00037485,-0.00007106
0.00093180,-0.00038750,-0.00003076
0.00093190,-0.00036837,0.00001072
0.00093200,-0.00004124,0.00005382
0.00093210,0.00006032,0.00009896
0.00093220,0.00015610,0.00014643
0.00093230,0.00034189,0.00019624
0.00093240,0.00032172,0.00024803
0.00093250,0.00030182,0.00030097
0.00093260,0.00026171,0.00035365
0.00093270,0.00006046,0.00040419
0.00093280,-0.00002269,0.00045021
0.00093290,0.00004031,0.00048905
0.00093300,-0.00001642,0.00051783
0.00093310,0.00002558,0.00053375
0.00093320,-0.00009151,0.00053420
0.00093330,-0.00000227,0.00051700
0.00093340,-0.00005553,0.00048057
0.00093350,-0.00016268,0.00042403
0.00093360,-0.00029294,0.00034731
0.00093370,-0.00042277,0.00025116
0.00093380,-0.00030442,0.00013724
0.00093390,-0.00050041,0.00000811
0.00093400,-0.00041680,-0.00013273
0.00093410,-0.00053658,-0.00028085
0.00093420,-0.00051556,-0.00043102
0.00093430,-0.00058570,-0.00057733
0.00093440,-0.00061598,-0.00071343
0.00093450,-0.00067505,-0.00083283
0.00093460,-0.00068092,-0.00092926
0.00093470,-0.00049461,-0.00099697
0.00093480,-0.00058926,-0.00103106
0.00093490,-0.00019165,-0.00102779
0.00093500,-0.00042364,-0.00098483
0.00093510,-0.00039281,-0.00090144
0.00093520,-0.00038063,-0.00077862
0.00093530,-0.00053595,-0.00061919
0.00093540,-0.00037172,-0.00042778
0.00093550,-0.00030376,-0.00021066
0.00093560,-0.00011644,0.00002441
0.00093570,-0.00004687,0.00026854
0.00093580,-0.00007396,0.00051203
0.00093590,-0.00001840,0.00074484
0.00093600,0.00010278,0.00095696
0.00093610,0.00001227,0.00113886
0.00093620,0.00013771,0.00128195
0.00093630,0.00019899,0.00137894
0.00093640,0.00033356,0.00142427
0.00093650,0.00016133,0.00141439
0.00093660,0.00030846,0.00134807
0.00093670,0.00043096,0.00122649
0.00093680,0.00012732,0.00105331
0.00093690,0.00043915,0.00083450
0.00093700,-0.00000220,0.00057819
0.00093710,-0.00005290,0.00029430
0.00093720,-0.00019374,-0.00000586
0.00093730,-0.00041080,-0.00031008
0.00093740,-0.00030233,-0.00060582
0.00093750,-0.00039252,-0.00088071
0.00093760,-0.00042062,-0.00112316
0.00093770,-0.00052549,-0.00132281
0.00093780,-0.00060061,-0.00147105
0.00093790,-0.00068161,-0.00156141
0.00093800,-0.00057399,-0.00158982
0.00093810,-0.00065146,-0.00155490
0.00093820,-0.00067739,-0.00145791
0.00093830,-0.00069930,-0.00130273
0.00093840,-0.00055342,-0.00109568
0.00093850,-0.00060889,-0.00084514
0.00093860,-0.00061039,-0.00056126
0.00093870,-0.00033679,-0.00025550
0.00093880,-0.00019170,0.00005986
0.00093890,-0.00009320,0.00037219
0.00093900,-0.00011517,0.00066904
0.00093910,-0.00021694,0.00093862
0.00093920,-0.00015490,0.00117025
0.00093930,-0.00011897,0.00135479
0.00093940,0.00001707,0.00148501
0.00093950,0.00027397,0.00155591
0.00093960,0.00024320,0.00156494
0.00093970,0.00034267,0.00151206
0.00093980,0.00039295,0.00139976
0.00093990,0.00036258,0.00123293
0.00094000,0.00035907,0.00101866
0.00094010,0.00019729,0.00076589
0.00094020,0.00004859,0.00048507
0.00094030,-0.00002704,0.00018770
0.00094040,-0.00003354,-0.00011420
0.00094050,-0.00031844,-0.00040860
0.00094060,-0.00035307,-0.00068391
0.00094070,-0.00029360,-0.00092948
0.00094080,-0.00045328,-0.00113593
0.00094090,-0.00057980,-0.00129553
0.00094100,-0.00060461,-0.00140248
0.00094110,-0.00073415,-0.00145311
0.00094120,-0.00085639,-0.00144608
0.00094130,-0.00074460,-0.00138245
0.00094140,-0.00091535,-0.00126564
0.00094150,-0.00066961,-0.00110123
0.00094160,-0.00077563,-0.00089670
0.00094170,-0.00077472,-0.00066100
0.00094180,-0.00057786,-0.00040411
0.00094190,-0.00049292,-0.00013654
0.00094200,-0.00020097,0.00013109
0.00094210,-0.00036075,0.00038849
0.00094220,-0.00026381,0.00062601
0.00094230,-0.00011214,0.00083502
0.00094240,0.00002044,0.00100817
0.00094250,0.00019432,0.00113970
0.00094260,0.00020008,0.00122560
0.00094270,0.00016035,0.00126368
0.00094280,0.00031895,0.00125364
0.00094290,0.00047911,0.00119696
0.00094300,0.00062368,0.00109680
0.00094310,0.00056980,0.00095789
0.00094320,0.00048678,0.00078632
0.00094330,0.00024410,0.00058933
0.00094340,0.00015035,0.00037499
0.00094350,0.00027513,0.00015188
0.00094360,0.00012202,-0.00007125
0.00094370,0.00017898,-0.00028591
0.00094380,-0.00023849,-0.00048414
0.00094390,-0.00054048,-0.00065890
0.00094400,-0.00073309,-0.00080423
0.00094410,-0.00084037,-0.00091555
0.00094420,-0.00073189,-0.00098971
0.00094430,-0.00107132,-0.00102511
0.00094440,-0.00107190,-0.00102171
0.00094450,-0.00115082,-0.00098095
0.00094460,-0.00102405,-0.00090567
0.00094470,-0.00108118,-0.00079991
0.00094480,-0.00104969,-0.00066868
0.00094490,-0.00100648,-0.00051773
0.00094500,-0.00079267,-0.00035326
0.00094510,-0.00070210,-0.00018169
0.00094520,-0.00057794,-0.00000942
0.00094530,-0.00054148,0.00015735
0.00094540,-0.00036058,0.00031278
0.00094550,-0.00002365,0.00045151
0.00094560,0.00021860,0.00056885
0.00094570,0.00034778,0.00066091
0.00094580,0.00041765,0.00072482
0.00094590,0.00059864,0.00075885
0.00094600,0.00087842,0.00076252
0.00094610,0.00080048,0.00073667
0.00094620,0.00086229,0.00068339
0.00094630,0.00089937,0.00060586
0.00094640,0.00059331,0.00050818
0.00094650,0.00043048,0.00039511
0.00094660,0.00039357,0.00027181
0.00094670,0.00027862,0.00014360
0.00094680,0.00016291,0.00001571
0.00094690,0.00005673,-0.00010693
0.00094700,-0.00039698,-0.00021981
0.00094710,-0.00036679,-0.00031897
0.00094720,-0.00064252,-0.00040106
0.00094730,-0.00098452,-0.00046342
0.00094740,-0.00106110,-0.00050409
0.00094750,-0.00126314,-0.00052190
0.00094760,-0.00118867,-0.00051651
0.00094770,-0.00137676,-0.00048846
0.00094780,-0.00122513,-0.00043921
0.00094790,-0.00121954,-0.00037114
0.00094800,-0.00083305,-0.00028749
0.00094810,-0.00082600,-0.00019228
0.00094820,-0.00091891,-0.00009005
0.00094830,-0.00079106,0.00001428
0.00094840,-0.00074700,0.00011575
0.00094850,-0.00030803,0.00020956
0.00094860,-0.00021792,0.00029136
0.00094870,0.00001838,0.00035739
0.00094880,0.00028756,0.00040465
0.00094890,0.00052432,0.00043097
0.00094900,0.00055111,0.00043501
0.00094910,0.00054936,0.00041635
0.00094920,0.00059718,0.00037545
0.00094930,0.00083261,0.00031369
0.00094940,0.00087985,0.00023340
0.00094950,0.00065784,0.00013780
0.00094960,0.00074438,0.00003095
0.00094970,0.00052370,-0.00008240
0.00094980,0.00051059,-0.00019695
0.00094990,0.00030620,-0.00030716
0.00095000,0.00018553,-0.00040746
0.00095010,-0.00005550,-0.00049255
0.00095020,-0.00028942,-0.00055768
0.00095030,-0.00043837,-0.00059890
0.00095040,-0.00048692,-0.00061321
0.00095050,-0.00045535,-0.00059875
0.00095060,-0.00087637,-0.00055488
0.00095070,-0.00082175,-0.00048229
0.00095080,-0.00102865,-0.00038294
0.00095090,-0.00116881,-0.00026008
0.00095100,-0.00104841,-0.00011811
0.00095110,-0.00109978,0.00003753
0.00095120,-0.00099087,0.00020056
0.00095130,-0.00083114,0.00036410
0.00095140,-0.00076149,0.00052098
0.00095150,-0.00067336,0.00066397
0.00095160,-0.00067009,0.00078615
0.00095170,-0.00046824,0.00088120
0.00095180,-0.00011570,0.00094372
0.00095190,-0.00007299,0.00096954
0.00095200,0.00005936,0.00095592
0.00095210,0.00038251,0.00090176
0.00095220,0.00029899,0.00080769
0.00095230,0.00035544,0.00067612
0.00095240,0.00024431,0.00051116
0.00095250,0.00045635,0.00031857
0.00095260,0.00078060,0.00010550
0.00095270,0.00042196,-0.00011975
0.00095280,0.00055177,-0.00034806
0.00095290,0.00031189,-0.00056987
0.00095300,0.00004871,-0.00077570
0.00095310,-0.00017240,-0.00095655
0.00095320,-0.00021214,-0.00110444
0.00095330,-0.00022286,-0.00121271
0.00095340,-0.00038186,-0.00127641
0.00095350,-0.00035174,-0.00129241
0.00095360,-0.00067658,-0.00125947
0.00095370,-0.00071359,-0.00117827
0.00095380,-0.00076473,-0.00105129
0.00095390,-0.00075430,-0.00088270
0.00095400,-0.00082676,-0.00067830
0.00095410,-0.00085298,-0.00044526
0.00095420,-0.00083270,-0.00019198
0.00095430,-0.00084208,0.00007226
0.00095440,-0.00080734,0.00033756
0.00095450,-0.00073384,0.00059383
0.00095460,-0.00044477,0.00083113
0.00095470,-0.00030679,0.00104011
0.00095480,-0.00030630,0.00121244
0.00095490,-0.00021722,0.00134116
0.00095500,-0.00010625,0.00142102
0.00095510,-0.00018581,0.00144872
0.00095520,0.00002293,0.00142304
0.00095530,0.00010451,0.00134492
0.00095540,0.00018308,0.00121734
0.00095550,0.00027837,0.00104524
0.00095560,0.00031325,0.00083525
0.00095570,0.00049977,0.00059540
0.00095580,0.00051393,0.00033485
0.00095590,0.00024996,0.00006343
0.00095600,0.00005124,-0.00020868
0.00095610,0.00029687,-0.00047136
0.00095620,0.00006655,-0.00071495
0.00095630,-0.00006678,-0.00093061
0.00095640,-0.00008568,-0.00111064
0.00095650,-0.00009056,-0.00124878
0.00095660,-0.00029770,-0.00134042
0.00095670,-0.00043517,-0.00138280
0.00095680,-0.00038898,-0.00137510
0.00095690,-0.00044554,-0.00131844
0.00095700,-0.00064722,-0.00121578
0.00095710,-0.00060394,-0.00107184
0.00095720,-0.00044103,-0.00089281
0.00095730,-0.00039610,-0.00068609
0.00095740,-0.00053868,-0.00045993
0.00095750,-0.00054470,-0.00022311
0.00095760,-0.00045603,0.00001545
0.00095770,-0.00046077,0.00024702
0.00095780,-0.00045726,0.00046342
0.00095790,-0.00046993,0.00065730
0.00095800,-0.00023553,0.00082241
0.00095810,-0.00023032,0.00095383
0.00095820,-0.00042754,0.00104808
0.00095830,-0.00009722,0.00110323
0.00095840,0.00009147,0.00111890
0.00095850,0.00003622,0.00109615
0.00095860,-0.00005945,0.00103743
0.00095870,-0.00008498,0.00094639
0.00095880,-0.00003772,0.00082769
0.00095890,-0.00011357,0.00068679
0.00095900,-0.00005288,0.00052969
0.00095910,-0.00003585,0.00036263
0.00095920,-0.00016279,0.00019189
0.00095930,0.00001403,0.00002348
0.00095940,-0.00011060,-0.00013706
0.00095950,-0.00019247,-0.00028482
0.00095960,-0.00032361,-0.00041572
0.00095970,-0.00030479,-0.00052655
0.00095980,-0.00028929,-0.00061510
0.00095990,-0.00033022,-0.00068016
0.00096000,-0.00018423,-0.00072144
0.00096010,-0.00053963,-0.00073949
0.00096020,-0.00050164,-0.00073555
0.00096030,-0.00049284,-0.00071141
0.00096040,-0.00040339,-0.00066924
0.00096050,-0.00005847,-0.00061149
0.00096060,-0.00004920,-0.00054077
0.00096070,-0.00008356,-0.00045978
0.00096080,0.00007906,-0.00037125
0.00096090,-0.00010328,-0.00027788
0.00096100,-0.00015471,-0.00018229
0.00096110,-0.00001032,-0.00008701
0.00096120,-0.00002516,0.00000566
0.00096130,-0.00011968,0.00009364
0.00096140,-0.00009017,0.00017517
0.00096150,-0.00007133,0.00024884
0.00096160,-0.00016137,0.00031360
0.00096170,-0.00008846,0.00036871
0.00096180,-0.00007226,0.00041372
0.00096190,-0.00010148,0.00044837
0.00096200,-0.00016618,0.00047250
0.00096210,-0.00027856,0.00048603
0.00096220,-0.00032470,0.00048885
0.00096230,-0.00031638,0.00048088
0.00096240,-0.00018967,0.00046210
0.00096250,-0.00027384,0.00043266
0.00096260,-0.00048530,0.00039292
0.00096270,-0.00039779,0.00034356
0.00096280,-0.00039822,0.00028558
0.00096290,-0.00065682,0.00022032
0.00096300,-0.00075309,0.00014936
0.00096310,-0.00053182,0.00007453
0.00096320,-0.00047105,-0.00000219
0.00096330,-0.00045587,-0.00007876
0.00096340,-0.00042335,-0.00015311
0.00096350,-0.00064085,-0.00022322
0.00096360,-0.00039640,-0.00028717
0.00096370,-0.00029314,-0.00034318
0.00096380,-0.00025042,-0.00038964
0.00096390,-0.00006951,-0.00042512
0.00096400,-0.00001076,-0.00044843
0.00096410,-0.00004118,-0.00045865
0.00096420,-0.00026212,-0.00045518
0.00096430,-0.00009853,-0.00043782
0.00096440,-0.00021392,-0.00040686
0.00096450,-0.00024435,-0.00036305
0.00096460,-0.00019158,-0.00030771
0.00096470,0.00003581,-0.00024260
0.00096480,0.00014876,-0.00016987
0.00096490,0.00021398,-0.00009197
0.00096500,0.00029125,-0.00001150
0.00096510,0.00007360,0.00006888
0.00096520,0.00031256,0.00014650
0.00096530,0.00024327,0.00021878
0.00096540,0.00006826,0.00028326
0.00096550,-0.00016413,0.00033765
0.00096560,-0.00028684,0.00037997
0.00096570,-0.00014248,0.00040859
0.00096580,-0.00018296,0.00042238
0.00096590,-0.00010249,0.00042078
0.00096600,-0.00004777,0.00040387
0.00096610,-0.00005756,0.00037234
0.00096620,-0.00025609,0.00032753
0.00096630,-0.00019962,0.00027133
0.00096640,-0.00043050,0.00020611
0.00096650,-0.00036781,0.00013461
0.00096660,-0.00077018,0.00005981
0.00096670,-0.00067597,-0.00001520
0.00096680,-0.00068978,-0.00008738
0.00096690,-0.00089136,-0.00015385
0.00096700,-0.00070332,-0.00021208
0.00096710,-0.00085588,-0.00025995
0.00096720,-0.00073006,-0.00029587
0.00096730,-0.00087220,-0.00031885
0.00096740,-0.00081578,-0.00032856
0.00096750,-0.00074389,-0.00032528
0.00096760,-0.00064976,-0.00030984
0.00096770,-0.00038028,-0.00028357
0.00096780,-0.00025013,-0.00024816
0.00096790,0.00002996,-0.00020548
0.00096800,0.00001819,-0.00015754
0.00096810,0.00003337,-0.00010630
0.00096820,0.00023323,-0.00005365
0.00096830,0.00024529,-0.00000140
0.00096840,0.00029578,0.00004876
0.00096850,0.00036356,0.00009521
0.00096860,0.00018804,0.00013643
0.00096870,0.00034728,0.00017104
0.00096880,0.00040491,0.00019787
0.00096890,0.00036125,0.00021609
0.00096900,0.00029339,0.00022522
0.00096910,0.00032768,0.00022529
0.00096920,0.00017461,0.00021678
0.00096930,0.00000801,0.00020066
0.00096940,-0.00033536,0.00017825
0.00096950,-0.00033703,0.00015114
0.00096960,-0.00046908,0.00012098
0.00096970,-0.00057419,0.00008939
0.00096980,-0.00074743,0.00005775
0.00096990,-0.00078045,0.00002719
0.00097000,-0.00083552,-0.00000151
0.00097010,-0.00107623,-0.00002788
0.00097020,-0.00100546,-0.00005176
0.00097030,-0.00102710,-0.00007315
0.00097040,-0.00100981,-0.00009221
0.00097050,-0.00092846,-0.00010914
0.00097060,-0.00074020,-0.00012413
0.00097070,-0.00057709,-0.00013735
0.00097080,-0.00067578,-0.00014887
0.00097090,-0.00051897,-0.00015869
0.00097100,-0.00033436,-0.00016669
0.00097110,-0.00026368,-0.00017270
0.00097120,-0.00005117,-0.00017643
0.00097130,0.00008101,-0.00017751
0.00097140,0.00015816,-0.00017547
0.00097150,0.00035238,-0.00016973
0.00097160,0.00059767,-0.00015964
0.00097170,0.00063373,-0.00014452
0.00097180,0.00080924,-0.00012375
0.00097190,0.00078748,-0.00009682
0.00097200,0.00084357,-0.00006346
0.00097210,0.00077738,-0.00002370
0.00097220,0.00056761,0.00002212
0.00097230,0.00046176,0.00007327
0.00097240,0.00023555,0.00012862
0.00097250,0.00016597,0.00018661
0.00097260,-0.00012530,0.00024527
0.00097270,-0.00017746,0.00030226
0.00097280,-0.00042645,0.00035496
0.00097290,-0.00068072,0.00040058
0.00097300,-0.00075900,0.00043635
0.00097310,-0.00119460,0.00045962
0.00097320,-0.00126096,0.00046809
0.00097330,-0.00130160,0.00045987
0.00097340,-0.00126520,0.00043367
0.00097350,-0.00131840,0.00038891
0.00097360,-0.00141305,0.00032575
0.00097370,-0.00118126,0.00024520
0.00097380,-0.00123331,0.00014912
0.00097390,-0.00115100,0.00004018
0.00097400,-0.00096878,-0.00007821
0.00097410,-0.00082974,-0.00020205
0.00097420,-0.00050548,-0.00032688
0.00097430,-0.00022017,-0.00044797
0.00097440,-0.00004062,-0.00056045
0.00097450,0.00021148,-0.00065951
0.00097460,0.00030917,-0.00074051
0.00097470,0.00049438,-0.00079920
0.00097480,0.00070612,-0.00083189
0.00097490,0.00090360,-0.00083569
0.00097500,0.00085374,-0.00080877
0.00097510,0.00083263,-0.00075054
0.00097520,0.00105555,-0.00066180
0.00097530,0.00103003,-0.00054472
0.00097540,0.00100799,-0.00040282
0.00097550,0.00089508,-0.00024078
0.00097560,0.00057228,-0.00006422
0.00097570,0.00061726,0.00012051
0.00097580,0.00056093,0.00030662
0.00097590,0.00036430,0.00048703
0.00097600,0.00012316,0.00065473
0.00097610,-0.00018340,0.00080294
0.00097620,-0.00038551,0.00092546
0.00097630,-0.00072225,0.00101693
0.00097640,-0.00084771,0.00107311
0.00097650,-0.00098246,0.00109111
0.00097660,-0.00103548,0.00106955
0.00097670,-0.00115833,0.00100869
0.00097680,-0.00144900,0.00091038
0.00097690,-0.00139222,0.00077808
0.00097700,-0.00143276,0.00061664
0.00097710,-0.00150444,0.00043212
0.00097720,-0.00145443,0.00023155
0.00097730,-0.00138128,0.00002256
0.00097740,-0.00100178,-0.00018691
0.00097750,-0.00083462,-0.00038900
0.00097760,-0.00053433,-0.00057622
0.00097770,-0.00050544,-0.00074177
0.00097780,-0.00028916,-0.00087979
0.00097790,-0.00005560,-0.00098557
0.00097800,0.00005709,-0.00105566
0.00097810,0.00029968,-0.00108800
0.00097820,0.00069943,-0.00108192
0.00097830,0.00065262,-0.00103818
0.00097840,0.00074385,-0.00095887
0.00097850,0.00095663,-0.00084738
0.00097860,0.00106080,-0.00070826
0.00097870,0.00103390,-0.00054707
0.00097880,0.00081515,-0.00037013
0.00097890,0.00072718,-0.00018428
0.00097900,0.00043250,0.00000343
0.00097910,0.00054357,0.00018608
0.00097920,0.00050957,0.00035720
0.00097930,0.00031683,0.00051103
0.00097940,0.00015623,0.00064277
0.00097950,-0.00015906,0.00074868
0.00097960,-0.00026188,0.00082616
0.00097970,-0.00055570,0.00087376
0.00097980,-0.00076302,0.00089111
0.00097990,-0.00089119,0.00087889
0.00098000,-0.00107744,0.00083873
0.00098010,-0.00121163,0.00077314
0.00098020,-0.00117054,0.00068539
0.00098030,-0.00114306,0.00057936
0.00098040,-0.00101855,0.00045938
0.00098050,-0.00113636,0.00033003
0.00098060,-0.00110924,0.00019596
0.00098070,-0.00086393,0.00006169
0.00098080,-0.00086361,-0.00006855
0.00098090,-0.00060985,-0.00019096
0.00098100,-0.00055808,-0.00030228
0.00098110,-0.00040343,-0.00039983
0.00098120,-0.00016335,-0.00048161
0.00098130,0.00002577,-0.00054627
0.00098140,0.00041230,-0.00059309
0.00098150,0.00042816,-0.00062191
0.00098160,0.00050743,-0.00063306
0.00098170,0.00040081,-0.00062732
0.00098180,0.00053406,-0.00060578
0.00098190,0.00057309,-0.00056977
0.00098200,0.00037096,-0.00052080
0.00098210,0.00054262,-0.00046050
0.00098220,0.00029061,-0.00039058
0.00098230,0.00016559,-0.00031279
0.00098240,0.00033738,-0.00022899
0.00098250,0.00010300,-0.00014109
0.00098260,0.00012761,-0.00005108
0.00098270,-0.00017674,0.00003899
0.00098280,-0.00027956,0.00012706
0.00098290,-0.00023157,0.00021109
0.00098300,-0.00042426,0.00028917
0.00098310,-0.00071571,0.00035954
0.00098320,-0.00059874,0.00042068
0.00098330,-0.00053112,0.00047130
0.00098340,-0.00064767,0.00051036
0.00098350,-0.00080980,0.00053707
0.00098360,-0.00071289,0.00055079
0.00098370,-0.00066500,0.00055107
0.00098380,-0.00071191,0.00053761
0.00098390,-0.00050818,0.00051026
0.00098400,-0.00044270,0.00046908
0.00098410,-0.00028434,0.00041443
0.00098420,-0.00029229,0.00034703
0.00098430,-0.00022061,0.00026806
0.00098440,-0.00000137,0.00017922
0.00098450,0.00007283,0.00008268
0.00098460,0.00027159,-0.00001891
0.00098470,0.00022156,-0.00012252
0.00098480,0.00019315,-0.00022486
0.00098490,0.00032217,-0.00032248
0.00098500,0.00040815,-0.00041194
0.00098510,0.00029008,-0.00049002
0.00098520,0.00014818,-0.00055383
0.00098530,0.00012349,-0.00060097
0.00098540,0.00016066,-0.00062961
0.00098550,-0.00000993,-0.00063852
0.00098560,-0.00010528,-0.00062715
0.00098570,-0.00018299,-0.00059558
0.00098580,-0.00031999,-0.00054458
0.00098590,-0.00054396,-0.00047552
0.00098600,-0.00056921,-0.00039037
0.00098610,-0.00065575,-0.00029162
0.00098620,-0.00068696,-0.00018222
0.00098630,-0.00053708,-0.00006558
0.00098640,-0.00058650,0.00005456
0.00098650,-0.00048516,0.00017418
0.00098660,-0.00042386,0.00028916
0.00098670,-0.00040344,0.00039543
0.00098680,-0.00021308,0.00048917
0.00098690,-0.00024971,0.00056701
0.00098700,-0.00031268,0.00062618
0.00098710,-0.00014634,0.00066461
0.00098720,-0.00022302,0.00068102
0.00098730,-0.00003101,0.00067490
0.00098740,0.00007533,0.00064652
0.00098750,0.00014360,0.00059691
0.00098760,0.00013835,0.00052785
0.00098770,0.00008774,0.00044176
0.00098780,0.00023925,0.00034166
0.00098790,0.00008668,0.00023105
0.00098800,0.00030372,0.00011372
0.00098810,0.00011124,-0.00000630
0.00098820,-0.00008975,-0.00012496
0.00098830,-0.00007736,-0.00023830
0.00098840,-0.00007455,-0.00034261
0.00098850,-0.00006451,-0.00043459
0.00098860,-0.00018388,-0.00051146
0.00098870,-0.00042531,-0.00057108
0.00098880,-0.00046526,-0.00061203
0.00098890,-0.00035048,-0.00063364
0.00098900,-0.00047035,-0.00063591
0.00098910,-0.00027986,-0.00061949
0.00098920,-0.00065446,-0.00058558
0.00098930,-0.00056587,-0.00053583
0.00098940,-0.00046679,-0.00047226
0.00098950,-0.00057741,-0.00039718
0.00098960,-0.00032944,-0.00031308
0.00098970,-0.00038555,-0.00022257
0.00098980,-0.00025619,-0.00012823
0.00098990,-0.00031340,-0.00003255
0.00099000,-0.00021697,0.00006214
0.00099010,-0.00009055,0.00015374
0.00099020,0.00013240,0.00024034
0.00099030,0.00013719,0.00032024
0.00099040,0.00019416,0.00039193
0.00099050,0.00024314,0.00045410
0.00099060,0.00016144,0.00050561
0.00099070,0.00004090,0.00054553
0.00099080,-0.00000351,0.00057312
0.00099090,0.00000385,0.00058786
0.00099100,-0.00018231,0.00058945
0.00099110,-0.00009628,0.00057782
0.00099120,-0.00008465,0.00055309
0.00099130,-0.00013790,0.00051553
0.00099140,-0.00037616,0.00046560
0.00099150,-0.00044115,0.00040388
0.00099160,-0.00064894,0.00033108
0.00099170,-0.00065513,0.00024812
0.00099180,-0.00033854,0.00015612
0.00099190,-0.00053601,0.00005649
0.00099200,-0.00036172,-0.00004902
0.00099210,-0.00044419,-0.00015827
0.00099220,-0.00043591,-0.00026872
0.00099230,-0.00042553,-0.00037744
0.00099240,-0.00055541,-0.00048114
0.00099250,-0.00035993,-0.00057628
0.00099260,-0.00025846,-0.00065923
0.00099270,-0.00017117,-0.00072642
0.00099280,-0.00005664,-0.00077456
0.00099290,-0.00007044,-0.00080084
0.00099300,0.00006930,-0.00080309
0.00099310,0.00005351,-0.00077990
0.00099320,0.00009443,-0.00073071
0.00099330,0.00044898,-0.00065584
0.00099340,0.00019999,-0.00055655
0.00099350,0.00024572,-0.00043495
0.00099360,0.00019767,-0.00029408
0.00099370,0.00000527,-0.00013783
0.00099380,-0.00004778,0.00002910
0.00099390,-0.00022603,0.00020127
0.00099400,-0.00017246,0.00037268
0.00099410,-0.00018664,0.00053693
0.00099420,-0.00003241,0.00068753
0.00099430,-0.00024747,0.00081818
0.00099440,-0.00031219,0.00092304
0.00099450,-0.00056608,0.00099705
0.00099460,-0.00055010,0.00103619
0.00099470,-0.00058671,0.00103770
0.00099480,-0.00056354,0.00100031
0.00099490,-0.00059660,0.00092434
0.00099500,-0.00075988,0.00081178
0.00099510,-0.00051856,0.00066627
0.00099520,-0.00065392,0.00049291
0.00099530,-0.00028942,0.00029812
0.00099540,-0.00035040,0.00008932
0.00099550,-0.00051185,-0.00012538
0.00099560,-0.00047874,-0.00033755
0.00099570,-0.00040550,-0.00053877
0.00099580,-0.00021027,-0.00072100
0.00099590,-0.00022044,-0.00087689
0.00099600,-0.00009894,-0.00100008
0.00099610,-0.00007449,-0.00108548
0.00099620,0.00007647,-0.00112946
0.00099630,-0.00001122,-0.00112997
0.00099640,-0.00013429,-0.00108671
0.00099650,-0.00010748,-0.00100104
0.00099660,-0.00004569,-0.00087603
0.00099670,-0.00004405,-0.00071633
0.00099680,-0.00001845,-0.00052799
0.00099690,-0.00007141,-0.00031824
0.00099700,0.00001948,-0.00009522
0.00099710,-0.00019565,0.00013233
0.00099720,-0.00022494,0.00035537
0.00099730,-0.00006758,0.00056498
0.00099740,-0.00028629,0.00075261
0.00099750,-0.00010913,0.00091054
0.00099760,-0.00035856,0.00103224
0.00099770,-0.00030676,0.00111261
0.00099780,-0.00027809,0.00114831
0.00099790,-0.00020930,0.00113783
0.00099800,-0.00007174,0.00108161
0.00099810,-0.00021452,0.00098192
0.00099820,-0.00010009,0.00084284
0.00099830,-0.00028978,0.00067002
0.00099840,-0.00042179,0.00047046
0.00099850,-0.00032074,0.00025221
0.00099860,-0.00016746,0.00002409
0.00099870,-0.00034229,-0.00020468
0.00099880,-0.00027741,-0.00042478
0.00099890,-0.00050049,-0.00062721
0.00099900,-0.00032625,-0.00080358
0.00099910,-0.00046954,-0.00094655
0.00099920,-0.00059372,-0.00105012
0.00099930,-0.00039586,-0.00110988
0.00099940,-0.00028113,-0.00112334
0.00099950,-0.00042200,-0.00108994
0.00099960,-0.00050688,-0.00101119
0.00099970,-0.00024755,-0.00089058
0.00099980,-0.00027054,-0.00073339
0.00099990,-0.00016174,-0.00054649
0.00100000,-0.00014363,-0.00033797
0.00100010,-0.00009934,-0.00011679
0.00100020,-0.00009914,0.00010768
0.00100030,-0.00014604,0.00032598
0.00100040,-0.00002096,0.00052904
0.00100050,0.00021308,0.00070846
0.00100060,0.00032753,0.00085686
0.00100070,0.00033031,0.00096822
0.00100080,0.00032732,0.00103811
0.00100090,0.00046554,0.00106394
0.00100100,0.00049590,0.00104501
0.00100110,0.00048718,0.00098258
0.00100120,0.00045190,0.00087973
0.00100130,0.00044533,0.00074123
0.00100140,0.00028576,0.00057326
0.00100150,0.00009678,0.00038311
0.00100160,0.00003916,0.00017886
0.00100170,-0.00009950,-0.00003093
0.00100180,-0.00015933,-0.00023765
0.00100190,-0.00031309,-0.00043292
0.00100200,-0.00045385,-0.00060894
0.00100210,-0.00066567,-0.00075878
0.00100220,-0.00094086,-0.00087665
0.00100230,-0.00082246,-0.00095808
0.00100240,-0.00087487,-0.00100012
0.00100250,-0.00093529,-0.00100139
0.00100260,-0.00077503,-0.00096218
0.00100270,-0.00080211,-0.00088437
0.00100280,-0.00079598,-0.00077140
0.00100290,-0.00076169,-0.00062806
0.00100300,-0.00073415,-0.00046030
0.00100310,-0.00082353,-0.00027500
0.00100320,-0.00065543,-0.00007966
0.00100330,-0.00023874,0.00011793
0.00100340,-0.00024524,0.00030996
0.00100350,-0.00005171,0.00048896
0.00100360,0.00002978,0.00064805
0.00100370,0.00019799,0.00078118
0.00100380,0.00047863,0.00088332
0.00100390,0.00056789,0.00095067
0.00100400,0.00063876,0.00098079
0.00100410,0.00056244,0.00097268
0.00100420,0.00052485,0.00092687
0.00100430,0.00048885,0.00084536
0.00100440,0.00057042,0.00073153
0.00100450,0.00050023,0.00059001
0.00100460,0.00057716,0.00042645
0.00100470,0.00039406,0.00024725
0.00100480,0.00030912,0.00005930
0.00100490,0.00004688,-0.00013027
0.00100500,-0.00023835,-0.00031434
0.00100510,-0.00021979,-0.00048604
0.00100520,-0.00041285,-0.00063898
0.00100530,-0.00040357,-0.00076747
0.00100540,-0.00053370,-0.00086676
0.00100550,-0.00087653,-0.00093323
0.00100560,-0.00082220,-0.00096453
0.00100570,-0.00075816,-0.00095967
0.00100580,-0.00081874,-0.00091906
0.00100590,-0.00093031,-0.00084443
0.00100600,-0.00107383,-0.00073881
0.00100610,-0.00093322,-0.00060636
0.00100620,-0.00074364,-0.00045222
0.00100630,-0.00049365,-0.00028231
0.00100640,-0.00040663,-0.00010306
0.00100650,-0.00040565,0.00007884
0.00100660,-0.00046941,0.00025667
0.00100670,-0.00037009,0.00042397
0.00100680,-0.00018330,0.00057473
0.00100690,-0.00003091,0.00070359
0.00100700,-0.00007967,0.00080605
0.00100710,0.00013453,0.00087853
0.00100720,0.00027446,0.00091853
0.00100730,0.00031529,0.00092467
0.00100740,0.00059275,0.00089673
0.00100750,0.00055117,0.00083571
0.00100760,0.00070914,0.00074383
0.00100770,0.00057873,0.00062451
0.00100780,0.00051864,0.00048229
0.00100790,0.00045718,0.00032264
0.00100800,0.00044071,0.00015181
0.00100810,0.00048658,-0.00002351
0.00100820,0.00038489,-0.00019645
0.00100830,0.00025152,-0.00036028
0.00100840,0.00002395,-0.00050869
0.00100850,-0.00023255,-0.00063602
0.00100860,-0.00038612,-0.00073747
0.00100870,-0.00028587,-0.00080927
0.00100880,-0.00044874,-0.00084878
0.00100890,-0.00062591,-0.00085456
0.00100900,-0.00087873,-0.00082645
0.00100910,-0.00121567,-0.00076558
0.00100920,-0.00119085,-0.00067432
0.00100930,-0.00121343,-0.00055626
0.00100940,-0.00119785,-0.00041612
0.00100950,-0.00118751,-0.00025955
0.00100960,-0.00124963,-0.00009302
0.00100970,-0.00143112,0.00007645
0.00100980,-0.00126100,0.00024163
0.00100990,-0.00121332,0.00039532
0.00101000,-0.00105360,0.00053078
0.00101010,-0.00091465,0.00064202
0.00101020,-0.00084762,0.00072407
0.00101030,-0.00054353,0.00077321
0.00101040,-0.00022193,0.00078716
0.00101050,0.00000669,0.00076518
0.00101060,0.00019609,0.00070806
0.00101070,0.00037973,0.00061817
0.00101080,0.00053798,0.00049935
0.00101090,0.00055125,0.00035678
0.00101100,0.00067833,0.00019677
0.00101110,0.00082975,0.00002655
0.00101120,0.00098512,-0.00014610
0.00101130,0.00105412,-0.00031317
0.00101140,0.00106556,-0.00046683
0.00101150,0.00114939,-0.00059978
0.00101160,0.00071951,-0.00070559
0.00101170,0.00053046,-0.00077903
0.00101180,0.00034151,-0.00081625
0.00101190,0.00025980,-0.00081498
0.00101200,0.00015282,-0.00077463
0.00101210,-0.00020209,-0.00069630
0.00101220,-0.00031643,-0.00058278
0.00101230,-0.00056804,-0.00043847
0.00101240,-0.00070571,-0.00026925
0.00101250,-0.00094805,-0.00008224
0.00101260,-0.00117111,0.00011443
0.00101270,-0.00134832,0.00031203
0.00101280,-0.00148780,0.00050159
0.00101290,-0.00149686,0.00067434
0.00101300,-0.00152665,0.00082211
0.00101310,-0.00132669,0.00093768
0.00101320,-0.00135104,0.00101513
0.00101330,-0.00127229,0.00105000
0.00101340,-0.00122655,0.00103958
0.00101350,-0.00102040,0.00098295
0.00101360,-0.00068797,0.00088111
0.00101370,-0.00057632,0.00073699
0.00101380,-0.00034764,0.00055540
0.00101390,-0.00002665,0.00034287
0.00101400,0.00011278,0.00010751
0.00101410,0.00040302,-0.00014132
0.00101420,0.00048468,-0.00039340
0.00101430,0.00089564,-0.00063800
0.00101440,0.00103855,-0.00086441
0.00101450,0.00096254,-0.00106234
0.00101460,0.00112079,-0.00122246
0.00101470,0.00098845,-0.00133679
0.00101480,0.00082275,-0.00139915
0.00101490,0.00100183,-0.00140548
0.00101500,0.00084686,-0.00135408
0.00101510,0.00066838,-0.00124571
0.00101520,0.00043761,-0.00108355
0.00101530,0.00011817,-0.00087314
0.00101540,-0.00002826,-0.00062215
0.00101550,-0.00027625,-0.00034010
0.00101560,-0.00041531,-0.00003794
0.00101570,-0.00059489,0.00027230
0.00101580,-0.00081058,0.00057808
0.00101590,-0.00090477,0.00086678
0.00101600,-0.00109941,0.00112634
0.00101610,-0.00100056,0.00134571
0.00101620,-0.00092427,0.00151536
0.00101630,-0.00119311,0.00162770
0.00101640,-0.00125836,0.00167742
0.00101650,-0.00113014,0.00166172
0.00101660,-0.00093175,0.00158046
0.00101670,-0.00083563,0.00143624
0.00101680,-0.00065121,0.00123427
0.00101690,-0.00063670,0.00098218
0.00101700,-0.00057516,0.00068977
0.00101710,-0.00032921,0.00036852
0.00101720,-0.00005799,0.00003120
0.00101730,0.00015324,-0.00030871
0.00101740,0.00014923,-0.00063753
0.00101750,0.00032765,-0.00094199
0.00101760,0.00039831,-0.00120977
0.00101770,0.00040379,-0.00142996
0.00101780,0.00045932,-0.00159358
0.00101790,0.00033262,-0.00169393
0.00101800,0.00047340,-0.00172690
0.00101810,0.00058526,-0.00169114
0.00101820,0.00045062,-0.00158820
0.00101830,0.00035370,-0.00142246
0.00101840,0.00006042,-0.00120100
0.00101850,-0.00004442,-0.00093327
0.00101860,-0.00017478,-0.00063070
0.00101870,-0.00015470,-0.00030619
0.00101880,-0.00012453,0.00002653
0.00101890,-0.00010592,0.00035348
0.00101900,-0.00020951,0.00066107
0.00101910,-0.00041160,0.00093665
0.00101920,-0.00071663,0.00116908
0.00101930,-0.00079042,0.00134915
0.00101940,-0.00061351,0.00147004
0.00101950,-0.00075076,0.00152759
0.00101960,-0.00052915,0.00152049
0.00101970,-0.00062666,0.00145030
0.00101980,-0.00060224,0.00132135
0.00101990,-0.00042751,0.00114043
0.00102000,-0.00052629,0.00091643
0.00102010,-0.00046870,0.00065989
0.00102020,-0.00051774,0.00038251
0.00102030,-0.00036079,0.00009655
0.00102040,-0.00019981,-0.00018561
0.00102050,-0.00008351,-0.00045203
0.00102060,-0.00017056,-0.00069168
0.00102070,-0.00016028,-0.00089488
0.00102080,-0.00009462,-0.00105370
0.00102090,-0.00000994,-0.00116226
0.00102100,-0.00000125,-0.00121706
0.00102110,-0.00006756,-0.00121702
0.00102120,0.00001003,-0.00116358
0.00102130,-0.00013384,-0.00106057
0.00102140,-0.00013396,-0.00091398
0.00102150,-0.00011250,-0.00073169
0.00102160,-0.00019206,-0.00052300
0.00102170,-0.00009893,-0.00029818
0.00102180,-0.00027000,-0.00006788
0.00102190,-0.00029288,0.00015734
0.00102200,-0.00016962,0.00036762
0.00102210,-0.00004404,0.00055415
0.00102220,0.00001418,0.00070961
0.00102230,-0.00011113,0.00082838
0.00102240,-0.00015204,0.00090676
0.00102250,-0.00007408,0.00094300
0.00102260,-0.00010341,0.00093731
0.00102270,0.00001243,0.00089174
0.00102280,-0.00002149,0.00080997
0.00102290,0.00013915,0.00069709
0.00102300,0.00013840,0.00055929
0.00102310,0.00008027,0.00040351
0.00102320,-0.00000712,0.00023712
0.00102330,-0.00005510,0.00006757
0.00102340,-0.00004248,-0.00009797
0.00102350,-0.00025180,-0.00025289
0.00102360,-0.00031261,-0.00039146
0.00102370,-0.00028951,-0.00050902
0.00102380,-0.00046808,-0.00060216
0.00102390,-0.00057640,-0.00066872
0.00102400,-0.00055165,-0.00070783
0.00102410,-0.00050624,-0.00071978
0.00102420,-0.00025336,-0.00070592
0.00102430,-0.00037543,-0.00066846
0.00102440,-0.00041174,-0.00061033
0.00102450,-0.00048149,-0.00053489
0.00102460,-0.00048565,-0.00044583
0.00102470,-0.00048778,-0.00034694
0.00102480,-0.00062160,-0.00024198
0.00102490,-0.00024037,-0.00013456
0.00102500,-0.00027993,-0.00002803
0.00102510,-0.00018366,0.00007464
0.00102520,-0.00013029,0.00017092
0.00102530,-0.00024881,0.00025881
0.00102540,-0.00021377,0.00033678
0.00102550,-0.00020511,0.00040382
0.00102560,-0.00022020,0.00045934
0.00102570,-0.00001263,0.00050310
0.00102580,0.00002003,0.00053512
0.00102590,0.00004996,0.00055559
0.00102600,0.00020132,0.00056484
0.00102610,0.00009399,0.00056321
0.00102620,0.00013443,0.00055105
0.00102630,0.00009274,0.00052867
0.00102640,0.00006494,0.00049631
0.00102650,-0.00007171,0.00045415
0.00102660,-0.00014453,0.00040226
0.00102670,-0.00014200,0.00034067
0.00102680,-0.00011214,0.00026945
0.00102690,-0.00008559,0.00018875
0.00102700,-0.00026718,0.00009900
0.00102710,-0.00013994,0.00000104
0.00102720,-0.00014853,-0.00010379
0.00102730,-0.00034071,-0.00021356
0.00102740,-0.00048712,-0.00032572
0.00102750,-0.00061362,-0.00043720
0.00102760,-0.00037974,-0.00054450
0.00102770,-0.00045428,-0.00064388
0.00102780,-0.00038507,-0.00073151
0.00102790,-0.00042712,-0.00080363
0.00102800,-0.00056450,-0.00085672
0.00102810,-0.00059876,-0.00088760
0.00102820,-0.00049846,-0.00089356
0.00102830,-0.00040117,-0.00087246
0.00102840,-0.00034651,-0.00082288
0.00102850,-0.00021915,-0.00074423
0.00102860,-0.00031327,-0.00063690
0.00102870,-0.00025497,-0.00050235
0.00102880,-0.00012913,-0.00034320
0.00102890,0.00002357,-0.00016325
0.00102900,-0.00000013,0.00003257
0.00102910,0.00002706,0.00023824
0.00102920,0.00001432,0.00044686
0.00102930,-0.00001972,0.00065088
0.00102940,0.00019669,0.00084240
0.00102950,0.00018099,0.00101347
0.00102960,0.00024932,0.00115657
0.00102970,0.00032251,0.00126490
0.00102980,0.00004566,0.00133283
0.00102990,0.00003959,0.00135611
0.00103000,0.00019551,0.00133212
0.00103010,-0.00000152,0.00126002
0.00103020,-0.00009951,0.00114074
0.00103030,-0.00012267,0.00097707
0.00103040,-0.00015567,0.00077349
0.00103050,-0.00025292,0.00053615
0.00103060,-0.00025307,0.00027264
0.00103070,-0.00052473,-0.00000815
0.00103080,-0.00075509,-0.00029638
0.00103090,-0.00068175,-0.00058155
0.00103100,-0.00082079,-0.00085291
0.00103110,-0.00059702,-0.00109987
0.00103120,-0.00070535,-0.00131242
0.00103130,-0.00074002,-0.00148159
0.00103140,-0.00065866,-0.00159984
0.00103150,-0.00068277,-0.00166143
0.00103160,-0.00061906,-0.00166270
0.00103170,-0.00061962,-0.00160232
0.00103180,-0.00029116,-0.00148140
0.00103190,-0.00031776,-0.00130349
0.00103200,-0.00013945,-0.00107446
0.00103210,-0.00003657,-0.00080233
0.00103220,-0.00005633,-0.00049694
0.00103230,0.00016898,-0.00016962
0.00103240,0.00016404,0.00016729
0.00103250,0.00044640,0.00050088
0.00103260,0.00050736,0.00081822
0.00103270,0.00040882,0.00110687
0.00103280,0.00057989,0.00135540
0.00103290,0.00045771,0.00155388
0.00103300,0.00058010,0.00169427
0.00103310,0.00055881,0.00177081
0.00103320,0.00035927,0.00178020
0.00103330,0.00030652,0.00172180
0.00103340,0.00006941,0.00159762
0.00103350,0.00011274,0.00141231
0.00103360,-0.00008854,0.00117293
0.00103370,-0.00026133,0.00088879
0.00103380,-0.00017011,0.00057102
0.00103390,-0.00049003,0.00023220
0.00103400,-0.00047307,-0.00011420
0.00103410,-0.00058027,-0.00045441
0.00103420,-0.00079675,-0.00077496
0.00103430,-0.00077365,-0.00106328
0.00103440,-0.00081098,-0.00130819
0.00103450,-0.00093408,-0.00150041
0.00103460,-0.00091622,-0.00163287
0.00103470,-0.00091496,-0.00170094
0.00103480,-0.00117731,-0.00170261
0.00103490,-0.00106735,-0.00163846
0.00103500,-0.00090358,-0.00151167
0.00103510,-0.00095617,-0.00132780
0.00103520,-0.00074986,-0.00109462
0.00103530,-0.00060604,-0.00082177
0.00103540,-0.00044955,-0.00052041
0.00103550,-0.00003723,-0.00020274
0.00103560,0.00000489,0.00011844
0.00103570,0.00018121,0.00043034
0.00103580,0.00033713,0.00072064
0.00103590,0.00046880,0.00097805
0.00103600,0.00043035,0.00119278
0.00103610,0.00031970,0.00135688
0.00103620,0.00059054,0.00146464
0.00103630,0.00063407,0.00151274
0.00103640,0.00066024,0.00150036
0.00103650,0.00066688,0.00142919
0.00103660,0.00060303,0.00130325
0.00103670,0.00066371,0.00112864
0.00103680,0.00055308,0.00091326
0.00103690,0.00045103,0.00066639
0.00103700,0.00056413,0.00039831
0.00103710,0.00041830,0.00011989
0.00103720,0.00016263,-0.00015782
0.00103730,-0.00006546,-0.00042395
0.00103740,-0.00028198,-0.00066818
0.00103750,-0.00032371,-0.00088114
0.00103760,-0.00051094,-0.00105475
0.00103770,-0.00065307,-0.00118256
0.00103780,-0.00107131,-0.00126010
0.00103790,-0.00100614,-0.00128501
0.00103800,-0.00110973,-0.00125716
0.00103810,-0.00123689,-0.00117863
0.00103820,-0.00110943,-0.00105357
0.00103830,-0.00122361,-0.00088800
0.00103840,-0.00115386,-0.00068949
0.00103850,-0.00109257,-0.00046683
0.00103860,-0.00085518,-0.00022964
0.00103870,-0.00077675,0.00001201
0.00103880,-0.00063900,0.00024798
0.00103890,-0.00029800,0.00046854
0.00103900,-0.00030642,0.00066469
0.00103910,-0.00003828,0.00082859
0.00103920,0.00025097,0.00095387
0.00103930,0.00027197,0.00103592
0.00103940,0.00060693,0.00107205
0.00103950,0.00082332,0.00106156
0.00103960,0.00083610,0.00100579
0.00103970,0.00106204,0.00090801
0.00103980,0.00100887,0.00077326
0.00103990,0.00090436,0.00060811
0.00104000,0.00089141,0.00042035
0.00104010,0.00108700,0.00021863
0.00104020,0.00093526,0.00001208
0.00104030,0.00071265,-0.00019013
0.00104040,0.00049941,-0.00037915
0.00104050,0.00028517,-0.00054692
0.00104060,0.00001769,-0.00068643
0.00104070,-0.00023728,-0.00079212
0.00104080,-0.00036742,-0.00086007
0.00104090,-0.00054694,-0.00088816
0.00104100,-0.00080059,-0.00087611
0.00104110,-0.00110307,-0.00082547
0.00104120,-0.00104365,-0.00073946
0.00104130,-0.00127860,-0.00062275
0.00104140,-0.00133249,-0.00048122
0.00104150,-0.00153219,-0.00032162
0.00104160,-0.00157221,-0.00015130
0.00104170,-0.00131138,0.00002219
0.00104180,-0.00143264,0.00019134
0.00104190,-0.00130506,0.00034901
0.00104200,-0.00137632,0.00048864
0.00104210,-0.00116360,0.00060447
0.00104220,-0.00075548,0.00069178
0.00104230,-0.00050884,0.00074704
0.00104240,-0.00026642,0.00076810
0.00104250,-0.00018170,0.00075433
0.00104260,0.00010351,0.00070666
0.00104270,0.00042778,0.00062756
0.00104280,0.00062457,0.00052088
0.00104290,0.00068927,0.00039162
0.00104300,0.00094599,0.00024571
0.00104310,0.00099694,0.00008969
0.00104320,0.00096555,-0.00006963
0.00104330,0.00106078,-0.00022537
0.00104340,0.00097123,-0.00037094
0.00104350,0.00072995,-0.00050023
0.00104360,0.00064266,-0.00060791
0.00104370,0.00048495,-0.00068954
0.00104380,0.00037305,-0.00074182
0.00104390,0.00028583,-0.00076264
0.00104400,0.00004389,-0.00075116
0.00104410,-0.00025053,-0.00070781
0.00104420,-0.00037658,-0.00063426
0.00104430,-0.00046467,-0.00053331
0.00104440,-0.00075199,-0.00040887
0.00104450,-0.00075971,-0.00026576
0.00104460,-0.00097553,-0.00010954
0.00104470,-0.00102177,0.00005369
0.00104480,-0.00114496,0.00021755
0.00104490,-0.00112963,0.00037560
0.00104500,-0.00118799,0.00052165
0.00104510,-0.00102359,0.00064998
0.00104520,-0.00090071,0.00075555
0.00104530,-0.00095746,0.00083415
0.00104540,-0.00072783,0.00088251
0.00104550,-0.00062572,0.00089833
0.00104560,-0.00035293,0.00088039
0.00104570,-0.00018235,0.00082855
0.00104580,-0.00000179,0.00074381
0.00104590,-0.00001940,0.00062838
0.00104600,0.00016068,0.00048564
0.00104610,0.00032110,0.00032012
0.00104620,0.00041892,0.00013736
0.00104630,0.00040481,-0.00005628
0.00104640,0.00043414,-0.00025386
0.00104650,0.00041772,-0.00044811
0.00104660,0.00023684,-0.00063171
0.00104670,0.00046763,-0.00079760
0.00104680,0.00036691,-0.00093927
0.00104690,0.00034775,-0.00105092
0.00104700,0.00009048,-0.00112775
0.00104710,-0.00000569,-0.00116604
0.00104720,0.00007774,-0.00116332
0.00104730,0.00008397,-0.00111840
0.00104740,0.00019713,-0.00103153
0.00104750,-0.00001888,-0.00090433
0.00104760,-0.00020342,-0.00073989
0.00104770,-0.00019342,-0.00054272
0.00104780,-0.00031693,-0.00031866
0.00104790,-0.00032146,-0.00007481
0.00104800,-0.00046056,0.00018069
0.00104810,-0.00048630,0.00043885
0.00104820,-0.00034970,0.00069021
0.00104830,-0.00055364,0.00092510
0.00104840,-0.00054264,0.00113406
0.00104850,-0.00047068,0.00130819
0.00104860,-0.00051625,0.00143952
0.00104870,-0.00025317,0.00152140
0.00104880,-0.00029783,0.00154886
0.00104890,-0.00005448,0.00151888
0.00104900,-0.00008337,0.00143065
0.00104910,-0.00042627,0.00128570
0.00104920,-0.00044306,0.00108792
0.00104930,-0.00049338,0.00084347
0.00104940,-0.00046672,0.00056057
0.00104950,-0.00018013,0.00024917
0.00104960,-0.00003578,-0.00007942
0.00104970,-0.00017836,-0.00041298
0.00104980,-0.00016514,-0.00073885
0.00104990,-0.00020829,-0.00104439
0.00105000,-0.00030139,-0.00131748
0.00105010,-0.00008776,-0.00154700
0.00105020,-0.00011440,-0.00172323
0.00105030,-0.00008129,-0.00183833
0.00105040,-0.00019813,-0.00188664
0.00105050,-0.00016902,-0.00186498
0.00105060,-0.00016684,-0.00177286
0.00105070,-0.00023207,-0.00161251
0.00105080,-0.00012159,-0.00138888
0.00105090,0.00002182,-0.00110953
0.00105100,0.00010852,-0.00078434
0.00105110,0.00021290,-0.00042521
0.00105120,0.00015319,-0.00004562
0.00105130,0.00001866,0.00033999
0.00105140,0.00000282,0.00071670
0.00105150,0.00007266,0.00106984
0.00105160,-0.00007194,0.00138557
0.00105170,-0.00006166,0.00165149
0.00105180,0.00007955,0.00185713
0.00105190,-0.00004369,0.00199441
0.00105200,-0.00016089,0.00205788
0.00105210,-0.00037245,0.00204493
0.00105220,-0.00023404,0.00195588
0.00105230,-0.00013077,0.00179398
0.00105240,-0.00027394,0.00156526
0.00105250,-0.00018810,0.00127835
0.00105260,-0.00027563,0.00094412
0.00105270,-0.00012193,0.00057525
0.00105280,-0.00028267,0.00018577
0.00105290,-0.00051770,-0.00020951
0.00105300,-0.00050793,-0.00059563
0.00105310,-0.00059173,-0.00095804
0.00105320,-0.00051971,-0.00128322
0.00105330,-0.00068269,-0.00155916
0.00105340,-0.00049582,-0.00177586
0.00105350,-0.00049521,-0.00192563
0.00105360,-0.00044105,-0.00200339
0.00105370,-0.00027341,-0.00200681
0.00105380,-0.00043939,-0.00193632
0.00105390,-0.00030223,-0.00179513
0.00105400,-0.00027730,-0.00158908
0.00105410,-0.00039292,-0.00132645
0.00105420,-0.00009936,-0.00101760
0.00105430,-0.00003014,-0.00067461
0.00105440,-0.00017214,-0.00031076
0.00105450,-0.00008642,0.00005997
0.00105460,-0.00019706,0.00042351
0.00105470,0.00001203,0.00076621
0.00105480,0.00010463,0.00107543
0.00105490,0.00007324,0.00133999
0.00105500,0.00008829,0.00155058
0.00105510,-0.00002119,0.00170015
0.00105520,0.00006159,0.00178407
0.00105530,0.00012966,0.00180033
0.00105540,0.00011571,0.00174956
0.00105550,0.00014058,0.00163495
0.00105560,0.00020779,0.00146207
0.00105570,0.00002516,0.00123859
0.00105580,-0.00003043,0.00097392
0.00105590,-0.00001103,0.00067876
0.00105600,-0.00030337,0.00036473
0.00105610,-0.00051860,0.00004386
0.00105620,-0.00049456,-0.00027181
0.00105630,-0.00043602,-0.00057067
0.00105640,-0.00038813,-0.00084190
0.00105650,-0.00037410,-0.00107588
0.00105660,-0.00046681,-0.00126452
0.00105670,-0.00046196,-0.00140152
0.00105680,-0.00046670,-0.00148266
0.00105690,-0.00048566,-0.00150587
0.00105700,-0.00058003,-0.00147134
0.00105710,-0.00048890,-0.00138151
0.00105720,-0.00050526,-0.00124097
0.00105730,-0.00036811,-0.00105633
0.00105740,-0.00032002,-0.00083591
0.00105750,-0.00038507,-0.00058936
0.00105760,-0.00034557,-0.00032725
0.00105770,-0.00032764,-0.00006050
0.00105780,-0.00031129,0.00020012
0.00105790,-0.00025383,0.00044447
0.00105800,-0.00022542,0.00066343
0.00105810,0.00001221,0.00084924
0.00105820,0.00001028,0.00099572
0.00105830,0.00011464,0.00109848
0.00105840,0.00026149,0.00115499
0.00105850,0.00008634,0.00116461
0.00105860,0.00007258,0.00112859
0.00105870,0.00024756,0.00104993
0.00105880,0.00032263,0.00093321
0.00105890,0.00021269,0.00078432
0.00105900,0.00018769,0.00061022
0.00105910,0.00028196,0.00041864
0.00105920,0.00012663,0.00021773
0.00105930,0.00011335,0.00001572
0.00105940,0.00002862,-0.00017932
0.00105950,0.00020956,-0.00035990
0.00105960,0.00006022,-0.00051932
0.00105970,-0.00000426,-0.00065195
0.00105980,-0.00025896,-0.00075347
0.00105990,-0.00047459,-0.00082099
0.00106000,-0.00047103,-0.00085314
0.00106010,-0.00053888,-0.00085008
0.00106020,-0.00046056,-0.00081335
0.00106030,-0.00062575,-0.00074580
0.00106040,-0.00069248,-0.00065133
0.00106050,-0.00068385,-0.00053470
0.00106060,-0.00070674,-0.00040128
0.00106070,-0.00073621,-0.00025687
0.00106080,-0.00047130,-0.00010742
0.00106090,-0.00033538,0.00004118
0.00106100,-0.00033533,0.00018330
0.00106110,-0.00045637,0.00031378
0.00106120,-0.00037611,0.00042807
0.00106130,-0.00031271,0.00052241
0.00106140,-0.00035685,0.00059388
0.00106150,-0.00005868,0.00064050
0.00106160,0.00011337,0.00066123
0.00106170,0.00018824,0.00065598
0.00106180,0.00022686,0.00062558
0.00106190,0.00024346,0.00057172
0.00106200,0.00009196,0.00049689
0.00106210,0.00022306,0.00040422
0.00106220,0.00022483,0.00029739
0.00106230,0.00051628,0.00018047
0.00106240,0.00038343,0.00005779
0.00106250,0.00029243,-0.00006615
0.00106260,0.00038881,-0.00018688
0.00106270,0.00023691,-0.00030001
0.00106280,0.00011688,-0.00040144
0.00106290,0.00007147,-0.00048748
0.00106300,0.00002555,-0.00055503
0.00106310,-0.00030537,-0.00060169
0.00106320,-0.00023337,-0.00062586
0.00106330,-0.00030491,-0.00062679
0.00106340,-0.00058906,-0.00060454
0.00106350,-0.00070919,-0.00055992
0.00106360,-0.00057797,-0.00049447
0.00106370,-0.00051892,-0.00041038
0.00106380,-0.00058920,-0.00031044
0.00106390,-0.00088766,-0.00019800
0.00106400,-0.00076956,-0.00007691
0.00106410,-0.00059376,0.00004862
0.00106420,-0.00072787,0.00017415
0.00106430,-0.00035599,0.00029516
0.00106440,-0.00030403,0.00040727
0.00106450,-0.00051640,0.00050641
0.00106460,-0.00048313,0.00058897
0.00106470,-0.00029517,0.00065192
0.00106480,-0.00014861,0.00069296
0.00106490,-0.00023922,0.00071051
0.00106500,-0.00029763,0.00070382
0.00106510,-0.00005123,0.00067291
0.00106520,0.00014586,0.00061856
0.00106530,0.00025837,0.00054225
0.00106540,0.00033564,0.00044612
0.00106550,0.00027168,0.00033289
0.00106560,0.00033450,0.00020580
0.00106570,0.00041016,0.00006860
0.00106580,0.00023891,-0.00007453
0.00106590,0.00023033,-0.00021909
0.00106600,0.00020003,-0.00036037
0.00106610,0.00013438,-0.00049365
0.00106620,0.00009429,-0.00061431
0.00106630,-0.00015427,-0.00071803
0.00106640,-0.00012242,-0.00080091
0.00106650,-0.00048598,-0.00085960
0.00106660,-0.00049783,-0.00089144
0.00106670,-0.00030499,-0.00089455
0.00106680,-0.00044787,-0.00086788
0.00106690,-0.00044965,-0.00081132
0.00106700,-0.00056265,-0.00072569
0.00106710,-0.00045194,-0.00061279
0.00106720,-0.00047461,-0.00047534
0.00106730,-0.00049333,-0.00031702
0.00106740,-0.00045646,-0.00014232
0.00106750,-0.00035591,0.00004348
0.00106760,-0.00022913,0.00023444
0.00106770,-0.00018711,0.00042414
0.00106780,-0.00023361,0.00060584
0.00106790,-0.00005178,0.00077278
0.00106800,-0.00005894,0.00091839
0.00106810,-0.00004281,0.00103662
0.00106820,0.00000975,0.00112220
0.00106830,-0.00010862,0.00117085
0.00106840,-0.00006456,0.00117953
0.00106850,-0.00010829,0.00114656
0.00106860,-0.00012530,0.00107173
0.00106870,-0.00010149,0.00095633
0.00106880,0.00000491,0.00080319
0.00106890,0.00002175,0.00061661
0.00106900,-0.00013249,0.00040229
0.00106910,-0.00032412,0.00016718
0.00106920,-0.00032316,-0.00008068
0.00106930,-0.00026523,-0.00033241
0.00106940,-0.00034603,-0.00057865
0.00106950,-0.00032442,-0.00080983
0.00106960,-0.00023606,-0.00101660
0.00106970,-0.00023743,-0.00119026
0.00106980,-0.00016273,-0.00132311
0.00106990,-0.00026147,-0.00140886
0.00107000,-0.00026742,-0.00144296
0.00107010,-0.00032392,-0.00142287
0.00107020,-0.00035324,-0.00134818
0.00107030,-0.00039327,-0.00122072
0.00107040,-0.00035383,-0.00104449
0.00107050,-0.00041303,-0.00082557
0.00107060,-0.00045577,-0.00057188
0.00107070,-0.00049770,-0.00029289
0.00107080,-0.00027384,0.00000072
0.00107090,-0.00011402,0.00029753
0.00107100,-0.00022265,0.00058582
0.00107110,-0.00004783,0.00085404
0.00107120,-0.00000552,0.00109135
0.00107130,0.00005647,0.00128799
0.00107140,0.00004344,0.00143577
0.00107150,0.00014249,0.00152835
0.00107160,0.00007899,0.00156155
0.00107170,0.00003611,0.00153353
0.00107180,0.00021724,0.00144491
0.00107190,0.00005300,0.00129878
0.00107200,-0.00003059,0.00110068
0.00107210,0.00008437,0.00085843
0.00107220,0.00009038,0.00058182
0.00107230,-0.00010901,0.00028226
0.00107240,-0.00027950,-0.00002785
0.00107250,-0.00031020,-0.00033564
0.00107260,-0.00032399,-0.00062845
0.00107270,-0.00037092,-0.00089435
0.00107280,-0.00041727,-0.00112274
0.00107290,-0.00050627,-0.00130468
0.00107300,-0.00045186,-0.00143330
0.00107310,-0.00051351,-0.00150394
0.00107320,-0.00060226,-0.00151430
0.00107330,-0.00067791,-0.00146451
0.00107340,-0.00074429,-0.00135700
0.00107350,-0.00069120,-0.00119644
0.00107360,-0.00038698,-0.00098954
0.00107370,-0.00026140,-0.00074480
0.00107380,-0.00030294,-0.00047220
0.00107390,-0.00026995,-0.00018285
0.00107400,-0.00019430,0.00011146
0.00107410,-0.00008845,0.00039867
0.00107420,-0.00001992,0.00066701
0.00107430,0.00005373,0.00090547
0.00107440,0.00015652,0.00110430
0.00107450,0.00026213,0.00125547
0.00107460,0.00030271,0.00135302
0.00107470,0.00034222,0.00139335
0.00107480,0.00019495,0.00137538
0.00107490,0.00041167,0.00130053
0.00107500,0.00052359,0.00117267
0.00107510,0.00021120,0.00099781
0.00107520,0.00021347,0.00078386
0.00107530,0.00015102,0.00054014
0.00107540,0.00012491,0.00027706
0.00107550,0.00000537,0.00000561
0.00107560,-0.00022785,-0.00026299
0.00107570,-0.00034834,-0.00051781
0.00107580,-0.00026057,-0.00074853
0.00107590,-0.00035046,-0.00094587
0.00107600,-0.00030887,-0.00110190
0.00107610,-0.00054056,-0.00121042
0.00107620,-0.00062041,-0.00126719
0.00107630,-0.00065509,-0.00127014
0.00107640,-0.00065066,-0.00121947
0.00107650,-0.00060973,-0.00111765
0.00107660,-0.00064833,-0.00096926
0.00107670,-0.00060681,-0.00078077
0.00107680,-0.00077982,-0.00056024
0.00107690,-0.00067534,-0.00031697
0.00107700,-0.00064911,-0.00006104
0.00107710,-0.00048931,0.00019703
0.00107720,-0.00035450,0.00044671
0.00107730,-0.00007008,0.00067784
0.00107740,-0.00001671,0.00088096
0.00107750,-0.00014118,0.00104774
0.00107760,0.00007724,0.00117126
0.00107770,0.00013536,0.00124637
0.00107780,0.00007443,0.00126987
0.00107790,0.00010621,0.00124073
0.00107800,0.00009883,0.00116011
0.00107810,0.00008103,0.00103129
0.00107820,0.00025511,0.00085955
0.00107830,0.00026465,0.00065187
0.00107840,0.00030082,0.00041667
0.00107850,0.00022732,0.00016340
0.00107860,0.00030331,-0.00009783
0.00107870,0.00017793,-0.00035665
0.00107880,-0.00000494,-0.00060281
0.00107890,-0.00016093,-0.00082652
0.00107900,-0.00022560,-0.00101884
0.00107910,-0.00025341,-0.00117200
0.00107920,-0.00045204,-0.00127970
0.00107930,-0.00053383,-0.00133739
0.00107940,-0.00080148,-0.00134247
0.00107950,-0.00057544,-0.00129444
0.00107960,-0.00038348,-0.00119496
0.00107970,-0.00055103,-0.00104775
0.00107980,-0.00054200,-0.00085849
0.00107990,-0.00061684,-0.00063457
0.00108000,-0.00065736,-0.00038478
0.00108010,-0.00022435,-0.00011890
0.00108020,-0.00043363,0.00015264
0.00108030,-0.00028338,0.00041922
0.00108040,-0.00012868,0.00067043
0.00108050,-0.00019299,0.00089648
0.00108060,-0.00006734,0.00108857
0.00108070,0.00013396,0.00123923
0.00108080,0.00021760,0.00134258
0.00108090,0.00000802,0.00139460
0.00108100,0.00017575,0.00139327
0.00108110,0.00027397,0.00133861
0.00108120,0.00050151,0.00123276
0.00108130,0.00028760,0.00107985
0.00108140,0.00017911,0.00088589
0.00108150,0.00008501,0.00065850
0.00108160,-0.00004575,0.00040663
0.00108170,0.00016859,0.00014018
0.00108180,-0.00008310,-0.00013045
0.00108190,0.00000334,-0.00039480
0.00108200,-0.00023754,-0.00064273
0.00108210,-0.00030896,-0.00086486
0.00108220,-0.00047398,-0.00105287
0.00108230,-0.00044963,-0.00119983
0.00108240,-0.00028361,-0.00130040
0.00108250,-0.00046993,-0.00135102
0.00108260,-0.00041413,-0.00135008
0.00108270,-0.00056102,-0.00129794
0.00108280,-0.00049723,-0.00119701
0.00108290,-0.00026849,-0.00105164
0.00108300,-0.00023188,-0.00086796
0.00108310,-0.00035804,-0.00065361
0.00108320,-0.00028510,-0.00041740
0.00108330,-0.00018350,-0.00016892
0.00108340,-0.00010569,0.00008187
0.00108350,-0.00009111,0.00032506
0.00108360,0.00004164,0.00055121
0.00108370,-0.00017429,0.00075176
0.00108380,0.00000819,0.00091935
0.00108390,0.00011307,0.00104809
0.00108400,0.00012213,0.00113381
0.00108410,0.00015703,0.00117415
0.00108420,0.00011873,0.00116863
0.00108430,0.00017059,0.00111863
0.00108440,-0.00000151,0.00102728
0.00108450,-0.00001948,0.00089934
0.00108460,-0.00010311,0.00074093
0.00108470,-0.00011887,0.00055923
0.00108480,-0.00007204,0.00036220
0.00108490,-0.00012916,0.00015813
0.00108500,-0.00018423,-0.00004465
0.00108510,-0.00017472,-0.00023820
0.00108520,-0.00021170,-0.00041522
0.00108530,-0.00021573,-0.00056938
0.00108540,-0.00023525,-0.00069552
0.00108550,-0.00036290,-0.00078981
0.00108560,-0.00037986,-0.00084980
0.00108570,-0.00035786,-0.00087453
0.00108580,-0.00029125,-0.00086447
0.00108590,-0.00029159,-0.00082150
0.00108600,-0.00028000,-0.00074876
0.00108610,-0.00033064,-0.00065050
0.00108620,-0.00030933,-0.00053183
0.00108630,-0.00013601,-0.00039846
0.00108640,-0.00020331,-0.00025643
0.00108650,-0.00020674,-0.00011180
0.00108660,-0.00004030,0.00002963
0.00108670,-0.00025376,0.00016251
0.00108680,-0.00014062,0.00028218
0.00108690,0.00001520,0.00038474
0.00108700,0.00014050,0.00046718
0.00108710,0.00016745,0.00052735
0.00108720,0.00007544,0.00056409
0.00108730,0.00011269,0.00057711
0.00108740,-0.00002512,0.00056706
0.00108750,-0.00011274,0.00053549
0.00108760,-0.00013997,0.00048473
0.00108770,-0.00019308,0.00041783
0.00108780,-0.00017305,0.00033836
0.00108790,-0.00013308,0.00025027
0.00108800,-0.00016278,0.00015763
0.00108810,-0.00018433,0.00006446
0.00108820,-0.00032262,-0.00002550
0.00108830,-0.00027853,-0.00010898
0.00108840,-0.00028783,-0.00018327
0.00108850,-0.00042653,-0.00024637
0.00108860,-0.00012936,-0.00029695
0.00108870,-0.00013469,-0.00033433
0.00108880,-0.00028955,-0.00035840
0.00108890,-0.00021100,-0.00036951
0.00108900,-0.00034153,-0.00036836
0.00108910,-0.00032775,-0.00035594
0.00108920,-0.00010497,-0.00033348
0.00108930,-0.00007264,-0.00030233
0.00108940,-0.00007604,-0.00026397
0.00108950,0.00020555,-0.00021988
0.00108960,0.00016937,-0.00017154
0.00108970,0.00019113,-0.00012031
0.00108980,0.00014227,-0.00006743
0.00108990,0.00010241,-0.00001400
0.00109000,0.00007627,0.00003901
0.00109010,-0.00011931,0.00009076
0.00109020,0.00007828,0.00014047
0.00109030,-0.00015674,0.00018738
0.00109040,-0.00012216,0.00023077
0.00109050,-0.00013389,0.00026990
0.00109060,-0.00028791,0.00030397
0.00109070,-0.00016856,0.00033213
0.00109080,-0.00014487,0.00035349
0.00109090,-0.00016940,0.00036709
0.00109100,-0.00033859,0.00037197
0.00109110,-0.00031121,0.00036720
0.00109120,-0.00044316,0.00035195
0.00109130,-0.00029229,0.00032560
0.00109140,-0.00031020,0.00028773
0.00109150,-0.00040260,0.00023826
0.00109160,-0.00027644,0.00017750
0.00109170,-0.00017381,0.00010623
0.00109180,0.00007706,0.00002576
0.00109190,0.00002315,-0.00006199
0.00109200,-0.00005245,-0.00015452
0.00109210,-0.00017446,-0.00024878
0.00109220,-0.00003568,-0.00034125
0.00109230,-0.00016343,-0.00042807
0.00109240,-0.00016370,-0.00050529
0.00109250,-0.00011083,-0.00056902
0.00109260,-0.00005584,-0.00061572
0.00109270,0.00011079,-0.00064240
0.00109280,-0.00004112,-0.00064682
0.00109290,0.00023763,-0.00062757
0.00109300,-0.00009267,-0.00058415
0.00109310,-0.00024320,-0.00051697
0.00109320,-0.00025350,-0.00042734
0.00109330,-0.00026423,-0.00031745
0.00109340,-0.00031527,-0.00019037
0.00109350,-0.00032527,-0.00004998
0.00109360,-0.00016822,0.00009910
0.00109370,-0.00048331,0.00025165
0.00109380,-0.00032335,0.00040203
0.00109390,-0.00034103,0.00054436
0.00109400,-0.00045793,0.00067285
0.00109410,-0.00039263,0.00078198
0.00109420,-0.00070812,0.00086677
0.00109430,-0.00038828,0.00092297
0.00109440,-0.00046470,0.00094727
0.00109450,-0.00024681,0.00093748
0.00109460,-0.00011434,0.00089260
0.00109470,-0.00028632,0.00081300
0.00109480,-0.00034321,0.00070041
0.00109490,-0.00048576,0.00055796
0.00109500,-0.00021050,0.00039006
0.00109510,-0.00026844,0.00020229
0.00109520,-0.00003899,0.00000119
0.00109530,-0.00007836,-0.00020598
0.00109540,-0.00018538,-0.00041152
0.00109550,0.00003812,-0.00060755
0.00109560,0.00003865,-0.00078632
0.00109570,0.00016312,-0.00094052
0.00109580,0.00014589,-0.00106360
0.00109590,0.00008658,-0.00115007
0.00109600,-0.00005616,-0.00119572
0.00109610,-0.00021229,-0.00119790
0.00109620,-0.00016697,-0.00115560
0.00109630,-0.00016407,-0.00106957
0.00109640,-0.00024891,-0.00094225
0.00109650,-0.00032372,-0.00077768
0.00109660,-0.00050515,-0.00058135
0.00109670,-0.00042622,-0.00036002
0.00109680,-0.00060654,-0.00012147
0.00109690,-0.00029829,0.00012574
0.00109700,-0.00036536,0.00037249
0.00109710,-0.00046015,0.00060945
0.00109720,-0.00026600,0.00082741
0.00109730,-0.00023979,0.00101761
0.00109740,-0.00024009,0.00117214
0.00109750,-0.00028442,0.00128432
0.00109760,-0.00017445,0.00134898
0.00109770,0.00004352,0.00136277
0.00109780,0.00010292,0.00132437
0.00109790,0.00016607,0.00123456
0.00109800,0.00001399,0.00109627
0.00109810,0.00001488,0.00091447
0.00109820,0.00006867,0.00069594
0.00109830,-0.00008832,0.00044902
0.00109840,0.00006328,0.00018321
0.00109850,0.00008029,-0.00009119
0.00109860,-0.00003889,-0.00036351
0.00109870,0.00007672,-0.00062316
0.00109880,-0.00012560,-0.00086002
0.00109890,-0.00001681,-0.00106481
0.00109900,-0.00016006,-0.00122945
0.00109910,-0.00018102,-0.00134738
0.00109920,-0.00030090,-0.00141375
0.00109930,-0.00048915,-0.00142568
0.00109940,-0.00039998,-0.00138235
0.00109950,-0.00041353,-0.00128507
0.00109960,-0.00042120,-0.00113722
0.00109970,-0.00063628,-0.00094419
0.00109980,-0.00062158,-0.00071318
0.00109990,-0.00043329,-0.00045296
0.00110000,-0.00041062,-0.00017357
0.00110010,-0.00029443,0.00011409
0.00110020,-0.00028357,0.00039865
0.00110030,-0.00031517,0.00066872
0.00110040,-0.00018795,0.00091336
0.00110050,-0.00008477,0.00112258
0.00110060,0.00001042,0.00128778
0.00110070,-0.00001719,0.00140212
0.00110080,-0.00000183,0.00146091
0.00110090,0.00012814,0.00146172
0.00110100,0.00013405,0.00140447
0.00110110,0.00026215,0.00129143
0.00110120,0.00012917,0.00112704
0.00110130,0.00040393,0.00091774
0.00110140,0.00040584,0.00067167
0.00110150,0.00024014,0.00039841
0.00110160,0.00035133,0.00010860
0.00110170,0.00027591,-0.00018637
0.00110180,0.00005184,-0.00047482
0.00110190,-0.00013516,-0.00074514
0.00110200,-0.00012876,-0.00098636
0.00110210,-0.00022051,-0.00118853
0.00110220,-0.00025093,-0.00134327
0.00110230,-0.00043902,-0.00144410
0.00110240,-0.00049921,-0.00148682
0.00110250,-0.00041017,-0.00146969
0.00110260,-0.00034631,-0.00139346
0.00110270,-0.00034115,-0.00126142
0.00110280,-0.00063407,-0.00107911
0.00110290,-0.00062737,-0.00085414
0.00110300,-0.00052470,-0.00059575
0.00110310,-0.00060155,-0.00031447
0.00110320,-0.00046026,-0.00002159
0.00110330,-0.00037765,0.00027122
0.00110340,-0.00040684,0.00055239
0.00110350,-0.00036066,0.00081086
0.00110360,-0.00031142,0.00103646
0.00110370,-0.00039520,0.00122029
0.00110380,-0.00035865,0.00135505
0.00110390,-0.00023303,0.00143537
0.00110400,-0.00022708,0.00145797
0.00110410,-0.00004947,0.00142196
0.00110420,0.00010233,0.00132884
0.00110430,-0.00005037,0.00118254
0.00110440,-0.00007865,0.00098928
0.00110450,0.00001280,0.00075726
0.00110460,0.00012622,0.00049626
0.00110470,0.00006503,0.00021719
0.00110480,0.00000150,-0.00006846
0.00110490,-0.00012968,-0.00034912
0.00110500,-0.00015484,-0.00061359
0.00110510,-0.00035887,-0.00085153
0.00110520,-0.00022803,-0.00105376
0.00110530,-0.00013888,-0.00121266
0.00110540,-0.00007793,-0.00132239
0.00110550,-0.00014287,-0.00137908
0.00110560,-0.00029802,-0.00138095
0.00110570,-0.00035126,-0.00132837
0.00110580,-0.00043394,-0.00122377
0.00110590,-0.00018301,-0.00107160
0.00110600,-0.00017338,-0.00087806
0.00110610,-0.00011893,-0.00065097
0.00110620,-0.00032393,-0.00039941
0.00110630,-0.00017227,-0.00013341
0.00110640,-0.00019655,0.00013645
0.00110650,-0.00031210,0.00039942
0.00110660,-0.00028896,0.00064508
0.00110670,-0.00039624,0.00086370
0.00110680,-0.00024184,0.00104670
0.00110690,-0.00024991,0.00118697
0.00110700,-0.00018083,0.00127918
0.00110710,-0.00047264,0.00131996
0.00110720,-0.00067230,0.00130798
0.00110730,-0.00039687,0.00124406
0.00110740,-0.00009114,0.00113105
0.00110750,-0.00011104,0.00097380
0.00110760,-0.00019711,0.00077893
0.00110770,-0.00018356,0.00055453
0.00110780,-0.00029040,0.00030985
0.00110790,-0.00016812,0.00005486
0.00110800,0.00008525,-0.00020020
0.00110810,-0.00002847,-0.00044517
0.00110820,0.00001915,-0.00067047
0.00110830,0.00004833,-0.00086736
0.00110840,0.00005860,-0.00102832
0.00110850,0.00015218,-0.00114730
0.00110860,0.00006257,-0.00121993
0.00110870,0.00019647,-0.00124373
0.00110880,0.00009814,-0.00121815
0.00110890,0.00029855,-0.00114464
0.00110900,0.00014408,-0.00102657
0.00110910,0.00021291,-0.00086904
0.00110920,0.00021589,-0.00067871
0.00110930,-0.00015016,-0.00046345
0.00110940,0.00002900,-0.00023208
0.00110950,-0.00019452,0.00000606
0.00110960,-0.00011293,0.00024143
0.00110970,0.00003764,0.00046474
0.00110980,-0.00000658,0.00066729
0.00110990,-0.00013863,0.00084133
0.00111000,-0.00044331,0.00098037
0.00111010,-0.00049800,0.00107935
0.00111020,-0.00044341,0.00113485
0.00111030,-0.00045633,0.00114516
0.00111040,-0.00052245,0.00111031
0.00111050,-0.00060571,0.00103207
0.00111060,-0.00054489,0.00091386
0.00111070,-0.00043314,0.00076066
0.00111080,-0.00043204,0.00057878
0.00111090,-0.00023913,0.00037567
0.00111100,-0.00017044,0.00015957
0.00111110,-0.00016725,-0.00006078
0.00111120,-0.00006643,-0.00027654
0.00111130,-0.00008549,-0.00047908
0.00111140,-0.00012867,-0.00066038
0.00111150,-0.00001835,-0.00081333
0.00111160,0.00021102,-0.00093204
0.00111170,0.00005378,-0.00101200
0.00111180,0.00031771,-0.00105032
0.00111190,0.00049485,-0.00104571
0.00111200,0.00042108,-0.00099860
0.00111210,0.00049229,-0.00091104
0.00111220,0.00036717,-0.00078672
0.00111230,0.00035927,-0.00063079
0.00111240,0.00013771,-0.00044971
0.00111250,-0.00002772,-0.00025106
0.00111260,-0.00014894,-0.00004318
0.00111270,-0.00009468,0.00016514
0.00111280,-0.00020733,0.00036504
0.00111290,-0.00031625,0.00054798
0.00111300,-0.00029917,0.00070617
0.00111310,-0.00038764,0.00083291
0.00111320,-0.00053090,0.00092292
0.00111330,-0.00058761,0.00097254
0.00111340,-0.00072969,0.00097994
0.00111350,-0.00073798,0.00094517
0.00111360,-0.00080837,0.00087015
0.00111370,-0.00067294,0.00075856
0.00111380,-0.00066864,0.00061563
0.00111390,-0.00061529,0.00044784
0.00111400,-0.00049024,0.00026267
0.00111410,-0.00048721,0.00006815
0.00111420,-0.00032018,-0.00012740
0.00111430,-0.00035055,-0.00031575
0.00111440,-0.00023820,-0.00048909
0.00111450,-0.00004575,-0.00064030
0.00111460,0.00004698,-0.00076324
0.00111470,0.00009716,-0.00085298
0.00111480,0.00004701,-0.00090602
0.00111490,0.00019481,-0.00092038
0.00111500,0.00007544,-0.00089576
0.00111510,0.00019562,-0.00083343
0.00111520,0.00012665,-0.00073628
0.00111530,0.00012505,-0.00060863
0.00111540,0.00026273,-0.00045614
0.00111550,0.00022953,-0.00028555
0.00111560,0.00013214,-0.00010442
0.00111570,-0.00009855,0.00007928
0.00111580,-0.00015172,0.00025748
0.00111590,-0.00017863,0.00042243
0.00111600,-0.00027511,0.00056713
0.00111610,-0.00012697,0.00068565
0.00111620,-0.00030067,0.00077343
0.00111630,-0.00019948,0.00082746
0.00111640,-0.00030801,0.00084635
0.00111650,-0.00042575,0.00083030
0.00111660,-0.00031889,0.00078103
0.00111670,-0.00042768,0.00070155
0.00111680,-0.00037005,0.00059597
0.00111690,-0.00058576,0.00046925
0.00111700,-0.00038436,0.00032696
0.00111710,-0.00030339,0.00017510
0.00111720,-0.00041617,0.00001981
0.00111730,-0.00021378,-0.00013279
0.00111740,-0.00020678,-0.00027681
0.00111750,-0.00019693,-0.00040682
0.00111760,-0.00000229,-0.00051805
0.00111770,-0.00007736,-0.00060654
0.00111780,-0.00011996,-0.00066935
0.00111790,0.00003789,-0.00070465
0.00111800,0.00000339,-0.00071185
0.00111810,-0.00012704,-0.00069158
0.00111820,-0.00004280,-0.00064565
0.00111830,0.00001265,-0.00057695
0.00111840,0.00004629,-0.00048922
0.00111850,-0.00002461,-0.00038680
0.00111860,-0.00019303,-0.00027439
0.00111870,-0.00003597,-0.00015675
0.00111880,-0.00027862,-0.00003846
0.00111890,-0.00017715,0.00007621
0.00111900,-0.00018235,0.00018349
0.00111910,-0.00020861,0.00028013
0.00111920,-0.00011064,0.00036347
0.00111930,-0.00037134,0.00043146
0.00111940,-0.00018771,0.00048273
0.00111950,-0.00025757,0.00051658
0.00111960,-0.00015902,0.00053292
0.00111970,-0.00022533,0.00053230
0.00111980,-0.00015295,0.00051577
0.00111990,-0.00023561,0.00048483
0.00112000,-0.00029106,0.00044132
0.00112010,-0.00018759,0.00038730
0.00112020,-0.00030251,0.00032500
0.00112030,-0.00030264,0.00025664
0.00112040,-0.00018847,0.00018434
0.00112050,-0.00009102,0.00011004
0.00112060,-0.00004972,0.00003542
0.00112070,-0.00010377,-0.00003809
0.00112080,-0.00020375,-0.00010927
0.00112090,-0.00015884,-0.00017704
0.00112100,-0.00012648,-0.00024040
0.00112110,-0.00015396,-0.00029836
0.00112120,-0.00029971,-0.00034992
0.00112130,-0.00034694,-0.00039407
0.00112140,-0.00030423,-0.00042983
0.00112150,-0.00015012,-0.00045627
0.00112160,-0.00014992,-0.00047256
0.00112170,-0.00012218,-0.00047797
0.00112180,-0.00023399,-0.00047192
0.00112190,-0.00038018,-0.00045397
0.00112200,-0.00025357,-0.00042390
0.00112210,-0.00026176,-0.00038175
0.00112220,-0.00022220,-0.00032786
0.00112230,-0.00028804,-0.00026291
0.00112240,-0.00008645,-0.00018799
0.00112250,0.00002199,-0.00010458
0.00112260,-0.00018885,-0.00001453
0.00112270,-0.00025227,0.00008000
0.00112280,-0.00014136,0.00017656
0.00112290,-0.00002178,0.00027252
0.00112300,-0.00023904,0.00036502
0.00112310,-0.00024887,0.00045104
0.00112320,-0.00010679,0.00052742
0.00112330,-0.00003925,0.00059094
0.00112340,0.00002282,0.00063848
0.00112350,0.00006292,0.00066721
0.00112360,0.00010382,0.00067474
0.00112370,0.00008183,0.00065942
0.00112380,0.00016321,0.00062041
0.00112390,0.00018530,0.00055786
0.00112400,0.00001701,0.00047292
0.00112410,-0.00005022,0.00036775
0.00112420,-0.00012301,0.00024539
0.00112430,0.00021154,0.00010968
0.00112440,0.00015126,-0.00003491
0.00112450,-0.00005433,-0.00018346
0.00112460,-0.00018633,-0.00033076
0.00112470,-0.00001637,-0.00047145
0.00112480,-0.00010129,-0.00060022
0.00112490,-0.00052804,-0.00071194
0.00112500,-0.00023357,-0.00080180
0.00112510,-0.00031309,-0.00086557
0.00112520,-0.00031362,-0.00089971
0.00112530,-0.00022717,-0.00090161
0.00112540,-0.00027805,-0.00086975
0.00112550,-0.00031167,-0.00080388
0.00112560,-0.00038457,-0.00070512
0.00112570,-0.00041796,-0.00057603
0.00112580,-0.00027319,-0.00042060
0.00112590,-0.00033245,-0.00024413
0.00112600,-0.00025674,-0.00005306
0.00112610,-0.00023628,0.00014531
0.00112620,-0.00031826,0.00034316
0.00112630,-0.00026690,0.00053248
0.00112640,-0.00024986,0.00070547
0.00112650,0.00003338,0.00085490
0.00112660,-0.00020233,0.00097437
0.00112670,-0.00020972,0.00105860
0.00112680,-0.00020011,0.00110361
0.00112690,-0.00019333,0.00110684
0.00112700,-0.00007380,0.00106727
0.00112710,-0.00002195,0.00098549
0.00112720,0.00000901,0.00086378
0.00112730,-0.00014298,0.00070609
0.00112740,0.00005361,0.00051792
0.00112750,0.00012560,0.00030621
0.00112760,-0.00003162,0.00007902
0.00112770,-0.00002647,-0.00015474
0.00112780,0.00006724,-0.00038573
0.00112790,-0.00001028,-0.00060457
0.00112800,0.00004693,-0.00080225
0.00112810,-0.00002546,-0.00097056
0.00112820,-0.00013012,-0.00110245
0.00112830,0.00003454,-0.00119228
0.00112840,0.00001092,-0.00123610
0.00112850,-0.00006892,-0.00123178
0.00112860,-0.00024008,-0.00117909
0.00112870,-0.00020938,-0.00107970
0.00112880,-0.00040290,-0.00093715
0.00112890,-0.00040773,-0.00075669
0.00112900,-0.00046007,-0.00054516
0.00112910,-0.00045040,-0.00031069
0.00112920,-0.00032995,-0.00006247
0.00112930,-0.00053083,0.00018965
0.00112940,-0.00039445,0.00043552
0.00112950,-0.00039789,0.00066514
0.00112960,-0.00051186,0.00086905
0.00112970,-0.00053043,0.00103877
0.00112980,-0.00055235,0.00116712
0.00112990,-0.00037064,0.00124857
0.00113000,-0.00044107,0.00127944
0.00113010,-0.00031802,0.00125818
0.00113020,-0.00024694,0.00118544
0.00113030,-0.00016395,0.00106411
0.00113040,-0.00003127,0.00089926
0.00113050,-0.00008554,0.00069784
0.00113060,-0.00000949,0.00046846
0.00113070,-0.00011219,0.00022085
0.00113080,-0.00005159,-0.00003453
0.00113090,-0.00003208,-0.00028702
0.00113100,-0.00007906,-0.00052621
0.00113110,-0.00016159,-0.00074234
0.00113120,-0.00009109,-0.00092670
0.00113130,-0.00000351,-0.00107193
0.00113140,0.00015464,-0.00117221
0.00113150,0.00018191,-0.00122352
0.00113160,0.00024801,-0.00122374
0.00113170,0.00014954,-0.00117276
0.00113180,-0.00004824,-0.00107256
0.00113190,-0.00019898,-0.00092719
0.00113200,-0.00033298,-0.00074273
0.00113210,-0.00016100,-0.00052705
0.00113220,-0.00009425,-0.00028956
0.00113230,-0.00024562,-0.00004077
0.00113240,-0.00027533,0.00020825
0.00113250,-0.00028707,0.00044636
0.00113260,-0.00016754,0.00066300
0.00113270,-0.00033505,0.00084867
0.00113280,-0.00074480,0.00099541
0.00113290,-0.00068006,0.00109711
0.00113300,-0.00053801,0.00114973
0.00113310,-0.00043730,0.00115146
0.00113320,-0.00033363,0.00110272
0.00113330,-0.00027673,0.00100613
0.00113340,-0.00015748,0.00086635
0.00113350,-0.00028764,0.00068984
0.00113360,-0.00010305,0.00048460
0.00113370,0.00014304,0.00025977
0.00113380,-0.00011549,0.00002522
0.00113390,-0.00006925,-0.00020883
0.00113400,-0.00011843,-0.00043227
0.00113410,-0.00018086,-0.00063548
0.00113420,-0.00006641,-0.00080973
0.00113430,-0.00005207,-0.00094754
0.00113440,-0.00010263,-0.00104301
0.00113450,-0.00008274,-0.00109210
0.00113460,0.00015141,-0.00109286
0.00113470,0.00014883,-0.00104549
0.00113480,0.00024020,-0.00095231
0.00113490,0.00017846,-0.00081762
0.00113500,0.00001173,-0.00064752
0.00113510,-0.00016509,-0.00044951
0.00113520,-0.00004018,-0.00023227
0.00113530,0.00007633,-0.00000520
0.00113540,0.00003666,0.00022195
0.00113550,0.00009834,0.00043947
0.00113560,-0.00001462,0.00063805
0.00113570,-0.00013788,0.00080920
0.00113580,-0.00039227,0.00094559
0.00113590,-0.00046700,0.00104134
0.00113600,-0.00044079,0.00109231
0.00113610,-0.00031381,0.00109632
0.00113620,-0.00039559,0.00105326
0.00113630,-0.00051625,0.00096509
0.00113640,-0.00054620,0.00083576
0.00113650,-0.00066903,0.00067098
0.00113660,-0.00062271,0.00047792
0.00113670,-0.00041267,0.00026490
0.00113680,-0.00045075,0.00004096
0.00113690,-0.00041052,-0.00018448
0.00113700,-0.00041448,-0.00040206
0.00113710,-0.00034194,-0.00060281
0.00113720,-0.00037318,-0.00077853
0.00113730,-0.00036383,-0.00092211
0.00113740,-0.00017916,-0.00102784
0.00113750,-0.00006622,-0.00109162
0.00113760,0.00023356,-0.00111111
0.00113770,0.00033071,-0.00108586
0.00113780,0.00030414,-0.00101724
0.00113790,0.00025094,-0.00090836
0.00113800,0.00058121,-0.00076393
0.00113810,0.00035199,-0.00058996
0.00113820,0.00044903,-0.00039356
0.00113830,0.00047735,-0.00018258
0.00113840,0.00018514,0.00003465
0.00113850,0.00016489,0.00024966
0.00113860,-0.00018022,0.00045410
0.00113870,-0.00000783,0.00064011
0.00113880,-0.00008860,0.00080062
0.00113890,-0.00011817,0.00092962
0.00113900,-0.00029321,0.00102242
0.00113910,-0.00045825,0.00107585
0.00113920,-0.00057749,0.00108836
0.00113930,-0.00068862,0.00106001
0.00113940,-0.00056985,0.00099246
0.00113950,-0.00074802,0.00088885
0.00113960,-0.00087845,0.00075365
0.00113970,-0.00076902,0.00059239
0.00113980,-0.00072530,0.00041142
0.00113990,-0.00073662,0.00021761
0.00114000,-0.00075395,0.00001808
0.00114010,-0.00069411,-0.00018007
0.00114020,-0.00060750,-0.00037001
0.00114030,-0.00052146,-0.00054534
0.00114040,-0.00027451,-0.00070027
0.00114050,-0.00037705,-0.00082978
0.00114060,-0.00024932,-0.00092972
0.00114070,0.00005541,-0.00099693
0.00114080,0.00022893,-0.00102932
0.00114090,0.00041246,-0.00102597
0.00114100,0.00058774,-0.00098715
0.00114110,0.00063392,-0.00091438
0.00114120,0.00049502,-0.00081039
0.00114130,0.00056080,-0.00067904
0.00114140,0.00060860,-0.00052519
0.00114150,0.00061178,-0.00035447
0.00114160,0.00050711,-0.00017307
0.00114170,0.00053407,0.00001253
0.00114180,0.00042932,0.00019584
0.00114190,0.00009864,0.00037059
0.00114200,0.00018647,0.00053096
0.00114210,0.00028487,0.00067178
0.00114220,0.00010753,0.00078865
0.00114230,-0.00011025,0.00087805
0.00114240,-0.00048792,0.00093743
0.00114250,-0.00049869,0.00096522
0.00114260,-0.00069712,0.00096091
0.00114270,-0.00074239,0.00092502
0.00114280,-0.00070367,0.00085911
0.00114290,-0.00098742,0.00076571
0.00114300,-0.00096404,0.00064818
0.00114310,-0.00099149,0.00051061
0.00114320,-0.00077355,0.00035765
0.00114330,-0.00069035,0.00019431
0.00114340,-0.00067110,0.00002586
0.00114350,-0.00045135,-0.00014235
0.00114360,-0.00038738,-0.00030501
0.00114370,-0.00013261,-0.00045696
0.00114380,0.00009306,-0.00059332
0.00114390,0.00014689,-0.00070970
0.00114400,0.00001897,-0.00080227
0.00114410,0.00013033,-0.00086799
0.00114420,0.00036322,-0.00090465
0.00114430,0.00058398,-0.00091101
0.00114440,0.00077048,-0.00088684
0.00114450,0.00067623,-0.00083295
0.00114460,0.00062966,-0.00075117
0.00114470,0.00053019,-0.00064432
0.00114480,0.00041908,-0.00051608
0.00114490,0.00033698,-0.00037089
0.00114500,0.00012595,-0.00021382
0.00114510,0.00020156,-0.00005034
0.00114520,-0.00013208,0.00011383
0.00114530,-0.00012506,0.00027294
0.00114540,-0.00012129,0.00042144
0.00114550,-0.00037661,0.00055417
0.00114560,-0.00020110,0.00066657
0.00114570,-0.00060515,0.00075483
0.00114580,-0.00060511,0.00081604
0.00114590,-0.00060647,0.00084829
0.00114600,-0.00070991,0.00085068
0.00114610,-0.00065291,0.00082340
0.00114620,-0.00082588,0.00076765
0.00114630,-0.00071086,0.00068567
0.00114640,-0.00080871,0.00058059
0.00114650,-0.00067861,0.00045639
0.00114660,-0.00071347,0.00031773
0.00114670,-0.00079068,0.00016976
0.00114680,-0.00058397,0.00001795
0.00114690,-0.00041583,-0.00013217
0.00114700,-0.00008589,-0.00027521
0.00114710,-0.00024033,-0.00040609
0.00114720,-0.00012274,-0.00052031
0.00114730,0.00003910,-0.00061404
0.00114740,0.00005187,-0.00068425
0.00114750,0.00023616,-0.00072889
0.00114760,0.00009816,-0.00074686
0.00114770,0.00034939,-0.00073809
0.00114780,0.00042106,-0.00070353
0.00114790,0.00024210,-0.00064506
0.00114800,0.00031362,-0.00056542
0.00114810,0.00027383,-0.00046809
0.00114820,0.00047192,-0.00035706
0.00114830,0.00028442,-0.00023669
0.00114840,0.00014710,-0.00011151
0.00114850,-0.00008595,0.00001398
0.00114860,-0.00027012,0.00013538
0.00114870,-0.00030537,0.00024858
0.00114880,-0.00012636,0.00034987
0.00114890,-0.00021069,0.00043603
0.00114900,-0.00046649,0.00050447
0.00114910,-0.00045504,0.00055335
0.00114920,-0.00056509,0.00058158
0.00114930,-0.00038247,0.00058892
0.00114940,-0.00052538,0.00057593
0.00114950,-0.00048695,0.00054391
0.00114960,-0.00063397,0.00049475
0.00114970,-0.00066591,0.00043085
0.00114980,-0.00047257,0.00035498
0.00114990,-0.00039917,0.00027013
0.00115000,-0.00042952,0.00017949
0.00115010,-0.00051107,0.00008626
0.00115020,-0.00039224,-0.00000631
0.00115030,-0.00035074,-0.00009513
0.00115040,-0.00025382,-0.00017728
0.00115050,-0.00012795,-0.00025013
0.00115060,-0.00024756,-0.00031146
0.00115070,-0.00022241,-0.00035957
0.00115080,-0.00013439,-0.00039327
0.00115090,0.00001119,-0.00041201
0.00115100,0.00004205,-0.00041582
0.00115110,0.00007688,-0.00040529
0.00115120,0.00005080,-0.00038148
0.00115130,0.00000047,-0.00034591
0.00115140,-0.00019044,-0.00030038
0.00115150,-0.00010411,-0.00024693
0.00115160,-0.00018548,-0.00018774
0.00115170,-0.00011366,-0.00012502
0.00115180,-0.00007890,-0.00006100
0.00115190,0.00000477,0.00000216
0.00115200,-0.00000181,0.00006244
0.00115210,0.00000025,0.00011799
0.00115220,-0.00021821,0.00016723
0.00115230,-0.00025657,0.00020886
0.00115240,-0.00039725,0.00024194
0.00115250,-0.00019376,0.00026586
0.00115260,-0.00013499,0.00028033
0.00115270,-0.00026078,0.00028530
0.00115280,-0.00023555,0.00028093
0.00115290,-0.00039743,0.00026756
0.00115300,-0.00030192,0.00024565
0.00115310,-0.00041544,0.00021588
0.00115320,-0.00050978,0.00017906
0.00115330,-0.00046267,0.00013624
0.00115340,-0.00044328,0.00008866
0.00115350,-0.00026035,0.00003772
0.00115360,-0.00042875,-0.00001500
0.00115370,-0.00043676,-0.00006782
0.00115380,-0.00030788,-0.00011901
0.00115390,-0.00034432,-0.00016682
0.00115400,-0.00036716,-0.00020953
0.00115410,-0.00030456,-0.00024556
0.00115420,-0.00038730,-0.00027349
0.00115430,-0.00021778,-0.00029211
0.00115440,-0.00051695,-0.00030049
0.00115450,-0.00014841,-0.00029794
0.00115460,-0.00000489,-0.00028405
0.00115470,-0.00016291,-0.00025869
0.00115480,0.00002478,-0.00022209
0.00115490,-0.00019610,-0.00017485
0.00115500,-0.00022328,-0.00011807
0.00115510,-0.00030130,-0.00005332
0.00115520,-0.00007127,0.00001731
0.00115530,-0.00005053,0.00009125
0.00115540,0.00007369,0.00016556
0.00115550,0.00005589,0.00023700
0.00115560,-0.00003666,0.00030227
0.00115570,0.00004810,0.00035815
0.00115580,-0.00010607,0.00040171
0.00115590,-0.00005945,0.00043048
0.00115600,-0.00033600,0.00044260
0.00115610,-0.00041047,0.00043691
0.00115620,-0.00039550,0.00041303
0.00115630,-0.00031755,0.00037134
0.00115640,-0.00011940,0.00031290
0.00115650,-0.00015394,0.00023947
0.00115660,-0.00024149,0.00015338
0.00115670,-0.00024379,0.00005750
0.00115680,-0.00032013,-0.00004483
0.00115690,-0.00037540,-0.00014986
0.00115700,-0.00018639,-0.00025358
0.00115710,-0.00024626,-0.00035180
0.00115720,-0.00020952,-0.00044031
0.00115730,-0.00030940,-0.00051504
0.00115740,-0.00039572,-0.00057228
0.00115750,-0.00009163,-0.00060880
0.00115760,-0.00013113,-0.00062215
0.00115770,-0.00012816,-0.00061074
0.00115780,-0.00004385,-0.00057405
0.00115790,-0.00009698,-0.00051268
0.00115800,-0.00013351,-0.00042835
0.00115810,-0.00007526,-0.00032385
0.00115820,-0.00016592,-0.00020293
0.00115830,-0.00007023,-0.00007015
0.00115840,-0.00004109,0.00006933
0.00115850,-0.00012400,0.00020995
0.00115860,-0.00009746,0.00034596
0.00115870,-0.00032870,0.00047168
0.00115880,-0.00038802,0.00058169
0.00115890,-0.00057568,0.00067110
0.00115900,-0.00046263,0.00073580
0.00115910,-0.00033306,0.00077259
0.00115920,-0.00029140,0.00077941
0.00115930,-0.00023512,0.00075538
0.00115940,-0.00038198,0.00070091
0.00115950,-0.00028511,0.00061764
0.00115960,-0.00027958,0.00050840
0.00115970,-0.00030433,0.00037719
0.00115980,-0.00029505,0.00022897
0.00115990,-0.00015685,0.00006952
0.00116000,-0.00003232,-0.00009482
0.00116010,-0.00011564,-0.00025739
0.00116020,-0.00017873,-0.00041151
0.00116030,-0.00019900,-0.00055078
0.00116040,-0.00008292,-0.00066938
0.00116050,-0.00003831,-0.00076227
0.00116060,0.00004433,-0.00082549
0.00116070,0.00001690,-0.00085624
0.00116080,-0.00002164,-0.00085305
0.00116090,0.00004521,-0.00081583
0.00116100,0.00009094,-0.00074584
0.00116110,0.00014294,-0.00064565
0.00116120,0.00010766,-0.00051909
0.00116130,-0.00002861,-0.00037108
0.00116140,0.00002670,-0.00020750
0.00116150,-0.00030505,-0.00003498
0.00116160,-0.00034491,0.00013939
0.00116170,-0.00033632,0.00030829
0.00116180,-0.00057218,0.00046452
0.00116190,-0.00050523,0.00060133
0.00116200,-0.00057879,0.00071277
0.00116210,-0.00039003,0.00079395
0.00116220,-0.00042958,0.00084135
0.00116230,-0.00035623,0.00085295
0.00116240,-0.00037603,0.00082837
0.00116250,-0.00041106,0.00076889
0.00116260,-0.00045914,0.00067737
0.00116270,-0.00049806,0.00055806
0.00116280,-0.00021495,0.00041641
0.00116290,-0.00024337,0.00025877
0.00116300,-0.00014831,0.00009207
0.00116310,-0.00005488,-0.00007647
0.00116320,0.00009998,-0.00023972
0.00116330,0.00026354,-0.00039091
0.00116340,0.00015811,-0.00052387
0.00116350,-0.00001833,-0.00063330
0.00116360,0.00005000,-0.00071494
0.00116370,0.00032939,-0.00076569
0.00116380,0.00026049,-0.00078382
0.00116390,0.00020369,-0.00076895
0.00116400,0.00028662,-0.00072212
0.00116410,0.00016733,-0.00064567
0.00116420,-0.00003210,-0.00054312
0.00116430,-0.00005318,-0.00041900
0.00116440,-0.00020251,-0.00027864
0.00116450,-0.00026404,-0.00012794
0.00116460,-0.00049649,0.00002685
0.00116470,-0.00048281,0.00017937
0.00116480,-0.00057820,0.00032337
0.00116490,-0.00089833,0.00045302
0.00116500,-0.00095747,0.00056307
0.00116510,-0.00095300,0.00064910
0.00116520,-0.00102201,0.00070770
0.00116530,-0.00080315,0.00073663
0.00116540,-0.00070440,0.00073487
0.00116550,-0.00072539,0.00070268
0.00116560,-0.00059264,0.00064159
0.00116570,-0.00066195,0.00055432
0.00116580,-0.00033200,0.00044474
0.00116590,-0.00028689,0.00031765
0.00116600,-0.00005960,0.00017860
0.00116610,-0.00000858,0.00003355
0.00116620,0.00010291,-0.00011141
0.00116630,0.00020253,-0.00025039
0.00116640,0.00025503,-0.00037797
0.00116650,0.00043032,-0.00048937
0.00116660,0.00042257,-0.00058061
0.00116670,0.00046739,-0.00064860
0.00116680,0.00048975,-0.00069111
0.00116690,0.00054680,-0.00070684
0.00116700,0.00027877,-0.00069541
0.00116710,0.00040672,-0.00065740
0.00116720,0.00038625,-0.00059433
0.00116730,0.00036126,-0.00050869
0.00116740,0.00030264,-0.00040382
0.00116750,-0.00027190,-0.00028386
0.00116760,-0.00022888,-0.00015348
0.00116770,-0.00026303,-0.00001772
0.00116780,-0.00036997,0.00011826
0.00116790,-0.00052881,0.00024942
0.00116800,-0.00056871,0.00037099
0.00116810,-0.00070676,0.00047866
0.00116820,-0.00085846,0.00056869
0.00116830,-0.00093515,0.00063800
0.00116840,-0.00091905,0.00068429
0.00116850,-0.00082387,0.00070606
0.00116860,-0.00076235,0.00070269
0.00116870,-0.00054500,0.00067439
0.00116880,-0.00058065,0.00062224
0.00116890,-0.00055092,0.00054807
0.00116900,-0.00043462,0.00045447
0.00116910,-0.00048674,0.00034464
0.00116920,-0.00037452,0.00022230
0.00116930,-0.00009757,0.00009161
0.00116940,0.00002573,-0.00004304
0.00116950,0.00020682,-0.00017711
0.00116960,0.00018915,-0.00030606
0.00116970,0.00033855,-0.00042553
0.00116980,0.00022039,-0.00053148
0.00116990,0.00032757,-0.00062026
0.00117000,0.00011094,-0.00068879
0.00117010,0.00025244,-0.00073463
0.00117020,0.00041587,-0.00075602
0.00117030,0.00024344,-0.00075199
0.00117040,0.00042314,-0.00072237
0.00117050,0.00019065,-0.00066785
0.00117060,0.00023003,-0.00058992
0.00117070,0.00001659,-0.00049094
0.00117080,-0.00013524,-0.00037403
0.00117090,-0.00026750,-0.00024299
0.00117100,-0.00044339,-0.00010224
0.00117110,-0.00038980,0.00004345
0.00117120,-0.00057092,0.00018905
0.00117130,-0.00041143,0.00032954
0.00117140,-0.00059254,0.00046006
0.00117150,-0.00060991,0.00057607
0.00117160,-0.00060160,0.00067353
0.00117170,-0.00058063,0.00074895
0.00117180,-0.00070159,0.00079953
0.00117190,-0.00069279,0.00082324
0.00117200,-0.00058694,0.00081891
0.00117210,-0.00062776,0.00078627
0.00117220,-0.00057505,0.00072600
0.00117230,-0.00035489,0.00063973
0.00117240,-0.00016199,0.00053002
0.00117250,-0.00009172,0.00040035
0.00117260,0.00005740,0.00025502
0.00117270,-0.00005401,0.00009899
0.00117280,0.00008733,-0.00006221
0.00117290,0.00008825,-0.00022277
0.00117300,0.00008199,-0.00037676
0.00117310,0.00022034,-0.00051841
0.00117320,0.00021055,-0.00064232
0.00117330,0.00040427,-0.00074365
0.00117340,0.00006213,-0.00081832
0.00117350,0.00018444,-0.00086316
0.00117360,0.00021052,-0.00087608
0.00117370,0.00003728,-0.00085617
0.00117380,0.00022250,-0.00080377
0.00117390,0.00011735,-0.00072047
0.00117400,0.00009241,-0.00060914
0.00117410,-0.00000734,-0.00047378
0.00117420,-0.00015447,-0.00031945
0.00117430,-0.00014867,-0.00015206
0.00117440,-0.00028474,0.00002185
0.00117450,-0.00021877,0.00019537
0.00117460,-0.00027708,0.00036155
0.00117470,-0.00038838,0.00051366
0.00117480,-0.00026345,0.00064550
0.00117490,-0.00047801,0.00075162
0.00117500,-0.00053238,0.00082761
0.00117510,-0.00062631,0.00087023
0.00117520,-0.00053725,0.00087762
0.00117530,-0.00036234,0.00084938
0.00117540,-0.00056238,0.00078664
0.00117550,-0.00053712,0.00069200
0.00117560,-0.00032657,0.00056948
0.00117570,-0.00017418,0.00042430
0.00117580,-0.00016101,0.00026269
0.00117590,-0.00026123,0.00009155
0.00117600,-0.00018269,-0.00008186
0.00117610,0.00003863,-0.00025024
0.00117620,0.00007638,-0.00040661
0.00117630,0.00013756,-0.00054452
0.00117640,0.00015596,-0.00065838
0.00117650,0.00002365,-0.00074362
0.00117660,0.00011368,-0.00079686
0.00117670,0.00023746,-0.00081607
0.00117680,0.00022784,-0.00080064
0.00117690,0.00023422,-0.00075146
0.00117700,0.00012787,-0.00067090
0.00117710,0.00023176,-0.00056277
0.00117720,0.00020094,-0.00043212
0.00117730,0.00010070,-0.00028505
0.00117740,0.00023291,-0.00012837
0.00117750,-0.00014123,0.00003079
0.00117760,-0.00012828,0.00018532
0.00117770,-0.00020198,0.00032853
0.00117780,-0.00030563,0.00045445
0.00117790,-0.00025543,0.00055803
0.00117800,-0.00034878,0.00063538
0.00117810,-0.00022021,0.00068383
0.00117820,-0.00030310,0.00070199
0.00117830,-0.00039635,0.00068976
0.00117840,-0.00029342,0.00064827
0.00117850,-0.00053305,0.00057987
0.00117860,-0.00038637,0.00048791
0.00117870,-0.00047803,0.00037668
0.00117880,-0.00053339,0.00025122
0.00117890,-0.00042322,0.00011710
0.00117900,-0.00052366,-0.00001978
0.00117910,-0.00024970,-0.00015347
0.00117920,-0.00025507,-0.00027818
0.00117930,-0.00020907,-0.00038860
0.00117940,0.00001029,-0.00048013
0.00117950,-0.00011681,-0.00054904
0.00117960,0.00010833,-0.00059271
0.00117970,-0.00012361,-0.00060968
0.00117980,-0.00004325,-0.00059968
0.00117990,0.00003821,-0.00056367
0.00118000,0.00012298,-0.00050369
0.00118010,0.00042375,-0.00042277
0.00118020,0.00018074,-0.00032475
0.00118030,0.00031478,-0.00021415
0.00118040,0.00012326,-0.00009592
0.00118050,-0.00001603,0.00002473
0.00118060,0.00003864,0.00014259
0.00118070,-0.00005396,0.00025266
0.00118080,0.00015747,0.00035034
0.00118090,0.00006483,0.00043165
0.00118100,-0.00013848,0.00049339
0.00118110,-0.00030960,0.00053327
0.00118120,-0.00015301,0.00055002
0.00118130,-0.00022797,0.00054342
0.00118140,-0.00036570,0.00051432
0.00118150,-0.00041059,0.00046450
0.00118160,-0.00044162,0.00039656
0.00118170,-0.00062816,0.00031376
0.00118180,-0.00083329,0.00021988
0.00118190,-0.00083938,0.00011902
0.00118200,-0.00088210,0.00001545
0.00118210,-0.00072454,-0.00008652
0.00118220,-0.00069578,-0.00018279
0.00118230,-0.00042519,-0.00026961
0.00118240,-0.00047164,-0.00034372
0.00118250,-0.00045618,-0.00040255
0.00118260,-0.00037348,-0.00044426
0.00118270,-0.00040156,-0.00046782
0.00118280,-0.00009100,-0.00047299
0.00118290,-0.00016630,-0.00046029
0.00118300,-0.00016224,-0.00043091
0.00118310,0.00010823,-0.00038660
0.00118320,0.00007638,-0.00032955
0.00118330,0.00003306,-0.00026232
0.00118340,-0.00001845,-0.00018773
0.00118350,0.00001587,-0.00010873
0.00118360,0.00031586,-0.00002832
0.00118370,0.00030901,0.00005059
0.00118380,0.00034574,0.00012524
0.00118390,0.00030124,0.00019311
0.00118400,0.00014003,0.00025203
0.00118410,0.00004433,0.00030028
0.00118420,0.00003945,0.00033661
0.00118430,-0.00005312,0.00036030
0.00118440,-0.00017391,0.00037115
0.00118450,-0.00019403,0.00036943
0.00118460,-0.00017306,0.00035586
0.00118470,-0.00021737,0.00033149
0.00118480,-0.00043996,0.00029765
0.00118490,-0.00041952,0.00025582
0.00118500,-0.00030767,0.00020757
0.00118510,-0.00053391,0.00015449
0.00118520,-0.00046919,0.00009817
0.00118530,-0.00050153,0.00004020
0.00118540,-0.00047680,-0.00001787
0.00118550,-0.00051164,-0.00007450
0.00118560,-0.00062562,-0.00012818
0.00118570,-0.00041748,-0.00017747
0.00118580,-0.00046309,-0.00022099
0.00118590,-0.00023358,-0.00025753
0.00118600,-0.00010502,-0.00028602
0.00118610,-0.00022760,-0.00030565
0.00118620,-0.00004760,-0.00031584
0.00118630,0.00000021,-0.00031636
0.00118640,0.00003345,-0.00030724
0.00118650,0.00004905,-0.00028882
0.00118660,-0.00001409,-0.00026164
0.00118670,0.00011573,-0.00022647
0.00118680,0.00014404,-0.00018420
0.00118690,0.00002608,-0.00013592
0.00118700,0.00001014,-0.00008280
0.00118710,0.00004943,-0.00002620
0.00118720,-0.00016518,0.00003240
0.00118730,-0.00013049,0.00009135
0.00118740,-0.00004350,0.00014890
0.00118750,-0.00028578,0.00020315
0.00118760,-0.00045868,0.00025214
0.00118770,-0.00056852,0.00029392
0.00118780,-0.00062914,0.00032663
0.00118790,-0.00055301,0.00034864
0.00118800,-0.00037500,0.00035864
0.00118810,-0.00064041,0.00035574
0.00118820,-0.00045729,0.00033953
0.00118830,-0.00044075,0.00031013
0.00118840,-0.00047295,0.00026817
0.00118850,-0.00022804,0.00021481
0.00118860,-0.00031088,0.00015171
0.00118870,-0.00026493,0.00008099
0.00118880,-0.00034557,0.00000511
0.00118890,-0.00014771,-0.00007316
0.00118900,-0.00028740,-0.00015089
0.00118910,-0.00007223,-0.00022507
0.00118920,0.00037373,-0.00029272
0.00118930,0.00018205,-0.00035104
0.00118940,0.00031417,-0.00039745
0.00118950,0.00006429,-0.00042974
0.00118960,0.00019359,-0.00044613
0.00118970,0.00033795,-0.00044530
0.00118980,0.00027261,-0.00042658
0.00118990,0.00016989,-0.00038995
0.00119000,0.00000960,-0.00033618
0.00119010,-0.00006282,-0.00026685
0.00119020,-0.00012883,-0.00018439
0.00119030,-0.00011852,-0.00009198
0.00119040,-0.00024790,0.00000655
0.00119050,-0.00037405,0.00010696
0.00119060,-0.00045567,0.00020484
0.00119070,-0.00034050,0.00029585
0.00119080,-0.00043537,0.00037599
0.00119090,-0.00058220,0.00044176
0.00119100,-0.00068816,0.00049029
0.00119110,-0.00079628,0.00051944
0.00119120,-0.00050963,0.00052786
0.00119130,-0.00055329,0.00051503
0.00119140,-0.00036303,0.00048128
0.00119150,-0.00039437,0.00042782
0.00119160,-0.00046932,0.00035668
0.00119170,-0.00051548,0.00027068
0.00119180,-0.00029569,0.00017330
0.00119190,-0.00014881,0.00006861
0.00119200,-0.00015689,-0.00003896
0.00119210,0.00019467,-0.00014479
0.00119220,0.00025696,-0.00024426
0.00119230,0.00035152,-0.00033308
0.00119240,0.00042119,-0.00040743
0.00119250,0.00038083,-0.00046422
0.00119260,0.00052923,-0.00050121
0.00119270,0.00053751,-0.00051715
0.00119280,0.00053101,-0.00051177
0.00119290,0.00049029,-0.00048577
0.00119300,0.00010138,-0.00044075
0.00119310,0.00014193,-0.00037905
0.00119320,0.00002654,-0.00030364
0.00119330,-0.00026402,-0.00021792
0.00119340,-0.00041057,-0.00012556
0.00119350,-0.00051923,-0.00003040
0.00119360,-0.00054949,0.00006372
0.00119370,-0.00078501,0.00015302
0.00119380,-0.00078596,0.00023396
0.00119390,-0.00105453,0.00030324
0.00119400,-0.00117409,0.00035805
0.00119410,-0.00112297,0.00039611
0.00119420,-0.00092421,0.00041588
0.00119430,-0.00085308,0.00041664
0.00119440,-0.00073234,0.00039858
0.00119450,-0.00070619,0.00036285
0.00119460,-0.00086568,0.00031144
0.00119470,-0.00073123,0.00024715
0.00119480,-0.00052762,0.00017337
0.00119490,-0.00033802,0.00009396
0.00119500,-0.00012665,0.00001298
0.00119510,0.00004632,-0.00006545
0.00119520,0.00005794,-0.00013745
0.00119530,0.00014634,-0.00019953
0.00119540,0.00023082,-0.00024876
0.00119550,0.00039643,-0.00028297
0.00119560,0.00030046,-0.00030081
0.00119570,0.00039744,-0.00030180
0.00119580,0.00040433,-0.00028639
0.00119590,0.00062540,-0.00025587
0.00119600,0.00049051,-0.00021233
0.00119610,0.00032969,-0.00015848
0.00119620,0.00034211,-0.00009749
0.00119630,0.00031644,-0.00003278
0.00119640,0.00022266,0.00003217
0.00119650,-0.00021665,0.00009404
0.00119660,-0.00021159,0.00014976
0.00119670,-0.00030841,0.00019661
0.00119680,-0.00020957,0.00023232
0.00119690,-0.00059649,0.00025509
0.00119700,-0.00073456,0.00026369
0.00119710,-0.00100483,0.00025753
0.00119720,-0.00112863,0.00023671
0.00119730,-0.00100193,0.00020213
0.00119740,-0.00126194,0.00015543
0.00119750,-0.00096069,0.00009903
0.00119760,-0.00111651,0.00003588
0.00119770,-0.00090165,-0.00003063
0.00119780,-0.00089129,-0.00009696
0.00119790,-0.00078558,-0.00015966
0.00119800,-0.00054910,-0.00021552
0.00119810,-0.00068784,-0.00026179
0.00119820,-0.00023401,-0.00029626
0.00119830,-0.00010902,-0.00031730
0.00119840,0.00013093,-0.00032390
0.00119850,0.00026777,-0.00031564
0.00119860,0.00044345,-0.00029269
0.00119870,0.00043786,-0.00025576
0.00119880,0.00061997,-0.00020611
0.00119890,0.00070442,-0.00014548
0.00119900,0.00073119,-0.00007612
0.00119910,0.00093243,-0.00000067
0.00119920,0.00084209,0.00007782
0.00119930,0.00080883,0.00015602
0.00119940,0.00059632,0.00023044
0.00119950,0.00063389,0.00029761
0.00119960,0.00041893,0.00035423
0.00119970,0.00033412,0.00039746
0.00119980,-0.00013281,0.00042504
0.00119990,-0.00023480,0.00043541
0.00120000,-0.00020956,0.00042787
0.00120010,-0.00041596,0.00040251
0.00120020,-0.00051474,0.00036025
0.00120030,-0.00084182,0.00030275
0.00120040,-0.00085231,0.00023229
0.00120050,-0.00107217,0.00015163
0.00120060,-0.00098047,0.00006390
0.00120070,-0.00091752,-0.00002751
0.00120080,-0.00108389,-0.00011911
0.00120090,-0.00098266,-0.00020735
0.00120100,-0.00092443,-0.00028879
0.00120110,-0.00075748,-0.00036021
0.00120120,-0.00061942,-0.00041878
0.00120130,-0.00068014,-0.00046214
0.00120140,-0.00049419,-0.00048861
0.00120150,-0.00016653,-0.00049722
0.00120160,-0.00013891,-0.00048782
0.00120170,0.00020161,-0.00046100
0.00120180,0.00037451,-0.00041810
0.00120190,0.00055259,-0.00036106
0.00120200,0.00056227,-0.00029234
0.00120210,0.00059755,-0.00021477
0.00120220,0.00067327,-0.00013140
0.00120230,0.00069540,-0.00004533
0.00120240,0.00086096,0.00004040
0.00120250,0.00076240,0.00012293
0.00120260,0.00066220,0.00019970
0.00120270,0.00070328,0.00026847
0.00120280,0.00058330,0.00032742
0.00120290,0.00038734,0.00037512
0.00120300,0.00008305,0.00041058
0.00120310,-0.00017821,0.00043327
0.00120320,-0.00024471,0.00044304
0.00120330,-0.00045312,0.00044017
0.00120340,-0.00049654,0.00042528
0.00120350,-0.00043497,0.00039926
0.00120360,-0.00051153,0.00036327
0.00120370,-0.00066538,0.00031859
0.00120380,-0.00081377,0.00026666
0.00120390,-0.00081585,0.00020896
0.00120400,-0.00091249,0.00014706
0.00120410,-0.00086170,0.00008254
0.00120420,-0.00099455,0.00001698
0.00120430,-0.00088551,-0.00004812
0.00120440,-0.00084948,-0.00011133
0.00120450,-0.00063115,-0.00017139
0.00120460,-0.00046475,-0.00022714
0.00120470,-0.00040466,-0.00027757
0.00120480,-0.00028354,-0.00032171
0.00120490,-0.00019342,-0.00035864
0.00120500,0.00013141,-0.00038743
0.00120510,0.00009003,-0.00040718
0.00120520,0.00027464,-0.00041702
0.00120530,0.00026327,-0.00041626
0.00120540,0.00048859,-0.00040439
0.00120550,0.00061675,-0.00038122
0.00120560,0.00033183,-0.00034690
0.00120570,0.00035796,-0.00030199
0.00120580,0.00040783,-0.00024744
0.00120590,0.00048510,-0.00018456
0.00120600,0.00025986,-0.00011497
0.00120610,0.00023193,-0.00004052
0.00120620,0.00019732,0.00003669
0.00120630,0.00016411,0.00011446
0.00120640,-0.00009302,0.00019047
0.00120650,-0.00012758,0.00026239
0.00120660,-0.00024752,0.00032794
0.00120670,-0.00050469,0.00038494
0.00120680,-0.00078248,0.00043137
0.00120690,-0.00082062,0.00046542
0.00120700,-0.00076647,0.00048554
0.00120710,-0.00082460,0.00049055
0.00120720,-0.00083257,0.00047967
0.00120730,-0.00083966,0.00045270
0.00120740,-0.00073168,0.00041008
0.00120750,-0.00094963,0.00035292
0.00120760,-0.00078625,0.00028300
0.00120770,-0.00063035,0.00020268
0.00120780,-0.00046884,0.00011474
0.00120790,-0.00042165,0.00002229
0.00120800,-0.00046494,-0.00007145
0.00120810,-0.00007345,-0.00016319
0.00120820,-0.00006014,-0.00024978
0.00120830,0.00006564,-0.00032820
0.00120840,0.00009145,-0.00039571
0.00120850,0.00022710,-0.00044986
0.00120860,0.00040809,-0.00048862
0.00120870,0.00056352,-0.00051041
0.00120880,0.00049231,-0.00051427
0.00120890,0.00036665,-0.00049987
0.00120900,0.00017937,-0.00046761
0.00120910,0.00026651,-0.00041864
0.00120920,0.00020614,-0.00035483
0.00120930,0.00018128,-0.00027871
0.00120940,0.00012670,-0.00019338
0.00120950,0.00000381,-0.00010235
0.00120960,-0.00014839,-0.00000936
0.00120970,-0.00033661,0.00008181
0.00120980,-0.00023621,0.00016749
0.00120990,-0.00049167,0.00024437
0.00121000,-0.00059194,0.00030960
0.00121010,-0.00069664,0.00036093
0.00121020,-0.00061559,0.00039677
0.00121030,-0.00062118,0.00041630
0.00121040,-0.00043389,0.00041941
0.00121050,-0.00068227,0.00040672
0.00121060,-0.00074369,0.00037946
0.00121070,-0.00052643,0.00033940
0.00121080,-0.00060396,0.00028875
0.00121090,-0.00046940,0.00023005
0.00121100,-0.00044613,0.00016603
0.00121110,-0.00020873,0.00009953
0.00121120,-0.00017479,0.00003332
0.00121130,-0.00000184,-0.00003002
0.00121140,0.00007091,-0.00008813
0.00121150,-0.00000485,-0.00013902
0.00121160,-0.00001166,-0.00018106
0.00121170,0.00000749,-0.00021302
0.00121180,0.00037510,-0.00023413
0.00121190,0.00028853,-0.00024406
0.00121200,0.00055413,-0.00024300
0.00121210,0.00061271,-0.00023165
0.00121220,0.00058276,-0.00021120
0.00121230,0.00044559,-0.00018330
0.00121240,-0.00005452,-0.00014992
0.00121250,-0.00004666,-0.00011317
0.00121260,0.00006169,-0.00007520
0.00121270,0.00002616,-0.00003798
0.00121280,-0.00011176,-0.00000325
0.00121290,-0.00033486,0.00002759
0.00121300,-0.00028909,0.00005345
0.00121310,-0.00037594,0.00007357
0.00121320,-0.00042214,0.00008748
0.00121330,-0.00051004,0.00009502
0.00121340,-0.00076098,0.00009626
0.00121350,-0.00073687,0.00009156
0.00121360,-0.00079133,0.00008151
0.00121370,-0.00075362,0.00006699
0.00121380,-0.00073564,0.00004911
0.00121390,-0.00077194,0.00002920
0.00121400,-0.00074923,0.00000870
0.00121410,-0.00072459,-0.00001087
0.00121420,-0.00081372,-0.00002808
0.00121430,-0.00058659,-0.00004163
0.00121440,-0.00047057,-0.00005053
0.00121450,-0.00029614,-0.00005412
0.00121460,-0.00004643,-0.00005216
0.00121470,-0.00005819,-0.00004483
0.00121480,0.00002131,-0.00003271
0.00121490,0.00008321,-0.00001674
0.00121500,0.00009073,0.00000184
0.00121510,0.00024922,0.00002167
0.00121520,0.00040359,0.00004131
0.00121530,0.00037336,0.00005939
0.00121540,0.00044878,0.00007463
0.00121550,0.00040450,0.00008597
0.00121560,0.00044409,0.00009255
0.00121570,0.00033131,0.00009374
0.00121580,0.00035226,0.00008920
0.00121590,0.00020059,0.00007890
0.00121600,0.00003232,0.00006313
0.00121610,-0.00004347,0.00004256
0.00121620,-0.00004673,0.00001826
0.00121630,-0.00004544,-0.00000838
0.00121640,-0.00041226,-0.00003563
0.00121650,-0.00061065,-0.00006160
0.00121660,-0.00072147,-0.00008440
0.00121670,-0.00072803,-0.00010231
0.00121680,-0.00067759,-0.00011397
0.00121690,-0.00053171,-0.00011851
0.00121700,-0.00057621,-0.00011559
0.00121710,-0.00059762,-0.00010544
0.00121720,-0.00067238,-0.00008880
0.00121730,-0.00086868,-0.00006686
0.00121740,-0.00072255,-0.00004113
0.00121750,-0.00057327,-0.00001337
0.00121760,-0.00059172,0.00001456
0.00121770,-0.00038698,0.00004082
0.00121780,-0.00041061,0.00006370
0.00121790,-0.00021530,0.00008172
0.00121800,-0.00007350,0.00009370
0.00121810,-0.00013668,0.00009879
0.00121820,0.00006680,0.00009652
0.00121830,0.00008401,0.00008684
0.00121840,0.00009160,0.00007011
0.00121850,0.00018018,0.00004714
0.00121860,0.00017964,0.00001914
0.00121870,0.00015535,-0.00001230
0.00121880,0.00007779,-0.00004528
0.00121890,0.00025890,-0.00007770
0.00121900,0.00034355,-0.00010737
0.00121910,0.00015334,-0.00013207
0.00121920,0.00026077,-0.00014974
0.00121930,0.00016553,-0.00015856
0.00121940,-0.00014280,-0.00015711
0.00121950,-0.00018538,-0.00014453
0.00121960,-0.00027775,-0.00012066
0.00121970,-0.00043941,-0.00008607
0.00121980,-0.00045400,-0.00004215
0.00121990,-0.00057191,0.00000899
0.00122000,-0.00071494,0.00006464
0.00122010,-0.00069268,0.00012167
0.00122020,-0.00065980,0.00017673
0.00122030,-0.00072355,0.00022652
0.00122040,-0.00067956,0.00026798
0.00122050,-0.00065458,0.00029845
0.00122060,-0.00074905,0.00031582
0.00122070,-0.00057623,0.00031860
0.00122080,-0.00052103,0.00030598
0.00122090,-0.00037474,0.00027780
0.00122100,-0.00039667,0.00023457
0.00122110,-0.00025092,0.00017748
0.00122120,-0.00017881,0.00010834
0.00122130,-0.00028384,0.00002961
0.00122140,0.00016537,-0.00005567
0.00122150,0.00015502,-0.00014395
0.00122160,0.00026485,-0.00023121
0.00122170,0.00032290,-0.00031322
0.00122180,0.00027906,-0.00038566
0.00122190,0.00033588,-0.00044444
0.00122200,0.00029187,-0.00048597
0.00122210,0.00022617,-0.00050736
0.00122220,0.00031159,-0.00050670
0.00122230,-0.00002047,-0.00048312
0.00122240,-0.00015116,-0.00043688
0.00122250,-0.00013623,-0.00036937
0.00122260,-0.00029985,-0.00028296
0.00122270,-0.00028713,-0.00018094
0.00122280,-0.00046104,-0.00006734
0.00122290,-0.00056478,0.00005322
0.00122300,-0.00059917,0.00017576
0.00122310,-0.00063202,0.00029507
0.00122320,-0.00072027,0.00040592
0.00122330,-0.00048272,0.00050327
0.00122340,-0.00055884,0.00058245
0.00122350,-0.00056994,0.00063942
0.00122360,-0.00046204,0.00067097
0.00122370,-0.00083120,0.00067491
0.00122380,-0.00074732,0.00065021
0.00122390,-0.00057815,0.00059713
0.00122400,-0.00019893,0.00051725
0.00122410,-0.00021816,0.00041346
0.00122420,-0.00020518,0.00028985
0.00122430,-0.00003275,0.00015156
0.00122440,-0.00010983,0.00000450
0.00122450,0.00011703,-0.00014496
0.00122460,0.00023335,-0.00029031
0.00122470,0.00017048,-0.00042528
0.00122480,0.00012935,-0.00054410
0.00122490,0.00021048,-0.00064179
0.00122500,0.00022651,-0.00071430
0.00122510,0.00025443,-0.00075866
0.00122520,0.00015010,-0.00077303
0.00122530,0.00013333,-0.00075681
0.00122540,-0.00009758,-0.00071062
0.00122550,-0.00000609,-0.00063628
0.00122560,-0.00014962,-0.00053679
0.00122570,-0.00028358,-0.00041618
0.00122580,-0.00028193,-0.00027938
0.00122590,-0.00048837,-0.00013199
0.00122600,-0.00052374,0.00001996
0.00122610,-0.00061289,0.00017029
0.00122620,-0.00061874,0.00031292
0.00122630,-0.00063878,0.00044214
0.00122640,-0.00063848,0.00055285
0.00122650,-0.00062197,0.00064078
0.00122660,-0.00052158,0.00070266
0.00122670,-0.00062558,0.00073641
0.00122680,-0.00042548,0.00074119
0.00122690,-0.00037361,0.00071744
0.00122700,-0.00019991,0.00066689
0.00122710,-0.00012764,0.00059238
0.00122720,-0.00019503,0.00049766
0.00122730,-0.00021113,0.00038716
0.00122740,-0.00024250,0.00026569
0.00122750,-0.00007160,0.00013824
0.00122760,0.00012709,0.00000977
0.00122770,0.00027853,-0.00011498
0.00122780,0.00029889,-0.00023158
0.00122790,0.00020538,-0.00033606
0.00122800,0.00022077,-0.00042501
0.00122810,0.00030755,-0.00049566
0.00122820,0.00016184,-0.00054600
0.00122830,0.00027869,-0.00057483
0.00122840,0.00023416,-0.00058183
0.00122850,0.00003990,-0.00056756
0.00122860,-0.00016031,-0.00053347
0.00122870,-0.00050649,-0.00048177
0.00122880,-0.00043206,-0.00041537
0.00122890,-0.00046957,-0.00033764
0.00122900,-0.00052389,-0.00025227
0.00122910,-0.00047107,-0.00016303
0.00122920,-0.00063564,-0.00007350
0.00122930,-0.00084975,0.00001303
0.00122940,-0.00100585,0.00009379
0.00122950,-0.00093390,0.00016652
0.00122960,-0.00066312,0.00022955
0.00122970,-0.00063021,0.00028175
0.00122980,-0.00063249,0.00032252
0.00122990,-0.00051284,0.00035165
0.00123000,-0.00049593,0.00036929
0.00123010,-0.00046278,0.00037586
0.00123020,-0.00028268,0.00037200
0.00123030,-0.00003874,0.00035855
0.00123040,-0.00004769,0.00033652
0.00123050,0.00015471,0.00030707
0.00123060,0.00008839,0.00027145
0.00123070,0.00024277,0.00023091
0.00123080,0.00027557,0.00018670
0.00123090,0.00042844,0.00013994
0.00123100,0.00040842,0.00009163
0.00123110,0.00049692,0.00004264
0.00123120,0.00055281,-0.00000628
0.00123130,0.00035699,-0.00005447
0.00123140,0.00032604,-0.00010131
0.00123150,0.00008653,-0.00014619
0.00123160,0.00003674,-0.00018848
0.00123170,-0.00008311,-0.00022749
0.00123180,-0.00036949,-0.00026246
0.00123190,-0.00035324,-0.00029250
0.00123200,-0.00050514,-0.00031666
0.00123210,-0.00052331,-0.00033392
0.00123220,-0.00066392,-0.00034328
0.00123230,-0.00083350,-0.00034385
0.00123240,-0.00069750,-0.00033490
0.00123250,-0.00081722,-0.00031599
0.00123260,-0.00077499,-0.00028699
0.00123270,-0.00046421,-0.00024812
0.00123280,-0.00066395,-0.00020000
0.00123290,-0.00073697,-0.00014364
0.00123300,-0.00063563,-0.00008041
0.00123310,-0.00055973,-0.00001205
0.00123320,-0.00047157,0.00005943
0.00123330,-0.00044052,0.00013171
0.00123340,-0.00032658,0.00020230
0.00123350,-0.00029958,0.00026856
0.00123360,-0.00009686,0.00032786
0.00123370,-0.00003253,0.00037765
0.00123380,0.00010625,0.00041564
0.00123390,-0.00007144,0.00043991
0.00123400,0.00018320,0.00044902
0.00123410,0.00028044,0.00044212
0.00123420,0.00018850,0.00041901
0.00123430,0.00031842,0.00038018
0.00123440,0.00013149,0.00032683
0.00123450,0.00029683,0.00026081
0.00123460,0.00041645,0.00018461
0.00123470,0.00018862,0.00010124
0.00123480,0.00017894,0.00001407
0.00123490,-0.00003401,-0.00007328
0.00123500,-0.00014519,-0.00015720
0.00123510,-0.00015958,-0.00023428
0.00123520,-0.00027027,-0.00030146
0.00123530,-0.00033775,-0.00035622
0.00123540,-0.00059626,-0.00039667
0.00123550,-0.00055601,-0.00042156
0.00123560,-0.00048482,-0.00043032
0.00123570,-0.00058870,-0.00042300
0.00123580,-0.00053510,-0.00040024
0.00123590,-0.00057624,-0.00036323
0.00123600,-0.00057083,-0.00031372
0.00123610,-0.00078290,-0.00025396
0.00123620,-0.00082616,-0.00018663
0.00123630,-0.00068313,-0.00011474
0.00123640,-0.00039497,-0.00004152
0.00123650,-0.00035565,0.00002978
0.00123660,-0.00039849,0.00009604
0.00123670,-0.00042971,0.00015445
0.00123680,-0.00055913,0.00020265
0.00123690,-0.00017939,0.00023888
0.00123700,-0.00031343,0.00026204
0.00123710,-0.00013853,0.00027175
0.00123720,0.00008120,0.00026841
0.00123730,0.00012482,0.00025316
0.00123740,0.00043724,0.00022774
0.00123750,0.00017703,0.00019442
0.00123760,0.00030177,0.00015579
0.00123770,0.00026606,0.00011457
0.00123780,0.00024718,0.00007345
0.00123790,0.00040578,0.00003494
0.00123800,0.00000472,0.00000121
0.00123810,-0.00005351,-0.00002595
0.00123820,-0.00009897,-0.00004527
0.00123830,-0.00004280,-0.00005599
0.00123840,-0.00004608,-0.00005794
0.00123850,-0.00029461,-0.00005155
0.00123860,-0.00027182,-0.00003786
0.00123870,-0.00032721,-0.00001848
0.00123880,-0.00040319,0.00000454
0.00123890,-0.00055344,0.00002884
0.00123900,-0.00069812,0.00005196
0.00123910,-0.00044774,0.00007149
0.00123920,-0.00058334,0.00008528
0.00123930,-0.00058764,0.00009162
0.00123940,-0.00052458,0.00008933
0.00123950,-0.00047003,0.00007790
0.00123960,-0.00057843,0.00005748
0.00123970,-0.00060531,0.00002882
0.00123980,-0.00031061,-0.00000672
0.00123990,-0.00028076,-0.00004737
0.00124000,-0.00025230,-0.00009101
0.00124010,-0.00020937,-0.00013530
0.00124020,-0.00018396,-0.00017777
0.00124030,-0.00031588,-0.00021597
0.00124040,-0.00015972,-0.00024757
0.00124050,-0.00008099,-0.00027050
0.00124060,0.00011915,-0.00028305
0.00124070,-0.00000205,-0.00028396
0.00124080,0.00007213,-0.00027256
0.00124090,0.00022788,-0.00024876
0.00124100,0.00019244,-0.00021310
0.00124110,0.00027328,-0.00016670
0.00124120,0.00005336,-0.00011127
0.00124130,0.00004921,-0.00004899
0.00124140,-0.00000647,0.00001758
0.00124150,0.00018795,0.00008558
0.00124160,0.00003377,0.00015202
0.00124170,-0.00018317,0.00021391
0.00124180,-0.00010115,0.00026843
0.00124190,-0.00017421,0.00031308
0.00124200,-0.00016807,0.00034581
0.00124210,-0.00021561,0.00036518
0.00124220,-0.00037892,0.00037038
0.00124230,-0.00019241,0.00036130
0.00124240,-0.00052505,0.00033849
0.00124250,-0.00056689,0.00030311
0.00124260,-0.00056984,0.00025686
0.00124270,-0.00032008,0.00020189
0.00124280,-0.00022076,0.00014066
0.00124290,-0.00044531,0.00007583
0.00124300,-0.00041209,0.00001010
0.00124310,-0.00053452,-0.00005389
0.00124320,-0.00044250,-0.00011365
0.00124330,-0.00044334,-0.00016700
0.00124340,-0.00038790,-0.00021208
0.00124350,-0.00017451,-0.00024741
0.00124360,-0.00028267,-0.00027198
0.00124370,-0.00011437,-0.00028523
0.00124380,-0.00015610,-0.00028713
0.00124390,-0.00013157,-0.00027818
0.00124400,-0.00001864,-0.00025942
0.00124410,-0.00002711,-0.00023238
0.00124420,0.00024630,-0.00019898
0.00124430,0.00005015,-0.00016140
0.00124440,0.00013169,-0.00012193
0.00124450,0.00029857,-0.00008277
0.00124460,0.00013854,-0.00004588
0.00124470,0.00011667,-0.00001287
0.00124480,-0.00007006,0.00001511
0.00124490,-0.00002549,0.00003743
0.00124500,-0.00007370,0.00005393
0.00124510,-0.00003849,0.00006494
0.00124520,0.00008186,0.00007118
0.00124530,-0.00020516,0.00007365
0.00124540,-0.00037831,0.00007355
0.00124550,-0.00035767,0.00007211
0.00124560,-0.00036172,0.00007050
0.00124570,-0.00041528,0.00006979
0.00124580,-0.00048782,0.00007081
0.00124590,-0.00055849,0.00007417
0.00124600,-0.00060770,0.00008018
0.00124610,-0.00049010,0.00008887
0.00124620,-0.00050869,0.00009999
0.00124630,-0.00037210,0.00011295
0.00124640,-0.00040591,0.00012690
0.00124650,-0.00044068,0.00014067
0.00124660,-0.00038844,0.00015285
0.00124670,-0.00038375,0.00016185
0.00124680,-0.00009714,0.00016604
0.00124690,-0.00018095,0.00016383
0.00124700,0.00010683,0.00015388
0.00124710,0.00026905,0.00013523
0.00124720,0.00020702,0.00010743
0.00124730,0.00019247,0.00007063
0.00124740,0.00008292,0.00002562
0.00124750,0.00015943,-0.00002619
0.00124760,0.00000333,-0.00008282
0.00124770,0.00020470,-0.00014185
0.00124780,0.00004835,-0.00020047
0.00124790,-0.00004437,-0.00025562
0.00124800,0.00001774,-0.00030416
0.00124810,-0.00005942,-0.00034297
0.00124820,-0.00004867,-0.00036916
0.00124830,-0.00006889,-0.00038031
0.00124840,-0.00024841,-0.00037457
0.00124850,-0.00019532,-0.00035092
0.00124860,-0.00040674,-0.00030918
0.00124870,-0.00030649,-0.00025013
0.00124880,-0.00036036,-0.00017552
0.00124890,-0.00050610,-0.00008795
0.00124900,-0.00051355,0.00000918
0.00124910,-0.00075156,0.00011178
0.00124920,-0.00078681,0.00021528
0.00124930,-0.00087055,0.00031474
0.00124940,-0.00077598,0.00040511
0.00124950,-0.00047977,0.00048145
0.00124960,-0.00048972,0.00053925
0.00124970,-0.00042053,0.00057467
0.00124980,-0.00044630,0.00058480
0.00124990,-0.00023648,0.00056787
0.00125000,-0.00005656,0.00052340
0.00125010,-0.00007394,0.00045224
0.00125020,0.00025536,0.00035657
0.00125030,0.00009820,0.00023983
0.00125040,0.00043194,0.00010656
0.00125050,0.00040997,-0.00003776
0.00125060,0.00038645,-0.00018697
0.00125070,0.00038656,-0.00033445
0.00125080,0.00010330,-0.00047343
0.00125090,0.00012608,-0.00059728
0.00125100,0.00003446,-0.00069980
0.00125110,0.00028575,-0.00077551
0.00125120,0.00014132,-0.00081998
0.00125130,-0.00007072,-0.00082999
0.00125140,-0.00006729,-0.00080372
0.00125150,-0.00032822,-0.00074093
0.00125160,-0.00037166,-0.00064299
0.00125170,-0.00040112,-0.00051290
0.00125180,-0.00057523,-0.00035525
0.00125190,-0.00050256,-0.00017606
0.00125200,-0.00058659,0.00001741
0.00125210,-0.00069721,0.00021699
0.00125220,-0.00087968,0.00041397
0.00125230,-0.00101311,0.00059948
0.00125240,-0.00076015,0.00076491
0.00125250,-0.00090600,0.00090236
0.00125260,-0.00067655,0.00100501
0.00125270,-0.00064975,0.00106750
0.00125280,-0.00070777,0.00108620
0.00125290,-0.00038964,0.00105941
0.00125300,-0.00048216,0.00098748
0.00125310,-0.00028361,0.00087279
0.00125320,-0.00005046,0.00071964
0.00125330,0.00015192,0.00053404
0.00125340,0.00024377,0.00032350
0.00125350,0.00014505,0.00009667
0.00125360,0.00034816,-0.00013703
0.00125370,0.00040251,-0.00036775
0.00125380,0.00046779,-0.00058567
0.00125390,0.00055598,-0.00078145
0.00125400,0.00047610,-0.00094663
0.00125410,0.00062920,-0.00107408
0.00125420,0.00062841,-0.00115828
0.00125430,0.00040982,-0.00119559
0.00125440,0.00021168,-0.00118444
0.00125450,0.00007846,-0.00112532
0.00125460,-0.00006692,-0.00102075
0.00125470,-0.00023280,-0.00087517
0.00125480,-0.00027147,-0.00069469
0.00125490,-0.00064396,-0.00048684
0.00125500,-0.00049666,-0.00026032
0.00125510,-0.00065349,-0.00002456
0.00125520,-0.00078779,0.00021058
0.00125530,-0.00088713,0.00043528
0.00125540,-0.00087080,0.00064017
0.00125550,-0.00076832,0.00081679
0.00125560,-0.00086913,0.00095793
0.00125570,-0.00062092,0.00105799
0.00125580,-0.00080642,0.00111325
0.00125590,-0.00064229,0.00112198
0.00125600,-0.00058525,0.00108448
0.00125610,-0.00033762,0.00100303
0.00125620,-0.00047077,0.00088176
0.00125630,-0.00032661,0.00072643
0.00125640,-0.00008843,0.00054419
0.00125650,0.00001825,0.00034325
0.00125660,0.00012757,0.00013257
0.00125670,0.00015637,-0.00007858
0.00125680,0.00046101,-0.00028101
0.00125690,0.00043214,-0.00046608
0.00125700,0.00044072,-0.00062607
0.00125710,0.00039757,-0.00075457
0.00125720,0.00054601,-0.00084677
0.00125730,0.00045805,-0.00089967
0.00125740,0.00035253,-0.00091216
0.00125750,0.00024729,-0.00088502
0.00125760,0.00002072,-0.00082081
0.00125770,-0.00000262,-0.00072370
0.00125780,-0.00020299,-0.00059919
0.00125790,-0.00031741,-0.00045380
0.00125800,-0.00028683,-0.00029477
0.00125810,-0.00046896,-0.00012963
0.00125820,-0.00049886,0.00003403
0.00125830,-0.00052353,0.00018900
0.00125840,-0.00061542,0.00032867
0.00125850,-0.00075744,0.00044735
0.00125860,-0.00088164,0.00054047
0.00125870,-0.00084586,0.00060478
0.00125880,-0.00074976,0.00063851
0.00125890,-0.00054791,0.00064136
0.00125900,-0.00051331,0.00061458
0.00125910,-0.00053533,0.00056082
0.00125920,-0.00053877,0.00048396
0.00125930,-0.00037543,0.00038886
0.00125940,-0.00025025,0.00028107
0.00125950,-0.00011103,0.00016650
0.00125960,0.00003856,0.00005108
0.00125970,-0.00000504,-0.00005955
0.00125980,0.00002805,-0.00016031
0.00125990,0.00022704,-0.00024694
0.00126000,0.00043314,-0.00031613
0.00126010,0.00059734,-0.00036567
0.00126020,0.00046363,-0.00039441
0.00126030,0.00027539,-0.00040230
0.00126040,0.00036912,-0.00039028
0.00126050,0.00030457,-0.00036022
0.00126060,0.00014716,-0.00031475
0.00126070,0.00007353,-0.00025712
0.00126080,-0.00002532,-0.00019099
0.00126090,-0.00008883,-0.00012024
0.00126100,-0.00032114,-0.00004876
0.00126110,-0.00033637,0.00001981
0.00126120,-0.00023080,0.00008222
0.00126130,-0.00045528,0.00013578
0.00126140,-0.00053592,0.00017849
0.00126150,-0.00059121,0.00020906
0.00126160,-0.00047013,0.00022697
0.00126170,-0.00030302,0.00023244
0.00126180,-0.00042208,0.00022632
0.00126190,-0.00067553,0.00021007
0.00126200,-0.00071084,0.00018557
0.00126210,-0.00064338,0.00015501
0.00126220,-0.00054011,0.00012070
0.00126230,-0.00048301,0.00008496
0.00126240,-0.00044568,0.00004992
0.00126250,-0.00027262,0.00001743
0.00126260,-0.00026140,-0.00001104
0.00126270,-0.00024140,-0.00003451
0.00126280,-0.00014698,-0.00005246
0.00126290,-0.00009210,-0.00006491
0.00126300,0.00004289,-0.00007231
0.00126310,0.00029498,-0.00007550
0.00126320,0.00025220,-0.00007552
0.00126330,0.00021881,-0.00007354
0.00126340,0.00036470,-0.00007071
0.00126350,0.00022953,-0.00006807
0.00126360,0.00018492,-0.00006648
0.00126370,0.00014565,-0.00006660
0.00126380,0.00015777,-0.00006878
0.00126390,0.00000090,-0.00007311
0.00126400,-0.00006251,-0.00007937
0.00126410,-0.00003014,-0.00008701
0.00126420,-0.00016974,-0.00009524
0.00126430,-0.00028095,-0.00010301
0.00126440,-0.00047626,-0.00010909
0.00126450,-0.00034247,-0.00011210
0.00126460,-0.00043433,-0.00011071
0.00126470,-0.00063003,-0.00010367
0.00126480,-0.00048770,-0.00009002
0.00126490,-0.00075100,-0.00006917
0.00126500,-0.00064787,-0.00004099
0.00126510,-0.00078845,-0.00000592
0.00126520,-0.00057170,0.00003505
0.00126530,-0.00053204,0.00008037
0.00126540,-0.00045252,0.00012802
0.00126550,-0.00034681,0.00017556
0.00126560,-0.00035364,0.00022032
0.00126570,-0.00024394,0.00025952
0.00126580,-0.00020954,0.00029044
0.00126590,-0.00013667,0.00031062
0.00126600,-0.00018456,0.00031796
0.00126610,-0.00003642,0.00031089
0.00126620,0.00008968,0.00028846
0.00126630,0.00022934,0.00025046
0.00126640,0.00010346,0.00019751
0.00126650,0.00002000,0.00013114
0.00126660,0.00007566,0.00005374
0.00126670,0.00005684,-0.00003145
0.00126680,0.00029387,-0.00012049
0.00126690,0.00005753,-0.00020895
0.00126700,0.00006062,-0.00029215
0.00126710,-0.00007297,-0.00036544
0.00126720,-0.00005829,-0.00042455
0.00126730,0.00006049,-0.00046581
0.00126740,0.00021947,-0.00048638
0.00126750,0.00013285,-0.00048441
0.00126760,0.00003820,-0.00045914
0.00126770,-0.00014914,-0.00041094
0.00126780,-0.00025536,-0.00034132
0.00126790,-0.00021253,-0.00025292
0.00126800,-0.00024701,-0.00014936
0.00126810,-0.00025589,-0.00003514
0.00126820,-0.00043072,0.00008451
0.00126830,-0.00053394,0.00020398
0.00126840,-0.00045499,0.00031741
0.00126850,-0.00045854,0.00041909
0.00126860,-0.00032125,0.00050372
0.00126870,-0.00053315,0.00056667
0.00126880,-0.00047138,0.00060428
0.00126890,-0.00030332,0.00061401
0.00126900,-0.00041288,0.00059462
0.00126910,-0.00036668,0.00054627
0.00126920,-0.00036005,0.00047051
0.00126930,-0.00023157,0.00037029
0.00126940,-0.00006329,0.00024985
0.00126950,-0.00000237,0.00011452
0.00126960,-0.00008489,-0.00002949
0.00126970,0.00006066,-0.00017543
0.00126980,0.00010859,-0.00031629
0.00126990,0.00012597,-0.00044519
0.00127000,0.00013581,-0.00055569
0.00127010,0.00021869,-0.00064212
0.00127020,0.00015234,-0.00069989
0.00127030,-0.00004606,-0.00072571
0.00127040,0.00006843,-0.00071781
0.00127050,-0.00023407,-0.00067603
0.00127060,0.00004864,-0.00060185
0.00127070,-0.00010998,-0.00049836
0.00127080,-0.00020941,-0.00037005
0.00127090,-0.00018169,-0.00022261
0.00127100,-0.00037273,-0.00006263
0.00127110,-0.00040455,0.00010268
0.00127120,-0.00033385,0.00026582
0.00127130,-0.00031975,0.00041924
0.00127140,-0.00046619,0.00055567
0.00127150,-0.00042344,0.00066844
0.00127160,-0.00057362,0.00075180
0.00127170,-0.00065241,0.00080124
0.00127180,-0.00056695,0.00081386
0.00127190,-0.00062216,0.00078850
0.00127200,-0.00042009,0.00072593
0.00127210,-0.00040892,0.00062884
0.00127220,-0.00036752,0.00050168
0.00127230,-0.00051784,0.00035043
0.00127240,-0.00052305,0.00018233
0.00127250,-0.00016389,0.00000542
0.00127260,-0.00004953,-0.00017186
0.00127270,-0.00006975,-0.00034108
0.00127280,0.00000744,-0.00049425
0.00127290,-0.00009804,-0.00062425
0.00127300,0.00011732,-0.00072512
0.00127310,0.00007632,-0.00079234
0.00127320,0.00011685,-0.00082299
0.00127330,0.00025056,-0.00081589
0.00127340,0.00036585,-0.00077151
0.00127350,0.00042340,-0.00069203
0.00127360,0.00033357,-0.00058116
0.00127370,0.00023657,-0.00044403
0.00127380,-0.00004776,-0.00028703
0.00127390,-0.00003074,-0.00011748
0.00127400,-0.00010723,0.00005662
0.00127410,0.00004754,0.00022700
0.00127420,-0.00010920,0.00038554
0.00127430,-0.00003270,0.00052471
0.00127440,-0.00010483,0.00063794
0.00127450,-0.00028299,0.00071999
0.00127460,-0.00036575,0.00076718
0.00127470,-0.00069350,0.00077762
0.00127480,-0.00056288,0.00075121
0.00127490,-0.00044878,0.00068969
0.00127500,-0.00060607,0.00059647
0.00127510,-0.00037208,0.00047644
0.00127520,-0.00060333,0.00033570
0.00127530,-0.00064606,0.00018124
0.00127540,-0.00059400,0.00002060
0.00127550,-0.00065888,-0.00013854
0.00127560,-0.00038237,-0.00028869
0.00127570,-0.00043823,-0.00042296
0.00127580,-0.00036852,-0.00053529
0.00127590,-0.00022232,-0.00062080
0.00127600,-0.00019362,-0.00067589
0.00127610,-0.00000429,-0.00069849
0.00127620,0.00003885,-0.00068803
0.00127630,0.00015198,-0.00064555
0.00127640,0.00012406,-0.00057355
0.00127650,0.00019167,-0.00047592
0.00127660,0.00020569,-0.00035772
0.00127670,0.00026306,-0.00022491
0.00127680,0.00023151,-0.00008403
0.00127690,0.00017690,0.00005809
0.00127700,0.00014791,0.00019476
0.00127710,0.00009984,0.00031965
0.00127720,0.00017604,0.00042721
0.00127730,0.00019040,0.00051279
0.00127740,0.00003716,0.00057293
0.00127750,-0.00034756,0.00060540
0.00127760,-0.00025310,0.00060931
0.00127770,-0.00018140,0.00058515
0.00127780,-0.00038040,0.00053468
0.00127790,-0.00049164,0.00046089
0.00127800,-0.00062877,0.00036779
0.00127810,-0.00080467,0.00026020
0.00127820,-0.00087880,0.00014348
0.00127830,-0.00081046,0.00002324
0.00127840,-0.00073260,-0.00009487
0.00127850,-0.00087373,-0.00020547
0.00127860,-0.00094310,-0.00030364
0.00127870,-0.00088647,-0.00038519
0.00127880,-0.00075207,-0.00044681
0.00127890,-0.00049451,-0.00048626
0.00127900,-0.00062049,-0.00050247
0.00127910,-0.00058571,-0.00049557
0.00127920,-0.00049615,-0.00046684
0.00127930,-0.00039221,-0.00041860
0.00127940,-0.00006268,-0.00035403
0.00127950,0.00009872,-0.00027692
0.00127960,0.00009817,-0.00019144
0.00127970,0.00029973,-0.00010187
0.00127980,0.00021544,-0.00001235
0.00127990,0.00040998,0.00007328
0.00128000,0.00054522,0.00015163
0.00128010,0.00054169,0.00021985
0.00128020,0.00068199,0.00027568
0.00128030,0.00047527,0.00031753
0.00128040,0.00057700,0.00034449
0.00128050,0.00045497,0.00035634
0.00128060,0.00028508,0.00035352
0.00128070,0.00018630,0.00033708
0.00128080,-0.00013070,0.00030866
0.00128090,-0.00009261,0.00027034
0.00128100,-0.00025501,0.00022460
0.00128110,-0.00043620,0.00017409
0.00128120,-0.00059340,0.00012148
0.00128130,-0.00051263,0.00006928
0.00128140,-0.00064650,0.00001968
0.00128150,-0.00070514,-0.00002562
0.00128160,-0.00076471,-0.00006544
0.00128170,-0.00077809,-0.00009916
0.00128180,-0.00086154,-0.00012665
0.00128190,-0.00091991,-0.00014819
0.00128200,-0.00092742,-0.00016433
0.00128210,-0.00067187,-0.00017578
0.00128220,-0.00047466,-0.00018327
0.00128230,-0.00047405,-0.00018747
0.00128240,-0.00006377,-0.00018892
0.00128250,-0.00018088,-0.00018799
0.00128260,0.00012792,-0.00018493
0.00128270,0.00014553,-0.00017983
0.00128280,0.00028832,-0.00017266
0.00128290,0.00034974,-0.00016332
0.00128300,0.00048169,-0.00015160
0.00128310,0.00045206,-0.00013728
0.00128320,0.00034373,-0.00012007
0.00128330,0.00045251,-0.00009969
0.00128340,0.00044083,-0.00007589
0.00128350,0.00049374,-0.00004849
0.00128360,0.00023581,-0.00001744
0.00128370,0.00036389,0.00001710
0.00128380,0.00008117,0.00005469
0.00128390,0.00001094,0.00009455
0.00128400,-0.00006676,0.00013557
0.00128410,-0.00018453,0.00017631
0.00128420,-0.00017007,0.00021511
0.00128430,-0.00034550,0.00025018
0.00128440,-0.00052797,0.00027969
0.00128450,-0.00086449,0.00030189
0.00128460,-0.00082912,0.00031520
0.00128470,-0.00077178,0.00031826
0.00128480,-0.00078721,0.00031001
0.00128490,-0.00080301,0.00028977
0.00128500,-0.00085417,0.00025729
0.00128510,-0.00077336,0.00021288
0.00128520,-0.00093499,0.00015743
0.00128530,-0.00082788,0.00009244
0.00128540,-0.00072693,0.00001997
0.00128550,-0.00071483,-0.00005741
0.00128560,-0.00036480,-0.00013673
0.00128570,-0.00007729,-0.00021479
0.00128580,-0.00008796,-0.00028829
0.00128590,0.00012708,-0.00035395
0.00128600,0.00008124,-0.00040869
0.00128610,0.00014417,-0.00044969
0.00128620,0.00019374,-0.00047454
0.00128630,0.00043447,-0.00048134
0.00128640,0.00030775,-0.00046884
0.00128650,0.00023154,-0.00043658
0.00128660,0.00012923,-0.00038503
0.00128670,0.00027424,-0.00031559
0.00128680,0.00023205,-0.00023065
0.00128690,0.00009441,-0.00013340
0.00128700,0.00035505,-0.00002778
0.00128710,0.00029863,0.00008182
0.00128720,0.00011105,0.00019071
0.00128730,-0.00022752,0.00029417
0.00128740,-0.00038847,0.00038766
0.00128750,-0.00053178,0.00046704
0.00128760,-0.00048038,0.00052877
0.00128770,-0.00057423,0.00057006
0.00128780,-0.00069914,0.00058901
0.00128790,-0.00079629,0.00058465
0.00128800,-0.00083510,0.00055696
0.00128810,-0.00089941,0.00050684
0.00128820,-0.00106400,0.00043607
0.00128830,-0.00102536,0.00034723
0.00128840,-0.00103820,0.00024364
0.00128850,-0.00072491,0.00012924
0.00128860,-0.00067065,0.00000849
0.00128870,-0.00040490,-0.00011376
0.00128880,-0.00034797,-0.00023249
0.00128890,-0.00024641,-0.00034272
0.00128900,-0.00009352,-0.00043976
0.00128910,-0.00016132,-0.00051948
0.00128920,0.00018836,-0.00057853
0.00128930,0.00034145,-0.00061449
0.00128940,0.00031842,-0.00062600
0.00128950,0.00046147,-0.00061280
0.00128960,0.00046757,-0.00057568
0.00128970,0.00036822,-0.00051640
0.00128980,0.00046327,-0.00043761
0.00128990,0.00034265,-0.00034266
0.00129000,0.00030223,-0.00023547
0.00129010,0.00022484,-0.00012034
0.00129020,0.00025949,-0.00000183
0.00129030,0.00028087,0.00011549
0.00129040,0.00012778,0.00022709
0.00129050,-0.00014825,0.00032873
0.00129060,-0.00030817,0.00041657
0.00129070,-0.00032298,0.00048733
0.00129080,-0.00050770,0.00053845
0.00129090,-0.00072607,0.00056818
0.00129100,-0.00082569,0.00057573
0.00129110,-0.00083880,0.00056127
0.00129120,-0.00090520,0.00052589
0.00129130,-0.00081707,0.00047155
0.00129140,-0.00067235,0.00040091
0.00129150,-0.00086043,0.00031716
0.00129160,-0.00083661,0.00022387
0.00129170,-0.00073527,0.00012485
0.00129180,-0.00057913,0.00002398
0.00129190,-0.00051718,-0.00007495
0.00129200,-0.00043091,-0.00016832
0.00129210,-0.00035737,-0.00025283
0.00129220,-0.00027821,-0.00032561
0.00129230,-0.00010174,-0.00038433
0.00129240,0.00024260,-0.00042729
0.00129250,0.00033987,-0.00045342
0.00129260,0.00049943,-0.00046240
0.00129270,0.00027552,-0.00045457
0.00129280,0.00017024,-0.00043093
0.00129290,0.00027197,-0.00039310
0.00129300,0.00030579,-0.00034318
0.00129310,0.00040663,-0.00028363
0.00129320,0.00018118,-0.00021719
0.00129330,0.00030611,-0.00014673
0.00129340,0.00010466,-0.00007508
0.00129350,0.00012657,-0.00000495
0.00129360,0.00010233,0.00006128
0.00129370,-0.00026724,0.00012164
0.00129380,-0.00017327,0.00017464
0.00129390,-0.00044298,0.00021935
0.00129400,-0.00055674,0.00025531
0.00129410,-0.00060027,0.00028248
0.00129420,-0.00072991,0.00030109
0.00129430,-0.00066093,0.00031148
0.00129440,-0.00071152,0.00031400
0.00129450,-0.00076604,0.00030895
0.00129460,-0.00064443,0.00029657
0.00129470,-0.00077014,0.00027710
0.00129480,-0.00058301,0.00025092
0.00129490,-0.00071274,0.00021855
0.00129500,-0.00051937,0.00018077
0.00129510,-0.00055221,0.00013858
0.00129520,-0.00030236,0.00009322
0.00129530,-0.00025414,0.00004606
0.00129540,-0.00021290,-0.00000146
0.00129550,-0.00015523,-0.00004789
0.00129560,0.00000942,-0.00009192
0.00129570,0.00024132,-0.00013238
0.00129580,0.00007928,-0.00016833
0.00129590,0.00005722,-0.00019908
0.00129600,0.00003685,-0.00022413
0.00129610,-0.00001451,-0.00024312
0.00129620,-0.00005984,-0.00025583
0.00129630,0.00008717,-0.00026207
0.00129640,0.00019283,-0.00026165
0.00129650,0.00001834,-0.00025441
0.00129660,-0.00007581,-0.00024023
0.00129670,-0.00014071,-0.00021916
0.00129680,-0.00005233,-0.00019149
0.00129690,-0.00017142,-0.00015782
0.00129700,-0.00022412,-0.00011912
0.00129710,-0.00026776,-0.00007668
0.00129720,-0.00026617,-0.00003206
0.00129730,-0.00033505,0.00001307
0.00129740,-0.00053582,0.00005704
0.00129750,-0.00040024,0.00009834
0.00129760,-0.00038477,0.00013562
0.00129770,-0.00035567,0.00016778
0.00129780,-0.00038695,0.00019396
0.00129790,-0.00052872,0.00021353
0.00129800,-0.00042306,0.00022608
0.00129810,-0.00051173,0.00023143
0.00129820,-0.00048255,0.00022957
0.00129830,-0.00033650,0.00022071
0.00129840,-0.00027672,0.00020522
0.00129850,-0.00019448,0.00018361
0.00129860,-0.00014774,0.00015652
0.00129870,-0.00031547,0.00012477
0.00129880,-0.00025240,0.00008930
0.00129890,0.00007159,0.00005123
0.00129900,-0.00004837,0.00001181
0.00129910,-0.00005752,-0.00002761
0.00129920,0.00019122,-0.00006567
0.00129930,0.00019432,-0.00010101
0.00129940,-0.00001146,-0.00013236
0.00129950,-0.00012051,-0.00015857
0.00129960,-0.00026235,-0.00017869
0.00129970,-0.00029832,-0.00019198
0.00129980,-0.00022593,-0.00019799
0.00129990,-0.00009293,-0.00019656
0.00130000,-0.00007346,-0.00018782
0.00130010,-0.00022317,-0.00017221
0.00130020,-0.00028049,-0.00015046
0.00130030,-0.00033479,-0.00012354
0.00130040,-0.00050771,-0.00009261
0.00130050,-0.00048730,-0.00005898
0.00130060,-0.00074034,-0.00002404
0.00130070,-0.00055701,0.00001081
0.00130080,-0.00059286,0.00004423
0.00130090,-0.00068933,0.00007497
0.00130100,-0.00050132,0.00010190
0.00130110,-0.00039484,0.00012408
0.00130120,-0.00024509,0.00014076
0.00130130,-0.00028689,0.00015147
0.00130140,-0.00025047,0.00015609
0.00130150,-0.00038974,0.00015480
0.00130160,-0.00022254,0.00014817
0.00130170,-0.00031560,0.00013702
0.00130180,-0.00018385,0.00012239
0.00130190,-0.00010581,0.00010542
0.00130200,-0.00018274,0.00008722
0.00130210,-0.00009692,0.00006873
0.00130220,-0.00007986,0.00005064
0.00130230,-0.00000153,0.00003336
0.00130240,-0.00009274,0.00001700
0.00130250,0.00002486,0.00000143
0.00130260,-0.00001264,-0.00001360
0.00130270,-0.00009910,-0.00002842
0.00130280,-0.00006118,-0.00004329
0.00130290,-0.00027297,-0.00005840
0.00130300,0.00002485,-0.00007381
0.00130310,-0.00007853,-0.00008950
0.00130320,-0.00003185,-0.00010529
0.00130330,0.00006108,-0.00012091
0.00130340,-0.00017498,-0.00013598
0.00130350,-0.00014038,-0.00015001
0.00130360,-0.00020337,-0.00016243
0.00130370,-0.00028692,-0.00017258
0.00130380,-0.00019382,-0.00017976
0.00130390,-0.00027063,-0.00018319
0.00130400,-0.00024573,-0.00018203
0.00130410,-0.00012182,-0.00017541
0.00130420,-0.00000387,-0.00016249
0.00130430,-0.00002625,-0.00014251
0.00130440,-0.00026009,-0.00011493
0.00130450,-0.00039276,-0.00007953
0.00130460,-0.00025689,-0.00003654
0.00130470,-0.00033197,0.00001327
0.00130480,-0.00014641,0.00006862
0.00130490,0.00000783,0.00012767
0.00130500,-0.00002340,0.00018819
0.00130510,0.00023868,0.00024764
0.00130520,0.00018838,0.00030334
0.00130530,-0.00002039,0.00035260
0.00130540,-0.00009381,0.00039282
0.00130550,-0.00025695,0.00042163
0.00130560,-0.00028168,0.00043693
0.00130570,-0.00019615,0.00043700
0.00130580,-0.00015659,0.00042058
0.00130590,-0.00009041,0.00038691
0.00130600,-0.00010223,0.00033583
0.00130610,-0.00014470,0.00026785
0.00130620,-0.00020799,0.00018422
0.00130630,-0.00011841,0.00008702
0.00130640,-0.00014480,-0.00002089
0.00130650,-0.00020431,-0.00013589
0.00130660,-0.00023034,-0.00025368
0.00130670,-0.00050866,-0.00036946
0.00130680,-0.00032011,-0.00047813
0.00130690,-0.00035447,-0.00057457
0.00130700,-0.00040190,-0.00065388
0.00130710,-0.00042126,-0.00071167
0.00130720,-0.00031994,-0.00074432
0.00130730,-0.00022413,-0.00074913
0.00130740,-0.00041922,-0.00072453
0.00130750,-0.00032965,-0.00067016
0.00130760,-0.00025925,-0.00058697
0.00130770,-0.00027365,-0.00047716
0.00130780,-0.00011884,-0.00034421
0.00130790,0.00009072,-0.00019265
0.00130800,-0.00009194,-0.00002797
0.00130810,-0.00004045,0.00014368
0.00130820,-0.00000014,0.00031568
0.00130830,-0.00010581,0.00048121
0.00130840,-0.00001277,0.00063348
0.00130850,-0.00005551,0.00076601
0.00130860,0.00023419,0.00087282
0.00130870,-0.00007630,0.00094874
0.00130880,0.00004057,0.00098967
0.00130890,0.00003939,0.00099279
0.00130900,-0.00022154,0.00095686
0.00130910,-0.00006002,0.00088232
0.00130920,-0.00014495,0.00077135
0.00130930,-0.00005825,0.00062790
0.00130940,-0.00015609,0.00045747
0.00130950,-0.00025366,0.00026691
0.00130960,-0.00006730,0.00006404
0.00130970,-0.00035124,-0.00014274
0.00130980,-0.00054043,-0.00034489
0.00130990,-0.00063250,-0.00053406
0.00131000,-0.00071274,-0.00070255
0.00131010,-0.00079782,-0.00084354
0.00131020,-0.00081013,-0.00095139
0.00131030,-0.00060753,-0.00102186
0.00131040,-0.00076058,-0.00105220
0.00131050,-0.00076783,-0.00104130
0.00131060,-0.00068151,-0.00098972
0.00131070,-0.00043754,-0.00089964
0.00131080,-0.00047909,-0.00077484
0.00131090,-0.00040512,-0.00062054
0.00131100,-0.00012822,-0.00044320
0.00131110,-0.00002114,-0.00025027
0.00131120,0.00020204,-0.00004988
0.00131130,0.00013832,0.00014954
0.00131140,0.00030531,0.00033959
0.00131150,0.00041283,0.00051237
0.00131160,0.00040973,0.00066081
0.00131170,0.00034135,0.00077906
0.00131180,0.00038917,0.00086273
0.00131190,0.00029632,0.00090905
0.00131200,0.00025936,0.00091696
0.00131210,0.00044572,0.00088704
0.00131220,0.00025191,0.00082145
0.00131230,0.00022588,0.00072374
0.00131240,0.00009447,0.00059871
0.00131250,0.00009559,0.00045221
0.00131260,-0.00017088,0.00029086
0.00131270,-0.00020251,0.00012181
0.00131280,-0.00002734,-0.00004756
0.00131290,-0.00037404,-0.00020996
0.00131300,-0.00033377,-0.00035850
0.00131310,-0.00061052,-0.00048701
0.00131320,-0.00057467,-0.00059031
0.00131330,-0.00066310,-0.00066444
0.00131340,-0.00072978,-0.00070684
0.00131350,-0.00089272,-0.00071640
0.00131360,-0.00099663,-0.00069350
0.00131370,-0.00098460,-0.00063996
0.00131380,-0.00080367,-0.00055893
0.00131390,-0.00064466,-0.00045472
0.00131400,-0.00061217,-0.00033261
0.00131410,-0.00039889,-0.00019854
0.00131420,-0.00045049,-0.00005885
0.00131430,-0.00048517,0.00008002
0.00131440,-0.00037472,0.00021183
0.00131450,-0.00017182,0.00033077
0.00131460,-0.00016404,0.00043171
0.00131470,-0.00002976,0.00051042
0.00131480,0.00016707,0.00056374
0.00131490,0.00023469,0.00058973
0.00131500,0.00025112,0.00058777
0.00131510,0.00035434,0.00055856
0.00131520,0.00041138,0.00050402
0.00131530,0.00043406,0.00042720
0.00131540,0.00049223,0.00033203
0.00131550,0.00033900,0.00022314
0.00131560,0.00027922,0.00010559
0.00131570,0.00024363,-0.00001529
0.00131580,0.00016181,-0.00013417
0.00131590,-0.00007073,-0.00024594
0.00131600,-0.00003683,-0.00034594
0.00131610,-0.00017051,-0.00043013
0.00131620,-0.00037790,-0.00049528
0.00131630,-0.00043388,-0.00053911
0.00131640,-0.00054319,-0.00056030
0.00131650,-0.00055107,-0.00055851
0.00131660,-0.00064665,-0.00053436
0.00131670,-0.00056258,-0.00048925
0.00131680,-0.00070323,-0.00042535
0.00131690,-0.00071548,-0.00034545
0.00131700,-0.00062550,-0.00025287
0.00131710,-0.00084632,-0.00015132
0.00131720,-0.00069615,-0.00004475
0.00131730,-0.00061107,0.00006278
0.00131740,-0.00046643,0.00016732
0.00131750,-0.00049713,0.00026512
0.00131760,-0.00046540,0.00035278
0.00131770,-0.00050811,0.00042729
0.00131780,-0.00028095,0.00048621
0.00131790,-0.00007334,0.00052766
0.00131800,-0.00008414,0.00055046
0.00131810,0.00002979,0.00055414
0.00131820,0.00007036,0.00053896
0.00131830,0.00018014,0.00050587
0.00131840,0.00013192,0.00045644
0.00131850,0.00026834,0.00039277
0.00131860,0.00032139,0.00031733
0.00131870,0.00034990,0.00023284
0.00131880,0.00025211,0.00014212
0.00131890,0.00002375,0.00004804
0.00131900,0.00005891,-0.00004660
0.00131910,0.00012772,-0.00013907
0.00131920,0.00003810,-0.00022678
0.00131930,0.00002762,-0.00030728
0.00131940,0.00006304,-0.00037835
0.00131950,-0.00013857,-0.00043798
0.00131960,-0.00027295,-0.00048448
0.00131970,-0.00047245,-0.00051652
0.00131980,-0.00053793,-0.00053320
0.00131990,-0.00048502,-0.00053408
0.00132000,-0.00039804,-0.00051925
0.00132010,-0.00053234,-0.00048924
0.00132020,-0.00045750,-0.00044504
0.00132030,-0.00049958,-0.00038800
0.00132040,-0.00051801,-0.00031980
0.00132050,-0.00041763,-0.00024234
0.00132060,-0.00055444,-0.00015766
0.00132070,-0.00040625,-0.00006797
0.00132080,-0.00049094,0.00002440
0.00132090,-0.00056294,0.00011704
0.00132100,-0.00048061,0.00020740
0.00132110,-0.00032398,0.00029289
0.00132120,-0.00038534,0.00037092
0.00132130,-0.00028253,0.00043895
0.00132140,-0.00019982,0.00049460
0.00132150,-0.00022396,0.00053570
0.00132160,-0.00003975,0.00056050
0.00132170,-0.00005191,0.00056770
0.00132180,-0.00005645,0.00055660
0.00132190,0.00007126,0.00052713
0.00132200,0.00019536,0.00047993
0.00132210,0.00021910,0.00041629
0.00132220,0.00027416,0.00033817
0.00132230,0.00026352,0.00024805
0.00132240,-0.00003355,0.00014885
0.00132250,0.00000852,0.00004387
0.00132260,0.00015377,-0.00006337
0.00132270,0.00010399,-0.00016918
0.00132280,0.00016887,-0.00026985
0.00132290,0.00000856,-0.00036171
0.00132300,-0.00003840,-0.00044137
0.00132310,-0.00022191,-0.00050573
0.00132320,-0.00012920,-0.00055223
0.00132330,-0.00015474,-0.00057886
0.00132340,-0.00023488,-0.00058434
0.00132350,-0.00029481,-0.00056818
0.00132360,-0.00042282,-0.00053070
0.00132370,-0.00031842,-0.00047308
0.00132380,-0.00027962,-0.00039735
0.00132390,-0.00006742,-0.00030637
0.00132400,-0.00024206,-0.00020373
0.00132410,-0.00043332,-0.00009370
0.00132420,-0.00069345,0.00001900
0.00132430,-0.00076416,0.00012941
0.00132440,-0.00074518,0.00023260
0.00132450,-0.00059287,0.00032397
0.00132460,-0.00042792,0.00039954
0.00132470,-0.00046398,0.00045613
0.00132480,-0.00042205,0.00049156
0.00132490,-0.00041226,0.00050472
0.00132500,-0.00027154,0.00049557
0.00132510,-0.00026135,0.00046512
0.00132520,-0.00023645,0.00041533
0.00132530,-0.00009487,0.00034901
0.00132540,0.00000825,0.00026963
0.00132550,0.00021754,0.00018116
0.00132560,0.00014849,0.00008789
0.00132570,0.00012703,-0.00000576
0.00132580,0.00002502,-0.00009541
0.00132590,0.00006660,-0.00017695
0.00132600,0.00000206,-0.00024668
0.00132610,0.00004026,-0.00030150
0.00132620,0.00020526,-0.00033907
0.00132630,0.00010418,-0.00035796
0.00132640,0.00007432,-0.00035767
0.00132650,0.00021524,-0.00033872
0.00132660,0.00006597,-0.00030256
0.00132670,0.00000152,-0.00025153
0.00132680,-0.00021424,-0.00018868
0.00132690,-0.00034130,-0.00011762
0.00132700,-0.00025088,-0.00004228
0.00132710,-0.00039423,0.00003320
0.00132720,-0.00045262,0.00010477
0.00132730,-0.00055535,0.00016861
0.00132740,-0.00045650,0.00022133
0.00132750,-0.00057744,0.00026015
0.00132760,-0.00066194,0.00028304
0.00132770,-0.00065416,0.00028881
0.00132780,-0.00063152,0.00027716
0.00132790,-0.00040806,0.00024879
0.00132800,-0.00047064,0.00020532
0.00132810,-0.00026283,0.00014923
0.00132820,-0.00039086,0.00008375
0.00132830,-0.00018363,0.00001267
0.00132840,-0.00004129,-0.00005992
0.00132850,-0.00007282,-0.00012986
0.00132860,0.00013335,-0.00019315
0.00132870,0.00013502,-0.00024624
0.00132880,0.00011435,-0.00028618
0.00132890,0.00028522,-0.00031080
0.00132900,0.00029325,-0.00031876
0.00132910,0.00014410,-0.00030959
0.00132920,-0.00003958,-0.00028369
0.00132930,-0.00006489,-0.00024225
0.00132940,-0.00009188,-0.00018721
0.00132950,0.00005635,-0.00012117
0.00132960,0.00008813,-0.00004733
0.00132970,-0.00010976,0.00003067
0.00132980,-0.00002948,0.00010888
0.00132990,-0.00031549,0.00018331
0.00133000,-0.00033510,0.00025008
0.00133010,-0.00036327,0.00030570
0.00133020,-0.00047047,0.00034723
0.00133030,-0.00034729,0.00037245
0.00133040,-0.00051654,0.00037997
0.00133050,-0.00041823,0.00036926
0.00133060,-0.00057953,0.00034067
0.00133070,-0.00028535,0.00029538
0.00133080,-0.00021427,0.00023537
0.00133090,-0.00026587,0.00016330
0.00133100,-0.00033329,0.00008244
0.00133110,-0.00056713,-0.00000349
0.00133120,-0.00030813,-0.00009042
0.00133130,-0.00022028,-0.00017420
0.00133140,-0.00017599,-0.00025075
0.00133150,-0.00005715,-0.00031629
0.00133160,-0.00012457,-0.00036755
0.00133170,0.00015821,-0.00040199
0.00133180,-0.00003332,-0.00041786
0.00133190,-0.00009929,-0.00041436
0.00133200,0.00012986,-0.00039165
0.00133210,-0.00005770,-0.00035080
0.00133220,0.00001159,-0.00029374
0.00133230,-0.00011324,-0.00022315
0.00133240,-0.00005651,-0.00014229
0.00133250,0.00006806,-0.00005488
0.00133260,0.00000408,0.00003510
0.00133270,-0.00015396,0.00012355
0.00133280,-0.00010832,0.00020646
0.00133290,-0.00009748,0.00028005
0.00133300,-0.00029517,0.00034096
0.00133310,-0.00018905,0.00038636
0.00133320,-0.00025185,0.00041415
0.00133330,-0.00014892,0.00042301
0.00133340,-0.00024933,0.00041249
0.00133350,-0.00039884,0.00038310
0.00133360,-0.00045121,0.00033626
0.00133370,-0.00049558,0.00027428
0.00133380,-0.00041070,0.00020020
0.00133390,-0.00028022,0.00011770
0.00133400,-0.00020646,0.00003079
0.00133410,-0.00024202,-0.00005634
0.00133420,-0.00028457,-0.00013959
0.00133430,-0.00029952,-0.00021517
0.00133440,-0.00012908,-0.00027976
0.00133450,-0.00018212,-0.00033065
0.00133460,-0.00012131,-0.00036583
0.00133470,-0.00016510,-0.00038407
0.00133480,0.00006461,-0.00038493
0.00133490,-0.00003496,-0.00036879
0.00133500,-0.00007193,-0.00033675
0.00133510,-0.00000701,-0.00029066
0.00133520,0.00001532,-0.00023291
0.00133530,0.00008496,-0.00016640
0.00133540,-0.00000866,-0.00009432
0.00133550,-0.00001724,-0.00002007
0.00133560,-0.00016995,0.00005294
0.00133570,-0.00018457,0.00012140
0.00133580,-0.00026413,0.00018230
0.00133590,-0.00039426,0.00023309
0.00133600,-0.00018619,0.00027178
0.00133610,-0.00005916,0.00029707
0.00133620,-0.00022775,0.00030844
0.00133630,-0.00016424,0.00030607
0.00133640,-0.00022989,0.00029081
0.00133650,-0.00025789,0.00026406
0.00133660,-0.00023418,0.00022765
0.00133670,-0.00034128,0.00018373
0.00133680,-0.00033940,0.00013466
0.00133690,-0.00039574,0.00008287
0.00133700,-0.00040609,0.00003078
0.00133710,-0.00030932,-0.00001932
0.00133720,-0.00035568,-0.00006537
0.00133730,-0.00027935,-0.00010566
0.00133740,-0.00035254,-0.00013882
0.00133750,-0.00008140,-0.00016398
0.00133760,-0.00007443,-0.00018070
0.00133770,-0.00010341,-0.00018900
0.00133780,-0.00010285,-0.00018934
0.00133790,-0.00011523,-0.00018252
0.00133800,0.00016495,-0.00016962
0.00133810,0.00008720,-0.00015194
0.00133820,-0.00003843,-0.00013088
0.00133830,-0.00008498,-0.00010788
0.00133840,-0.00010213,-0.00008436
0.00133850,-0.00007734,-0.00006167
0.00133860,-0.00006228,-0.00004092
0.00133870,-0.00019832,-0.00002298
0.00133880,-0.00009991,-0.00000832
0.00133890,0.00001220,0.00000298
0.00133900,-0.00019745,0.00001123
0.00133910,-0.00037055,0.00001709
0.00133920,-0.00010884,0.00002142
0.00133930,-0.00020406,0.00002514
0.00133940,-0.00029584,0.00002915
0.00133950,-0.00048340,0.00003416
0.00133960,-0.00050146,0.00004070
0.00133970,-0.00034614,0.00004905
0.00133980,-0.00046781,0.00005930
0.00133990,-0.00026577,0.00007128
0.00134000,-0.00042634,0.00008462
0.00134010,-0.00028015,0.00009877
0.00134020,-0.00027078,0.00011295
0.00134030,-0.00027489,0.00012627
0.00134040,-0.00034107,0.00013773
0.00134050,-0.00020093,0.00014630
0.00134060,-0.00004353,0.00015098
0.00134070,-0.00016661,0.00015091
0.00134080,-0.00001955,0.00014537
0.00134090,-0.00001956,0.00013387
0.00134100,0.00001238,0.00011621
0.00134110,-0.00006827,0.00009250
0.00134120,0.00000258,0.00006317
0.00134130,0.00012034,0.00002901
0.00134140,0.00016134,-0.00000888
0.00134150,0.00025174,-0.00004911
0.00134160,0.00024164,-0.00009007
0.00134170,0.00000357,-0.00013004
0.00134180,-0.00004009,-0.00016724
0.00134190,-0.00014902,-0.00019999
0.00134200,-0.00022066,-0.00022672
0.00134210,-0.00025108,-0.00024608
0.00134220,-0.00021740,-0.00025699
0.00134230,-0.00029079,-0.00025869
0.00134240,-0.00036828,-0.00025074
0.00134250,-0.00043907,-0.00023305
0.00134260,-0.00061998,-0.00020590
0.00134270,-0.00037874,-0.00016997
0.00134280,-0.00047878,-0.00012632
0.00134290,-0.00047560,-0.00007646
0.00134300,-0.00029767,-0.00002226
0.00134310,-0.00031805,0.00003411
0.00134320,-0.00024975,0.00009026
0.00134330,-0.00038705,0.00014369
0.00134340,-0.00042629,0.00019195
0.00134350,-0.00027010,0.00023275
0.00134360,-0.00015857,0.00026410
0.00134370,-0.00002499,0.00028445
0.00134380,0.00000214,0.00029274
0.00134390,-0.00008530,0.00028850
0.00134400,-0.00006726,0.00027184
0.00134410,0.00014323,0.00024347
0.00134420,0.00029966,0.00020464
0.00134430,0.00027298,0.00015711
0.00134440,0.00026737,0.00010308
0.00134450,0.00019777,0.00004505
0.00134460,0.00022409,-0.00001426
0.00134470,0.00013879,-0.00007209
0.00134480,-0.00000786,-0.00012574
0.00134490,-0.00007143,-0.00017273
0.00134500,-0.00005047,-0.00021096
0.00134510,-0.00006619,-0.00023876
0.00134520,-0.00029579,-0.00025502
0.00134530,-0.00025683,-0.00025923
0.00134540,-0.00045219,-0.00025143
0.00134550,-0.00070055,-0.00023223
0.00134560,-0.00050865,-0.00020266
0.00134570,-0.00071598,-0.00016418
0.00134580,-0.00079964,-0.00011858
0.00134590,-0.00083195,-0.00006797
0.00134600,-0.00071481,-0.00001467
0.00134610,-0.00079372,0.00003876
0.00134620,-0.00075394,0.00008973
0.00134630,-0.00032617,0.00013570
0.00134640,-0.00034214,0.00017436
0.00134650,-0.00021500,0.00020379
0.00134660,0.00001352,0.00022261
0.00134670,-0.00005368,0.00022999
0.00134680,-0.00007592,0.00022576
0.00134690,-0.00005845,0.00021031
0.00134700,-0.00008453,0.00018464
0.00134710,0.00010793,0.00015018
0.00134720,0.00013708,0.00010880
0.00134730,0.00032444,0.00006265
0.00134740,0.00046814,0.00001404
0.00134750,0.00050415,-0.00003470
0.00134760,0.00026921,-0.00008131
0.00134770,0.00021694,-0.00012376
0.00134780,0.00017300,-0.00016024
0.00134790,0.00000734,-0.00018924
0.00134800,0.00019932,-0.00020959
0.00134810,-0.00003028,-0.00022047
0.00134820,-0.00015728,-0.00022148
0.00134830,0.00001804,-0.00021265
0.00134840,0.00000797,-0.00019446
0.00134850,-0.00020958,-0.00016786
0.00134860,-0.00048000,-0.00013427
0.00134870,-0.00061679,-0.00009548
0.00134880,-0.00055168,-0.00005357
0.00134890,-0.00053284,-0.00001072
0.00134900,-0.00048462,0.00003101
0.00134910,-0.00068654,0.00006977
0.00134920,-0.00092106,0.00010406
0.00134930,-0.00090014,0.00013273
0.00134940,-0.00065779,0.00015502
0.00134950,-0.00054147,0.00017053
0.00134960,-0.00072873,0.00017915
0.00134970,-0.00063467,0.00018113
0.00134980,-0.00060647,0.00017699
0.00134990,-0.00078712,0.00016755
0.00135000,-0.00047442,0.00015387
0.00135010,-0.00037906,0.00013717
0.00135020,-0.00006090,0.00011874
0.00135030,-0.00009164,0.00009978
0.00135040,0.00008712,0.00008129
0.00135050,0.00025333,0.00006404
0.00135060,0.00029696,0.00004846
0.00135070,0.00047387,0.00003470
0.00135080,0.00051085,0.00002258
0.00135090,0.00043327,0.00001169
0.00135100,0.00028139,0.00000139
0.00135110,0.00025465,-0.00000910
0.00135120,0.00007901,-0.00002062
0.00135130,0.00008712,-0.00003402
0.00135140,-0.00004832,-0.00005003
0.00135150,0.00005910,-0.00006917
0.00135160,-0.00003273,-0.00009169
0.00135170,-0.00034594,-0.00011746
0.00135180,-0.00030514,-0.00014594
0.00135190,-0.00046272,-0.00017617
0.00135200,-0.00062417,-0.00020679
0.00135210,-0.00054913,-0.00023607
0.00135220,-0.00082053,-0.00026201
0.00135230,-0.00080801,-0.00028244
0.00135240,-0.00080221,-0.00029520
0.00135250,-0.00073638,-0.00029832
0.00135260,-0.00064232,-0.00029019
0.00135270,-0.00063796,-0.00026967
0.00135280,-0.00064273,-0.00023625
0.00135290,-0.00061502,-0.00019007
0.00135300,-0.00069321,-0.00013195
0.00135310,-0.00064520,-0.00006332
0.00135320,-0.00040512,0.00001375
0.00135330,-0.00049912,0.00009674
0.00135340,-0.00028038,0.00018269
0.00135350,-0.00019075,0.00026832
0.00135360,0.00016073,0.00035013
0.00135370,0.00022671,0.00042455
0.00135380,-0.00001817,0.00048802
0.00135390,0.00023570,0.00053720
0.00135400,0.00016346,0.00056913
0.00135410,0.00038948,0.00058142
0.00135420,0.00032695,0.00057237
0.00135430,0.00034337,0.00054115
0.00135440,0.00000768,0.00048788
0.00135450,-0.00003725,0.00041365
0.00135460,0.00004121,0.00032057
0.00135470,-0.00002180,0.00021169
0.00135480,0.00018179,0.00009087
0.00135490,0.00008118,-0.00003730
0.00135500,-0.00012683,-0.00016780
0.00135510,-0.00019834,-0.00029538
0.00135520,-0.00026726,-0.00041478
0.00135530,-0.00036779,-0.00052101
0.00135540,-0.00029038,-0.00060956
0.00135550,-0.00053919,-0.00067656
0.00135560,-0.00035627,-0.00071892
0.00135570,-0.00060437,-0.00073453
0.00135580,-0.00055015,-0.00072230
0.00135590,-0.00037207,-0.00068229
0.00135600,-0.00077236,-0.00061573
0.00135610,-0.00051411,-0.00052505
0.00135620,-0.00048167,-0.00041379
0.00135630,-0.00022352,-0.00028652
0.00135640,-0.00042208,-0.00014854
0.00135650,-0.00016945,-0.00000571
0.00135660,-0.00010210,0.00013594
0.00135670,-0.00014262,0.00027042
0.00135680,0.00003270,0.00039215
0.00135690,-0.00004140,0.00049619
0.00135700,0.00025101,0.00057844
0.00135710,0.00029263,0.00063584
0.00135720,0.00022304,0.00066650
0.00135730,0.00016666,0.00066972
0.00135740,0.00004623,0.00064602
0.00135750,0.00019359,0.00059712
0.00135760,-0.00000328,0.00052580
0.00135770,-0.00003151,0.00043580
0.00135780,0.00013603,0.00033154
0.00135790,0.00003429,0.00021800
0.00135800,0.00009651,0.00010042
0.00135810,0.00000715,-0.00001587
0.00135820,0.00009004,-0.00012574
0.00135830,-0.00000444,-0.00022442
0.00135840,-0.00021393,-0.00030780
0.00135850,-0.00017198,-0.00037257
0.00135860,-0.00016078,-0.00041643
0.00135870,-0.00001392,-0.00043821
0.00135880,-0.00020049,-0.00043791
0.00135890,-0.00017440,-0.00041668
0.00135900,-0.00021632,-0.00037676
0.00135910,-0.00021046,-0.00032127
0.00135920,-0.00020227,-0.00025407
0.00135930,-0.00034982,-0.00017949
0.00135940,-0.00024841,-0.00010209
0.00135950,-0.00023082,-0.00002635
0.00135960,-0.00005533,0.00004355
0.00135970,-0.00013709,0.00010402
0.00135980,-0.00022058,0.00015224
0.00135990,-0.00017494,0.00018624
0.00136000,-0.00027894,0.00020498
0.00136010,-0.00006759,0.00020830
0.00136020,-0.00036143,0.00019688
0.00136030,-0.00035466,0.00017210
0.00136040,-0.00011380,0.00013595
0.00136050,-0.00016379,0.00009095
0.00136060,-0.00013864,0.00004002
0.00136070,-0.00024511,-0.00001365
0.00136080,-0.00023263,-0.00006672
0.00136090,0.00002191,-0.00011590
0.00136100,-0.00013825,-0.00015802
0.00136110,-0.00016360,-0.00019031
0.00136120,-0.00005064,-0.00021047
0.00136130,-0.00013892,-0.00021688
0.00136140,-0.00004584,-0.00020866
0.00136150,-0.00000098,-0.00018577
0.00136160,0.00002369,-0.00014898
0.00136170,-0.00006129,-0.00009989
0.00136180,-0.00034516,-0.00004080
0.00136190,-0.00036606,0.00002537
0.00136200,-0.00043280,0.00009527
0.00136210,-0.00043298,0.00016531
0.00136220,-0.00032669,0.00023184
0.00136230,-0.00036170,0.00029136
0.00136240,-0.00038627,0.00034065
0.00136250,-0.00029137,0.00037694
0.00136260,-0.00033435,0.00039795
0.00136270,-0.00039189,0.00040204
0.00136280,-0.00019908,0.00038824
0.00136290,-0.00015682,0.00035636
0.00136300,-0.00004425,0.00030700
0.00136310,-0.00003078,0.00024160
0.00136320,-0.00007324,0.00016246
0.00136330,-0.00019570,0.00007262
0.00136340,-0.00015791,-0.00002418
0.00136350,0.00000149,-0.00012368
0.00136360,-0.00009931,-0.00022136
0.00136370,-0.00005168,-0.00031265
0.00136380,0.00005704,-0.00039322
0.00136390,0.00004971,-0.00045926
0.00136400,0.00023600,-0.00050769
0.00136410,0.00030395,-0.00053633
0.00136420,0.00014636,-0.00054399
0.00136430,0.00022047,-0.00053048
0.00136440,0.00028633,-0.00049657
0.00136450,0.00022885,-0.00044392
0.00136460,-0.00004366,-0.00037493
0.00136470,-0.00001026,-0.00029262
0.00136480,-0.00005884,-0.00020040
0.00136490,-0.00008381,-0.00010195
0.00136500,-0.00013671,-0.00000104
0.00136510,-0.00025343,0.00009860
0.00136520,-0.00033755,0.00019343
0.00136530,-0.00029900,0.00028014
0.00136540,-0.00041153,0.00035581
0.00136550,-0.00031036,0.00041800
0.00136560,-0.00040114,0.00046481
0.00136570,-0.00045723,0.00049498
0.00136580,-0.00040601,0.00050795
0.00136590,-0.00050617,0.00050385
0.00136600,-0.00026485,0.00048349
0.00136610,-0.00013156,0.00044835
0.00136620,-0.00016860,0.00040039
0.00136630,-0.00015126,0.00034201
0.00136640,-0.00030504,0.00027582
0.00136650,-0.00017591,0.00020458
0.00136660,-0.00038763,0.00013097
0.00136670,-0.00022502,0.00005752
0.00136680,-0.00007945,-0.00001357
0.00136690,-0.00013743,-0.00008045
0.00136700,-0.00013269,-0.00014173
0.00136710,-0.00002252,-0.00019637
0.00136720,0.00002082,-0.00024373
0.00136730,-0.00006383,-0.00028343
0.00136740,-0.00014427,-0.00031532
0.00136750,-0.00000051,-0.00033939
0.00136760,-0.00008452,-0.00035576
0.00136770,0.00010170,-0.00036458
0.00136780,0.00007370,-0.00036612
0.00136790,-0.00000324,-0.00036068
0.00136800,-0.00005528,-0.00034865
0.00136810,-0.00012273,-0.00033047
0.00136820,-0.00028227,-0.00030659
0.00136830,-0.00027943,-0.00027746
0.00136840,-0.00020606,-0.00024347
0.00136850,-0.00016709,-0.00020495
0.00136860,-0.00017064,-0.00016218
0.00136870,-0.00021497,-0.00011543
0.00136880,-0.00048667,-0.00006501
0.00136890,-0.00029088,-0.00001135
0.00136900,-0.00035411,0.00004497
0.00136910,-0.00046107,0.00010313
0.00136920,-0.00036635,0.00016207
0.00136930,-0.00050621,0.00022047
0.00136940,-0.00033207,0.00027675
0.00136950,-0.00034362,0.00032916
0.00136960,-0.00020936,0.00037582
0.00136970,-0.00006685,0.00041486
0.00136980,-0.00017581,0.00044452
0.00136990,-0.00018608,0.00046327
0.00137000,-0.00036672,0.00046989
0.00137010,-0.00021940,0.00046349
0.00137020,-0.00019210,0.00044355
0.00137030,-0.00008111,0.00040994
0.00137040,0.00013710,0.00036288
0.00137050,0.00008728,0.00030305
0.00137060,-0.00002056,0.00023152
0.00137070,-0.00012695,0.00014982
0.00137080,-0.00026465,0.00005997
0.00137090,-0.00025208,-0.00003551
0.00137100,-0.00023407,-0.00013372
0.00137110,-0.00021130,-0.00023139
0.00137120,-0.00013530,-0.00032510
0.00137130,-0.00030395,-0.00041140
0.00137140,-0.00013399,-0.00048697
0.00137150,-0.00015563,-0.00054878
0.00137160,-0.00024375,-0.00059421
0.00137170,-0.00020772,-0.00062118
0.00137180,-0.00020534,-0.00062828
0.00137190,0.00000155,-0.00061476
0.00137200,0.00012288,-0.00058064
0.00137210,0.00021886,-0.00052663
0.00137220,-0.00003114,-0.00045418
0.00137230,-0.00005081,-0.00036537
0.00137240,0.00021396,-0.00026290
0.00137250,0.00005431,-0.00014999
0.00137260,0.00014947,-0.00003036
0.00137270,0.00005829,0.00009194
0.00137280,-0.00001810,0.00021255
0.00137290,0.00004078,0.00032702
0.00137300,-0.00012238,0.00043093
0.00137310,-0.00005375,0.00052019
0.00137320,0.00006497,0.00059120
0.00137330,0.00006234,0.00064115
0.00137340,-0.00022334,0.00066809
0.00137350,-0.00038750,0.00067110
0.00137360,-0.00014127,0.00065026
0.00137370,-0.00024196,0.00060662
0.00137380,-0.00030492,0.00054214
0.00137390,-0.00045522,0.00045950
0.00137400,-0.00051310,0.00036202
0.00137410,-0.00052730,0.00025346
0.00137420,-0.00047697,0.00013792
0.00137430,-0.00021303,0.00001968
0.00137440,-0.00046313,-0.00009697
0.00137450,-0.00042079,-0.00020784
0.00137460,-0.00045723,-0.00030905
0.00137470,-0.00045956,-0.00039714
0.00137480,-0.00022432,-0.00046921
0.00137490,-0.00026639,-0.00052300
0.00137500,-0.00020415,-0.00055695
0.00137510,-0.00007898,-0.00057022
0.00137520,-0.00007895,-0.00056270
0.00137530,0.00014954,-0.00053501
0.00137540,0.00012448,-0.00048849
0.00137550,-0.00000958,-0.00042513
0.00137560,-0.00002416,-0.00034758
0.00137570,0.00007114,-0.00025900
0.00137580,0.00004921,-0.00016300
0.00137590,0.00001961,-0.00006345
0.00137600,0.00010736,0.00003566
0.00137610,0.00002415,0.00013043
0.00137620,-0.00015083,0.00021722
0.00137630,-0.00022082,0.00029276
0.00137640,-0.00022195,0.00035432
0.00137650,-0.00010656,0.00039979
0.00137660,-0.00014146,0.00042778
0.00137670,-0.00018256,0.00043762
0.00137680,-0.00037719,0.00042940
0.00137690,-0.00032095,0.00040394
0.00137700,-0.00037775,0.00036272
0.00137710,-0.00039587,0.00030783
0.00137720,-0.00036446,0.00024183
0.00137730,-0.00036327,0.00016769
0.00137740,-0.00039080,0.00008868
0.00137750,-0.00056872,0.00000821
0.00137760,-0.00047873,-0.00007024
0.00137770,-0.00053775,-0.00014333
0.00137780,-0.00042950,-0.00020796
0.00137790,-0.00019020,-0.00026145
0.00137800,-0.00039486,-0.00030167
0.00137810,-0.00033062,-0.00032715
0.00137820,-0.00023170,-0.00033714
0.00137830,-0.00025168,-0.00033165
0.00137840,-0.00027440,-0.00031140
0.00137850,-0.00026406,-0.00027772
0.00137860,-0.00026575,-0.00023251
0.00137870,-0.00020927,-0.00017804
0.00137880,-0.00022358,-0.00011687
0.00137890,-0.00024662,-0.00005171
0.00137900,-0.00013284,0.00001469
0.00137910,-0.00004325,0.00007960
0.00137920,-0.00009682,0.00014041
0.00137930,-0.00003605,0.00019466
0.00137940,-0.00015998,0.00024011
0.00137950,-0.00002647,0.00027484
0.00137960,-0.00005494,0.00029731
0.00137970,0.00004990,0.00030644
0.00137980,-0.00009925,0.00030167
0.00137990,-0.00003975,0.00028307
0.00138000,-0.00013208,0.00025128
0.00138010,-0.00001708,0.00020757
0.00138020,0.00006393,0.00015377
0.00138030,0.00015725,0.00009217
0.00138040,0.00004787,0.00002542
0.00138050,-0.00019655,-0.00004359
0.00138060,-0.00023513,-0.00011188
0.00138070,-0.00041246,-0.00017654
0.00138080,-0.00031474,-0.00023482
0.00138090,-0.00020990,-0.00028427
0.00138100,-0.00024203,-0.00032280
0.00138110,-0.00023703,-0.00034869
0.00138120,-0.00039642,-0.00036069
0.00138130,-0.00037701,-0.00035798
0.00138140,-0.00067463,-0.00034029
0.00138150,-0.00059471,-0.00030785
0.00138160,-0.00055402,-0.00026150
0.00138170,-0.00051532,-0.00020267
0.00138180,-0.00026202,-0.00013334
0.00138190,-0.00037573,-0.00005597
0.00138200,-0.00036106,0.00002654
0.00138210,-0.00026978,0.00011098
0.00138220,-0.00045812,0.00019398
0.00138230,-0.00028916,0.00027210
0.00138240,-0.00003048,0.00034202
0.00138250,-0.00004451,0.00040068
0.00138260,0.00009844,0.00044538
0.00138270,0.00003485,0.00047402
0.00138280,0.00003751,0.00048509
0.00138290,0.00006788,0.00047780
0.00138300,0.00000780,0.00045209
0.00138310,0.00024916,0.00040858
0.00138320,0.00030999,0.00034851
0.00138330,0.00034663,0.00027369
0.00138340,0.00023215,0.00018642
0.00138350,0.00005757,0.00008947
0.00138360,0.00012134,-0.00001400
0.00138370,0.00013016,-0.00012050
0.00138380,0.00010901,-0.00022624
0.00138390,-0.00017087,-0.00032724
0.00138400,-0.00016420,-0.00041949
0.00138410,-0.00025385,-0.00049909
0.00138420,-0.00033429,-0.00056244
0.00138430,-0.00037131,-0.00060642
0.00138440,-0.00064621,-0.00062860
0.00138450,-0.00055753,-0.00062737
0.00138460,-0.00054444,-0.00060207
0.00138470,-0.00065824,-0.00055308
0.00138480,-0.00078093,-0.00048182
0.00138490,-0.00068350,-0.00039067
0.00138500,-0.00077590,-0.00028284
0.00138510,-0.00066948,-0.00016225
0.00138520,-0.00057118,-0.00003331
0.00138530,-0.00067694,0.00009922
0.00138540,-0.00045872,0.00023042
0.00138550,-0.00051062,0.00035533
0.00138560,-0.00035593,0.00046909
0.00138570,-0.00009822,0.00056716
0.00138580,-0.00000660,0.00064540
0.00138590,0.00000206,0.00070032
0.00138600,0.00017607,0.00072920
0.00138610,0.00031629,0.00073029
0.00138620,0.00033385,0.00070296
0.00138630,0.00047575,0.00064779
0.00138640,0.00053960,0.00056655
0.00138650,0.00051170,0.00046220
0.00138660,0.00040153,0.00033876
0.00138670,0.00041798,0.00020110
0.00138680,0.00046351,0.00005472
0.00138690,0.00035878,-0.00009448
0.00138700,0.00045243,-0.00024053
0.00138710,0.00005675,-0.00037761
0.00138720,0.00006269,-0.00050029
0.00138730,0.00003417,-0.00060374
0.00138740,-0.00022312,-0.00068389
0.00138750,-0.00030389,-0.00073753
0.00138760,-0.00043346,-0.00076246
0.00138770,-0.00044773,-0.00075751
0.00138780,-0.00047006,-0.00072269
0.00138790,-0.00048957,-0.00065917
0.00138800,-0.00067121,-0.00056935
0.00138810,-0.00064444,-0.00045679
0.00138820,-0.00055584,-0.00032609
0.00138830,-0.00063509,-0.00018268
0.00138840,-0.00074829,-0.00003258
0.00138850,-0.00079475,0.00011794
0.00138860,-0.00075688,0.00026263
0.00138870,-0.00059229,0.00039564
0.00138880,-0.00033933,0.00051173
0.00138890,-0.00035746,0.00060646
0.00138900,-0.00030592,0.00067637
0.00138910,-0.00011463,0.00071901
0.00138920,-0.00005211,0.00073305
0.00138930,-0.00004344,0.00071828
0.00138940,-0.00005290,0.00067560
0.00138950,0.00025377,0.00060696
0.00138960,0.00039917,0.00051530
0.00138970,0.00026220,0.00040445
0.00138980,0.00028706,0.00027894
0.00138990,0.00022062,0.00014383
0.00139000,0.00020969,0.00000450
0.00139010,0.00032890,-0.00013357
0.00139020,0.00005192,-0.00026504
0.00139030,-0.00000357,-0.00038485
0.00139040,-0.00012082,-0.00048842
0.00139050,0.00000557,-0.00057179
0.00139060,0.00011338,-0.00063179
0.00139070,-0.00000759,-0.00066611
0.00139080,-0.00023754,-0.00067347
0.00139090,-0.00037030,-0.00065365
0.00139100,-0.00056966,-0.00060758
0.00139110,-0.00048001,-0.00053729
0.00139120,-0.00048465,-0.00044584
0.00139130,-0.00039101,-0.00033720
0.00139140,-0.00038153,-0.00021604
0.00139150,-0.00054100,-0.00008753
0.00139160,-0.00053383,0.00004290
0.00139170,-0.00053669,0.00016980
0.00139180,-0.00063944,0.00028796
0.00139190,-0.00073940,0.00039255
0.00139200,-0.00043661,0.00047940
0.00139210,-0.00042837,0.00054510
0.00139220,-0.00060443,0.00058721
0.00139230,-0.00056828,0.00060430
0.00139240,-0.00047213,0.00059601
0.00139250,-0.00044832,0.00056306
0.00139260,-0.00028450,0.00050717
0.00139270,-0.00023438,0.00043100
0.00139280,-0.00012453,0.00033800
0.00139290,-0.00005307,0.00023229
0.00139300,0.00004028,0.00011847
0.00139310,0.00007015,0.00000140
0.00139320,0.00000065,-0.00011392
0.00139330,-0.00001218,-0.00022266
0.00139340,0.00008403,-0.00032032
0.00139350,0.00032743,-0.00040297
0.00139360,0.00032582,-0.00046742
0.00139370,0.00034410,-0.00051135
0.00139380,0.00016228,-0.00053339
0.00139390,0.00010506,-0.00053312
0.00139400,-0.00007591,-0.00051101
0.00139410,-0.00006114,-0.00046837
0.00139420,0.00004328,-0.00040725
0.00139430,-0.00015620,-0.00033039
0.00139440,-0.00017705,-0.00024108
0.00139450,-0.00025466,-0.00014311
0.00139460,-0.00042702,-0.00004063
0.00139470,-0.00035219,0.00006202
0.00139480,-0.00043866,0.00016051
0.00139490,-0.00051974,0.00025072
0.00139500,-0.00055482,0.00032896
0.00139510,-0.00048507,0.00039216
0.00139520,-0.00055033,0.00043805
0.00139530,-0.00053218,0.00046520
0.00139540,-0.00061371,0.00047310
0.00139550,-0.00060849,0.00046214
0.00139560,-0.00067837,0.00043342
0.00139570,-0.00067229,0.00038872
0.00139580,-0.00051548,0.00033032
0.00139590,-0.00030762,0.00026088
0.00139600,-0.00037816,0.00018334
0.00139610,-0.00031176,0.00010079
0.00139620,-0.00017326,0.00001641
0.00139630,-0.00016654,-0.00006664
0.00139640,-0.00004001,-0.00014530
0.00139650,0.00015348,-0.00021674
0.00139660,0.00017422,-0.00027850
0.00139670,0.00021224,-0.00032850
0.00139680,0.00008916,-0.00036524
0.00139690,0.00007722,-0.00038775
0.00139700,0.00007482,-0.00039570
0.00139710,0.00010291,-0.00038929
0.00139720,0.00019104,-0.00036927
0.00139730,-0.00006753,-0.00033687
0.00139740,-0.00010814,-0.00029372
0.00139750,-0.00011530,-0.00024179
0.00139760,-0.00022327,-0.00018335
0.00139770,-0.00017031,-0.00012079
0.00139780,-0.00028078,-0.00005656
0.00139790,-0.00032652,0.00000699
0.00139800,-0.00047606,0.00006775
0.00139810,-0.00041152,0.00012389
0.00139820,-0.00041497,0.00017394
0.00139830,-0.00035889,0.00021681
0.00139840,-0.00048082,0.00025178
0.00139850,-0.00059080,0.00027842
0.00139860,-0.00050507,0.00029654
0.00139870,-0.00037931,0.00030617
0.00139880,-0.00032674,0.00030749
0.00139890,-0.00039168,0.00030081
0.00139900,-0.00032295,0.00028658
0.00139910,-0.00035091,0.00026533
0.00139920,0.00003906,0.00023772
0.00139930,0.00018840,0.00020451
0.00139940,0.00016217,0.00016659
0.00139950,0.00018917,0.00012491
0.00139960,-0.00000309,0.00008045
0.00139970,0.00011677,0.00003418
0.00139980,0.00017229,-0.00001299
0.00139990,0.00022221,-0.00006017
0.00140000,0.00028312,-0.00010652
0.00140010,0.00009353,-0.00015124
0.00140020,0.00009238,-0.00019351
0.00140030,-0.00013579,-0.00023246
0.00140040,0.00001129,-0.00026717
0.00140050,0.00006394,-0.00029660
0.00140060,0.00005329,-0.00031962
0.00140070,0.00007230,-0.00033506
0.00140080,-0.00047872,-0.00034171
0.00140090,-0.00051963,-0.00033852
0.00140100,-0.00057790,-0.00032469
0.00140110,-0.00050361,-0.00029982
0.00140120,-0.00046326,-0.00026397
0.00140130,-0.00052469,-0.00021773
0.00140140,-0.00042243,-0.00016219
0.00140150,-0.00036373,-0.00009891
0.00140160,-0.00033891,-0.00002979
0.00140170,-0.00051036,0.00004298
0.00140180,-0.00035675,0.00011705
0.00140190,-0.00035725,0.00018994
0.00140200,-0.00029823,0.00025909
0.00140210,-0.00032369,0.00032196
0.00140220,-0.00026754,0.00037605
0.00140230,-0.00002313,0.00041903
0.00140240,-0.00011344,0.00044882
0.00140250,-0.00008056,0.00046375
0.00140260,-0.00019778,0.00046262
0.00140270,0.00006412,0.00044485
0.00140280,0.00016069,0.00041051
0.00140290,-0.00005678,0.00036044
0.00140300,0.00011651,0.00029616
0.00140310,-0.00010404,0.00021991
0.00140320,-0.00008944,0.00013446
0.00140330,0.00007419,0.00004298
0.00140340,0.00012552,-0.00005109
0.00140350,-0.00010845,-0.00014430
0.00140360,-0.00035630,-0.00023324
0.00140370,-0.00041281,-0.00031473
0.00140380,-0.00061455,-0.00038588
0.00140390,-0.00049059,-0.00044414
0.00140400,-0.00054579,-0.00048738
0.00140410,-0.00053795,-0.00051397
0.00140420,-0.00053874,-0.00052285
0.00140430,-0.00054898,-0.00051359
0.00140440,-0.00048677,-0.00048645
0.00140450,-0.00038320,-0.00044233
0.00140460,-0.00038475,-0.00038282
0.00140470,-0.00052595,-0.00031003
0.00140480,-0.00033534,-0.00022656
0.00140490,-0.00032684,-0.00013538
0.00140500,-0.00030819,-0.00003973
0.00140510,-0.00031145,0.00005699
0.00140520,-0.00031753,0.00015132
0.00140530,-0.00017494,0.00023986
0.00140540,-0.00017316,0.00031940
0.00140550,0.00004183,0.00038705
0.00140560,-0.00003061,0.00044035
0.00140570,-0.00006589,0.00047742
0.00140580,0.00017094,0.00049701
0.00140590,0.00003238,0.00049859
0.00140600,0.00026402,0.00048238
0.00140610,0.00049185,0.00044930
0.00140620,0.00031024,0.00040096
0.00140630,0.00019173,0.00033955
0.00140640,0.00002283,0.00026773
0.00140650,0.00005722,0.00018851
0.00140660,0.00001901,0.00010508
0.00140670,-0.00000033,0.00002068
0.00140680,-0.00024643,-0.00006151
0.00140690,-0.00017115,-0.00013854
0.00140700,-0.00014864,-0.00020780
0.00140710,-0.00026672,-0.00026704
0.00140720,-0.00026447,-0.00031453
0.00140730,-0.00035487,-0.00034904
0.00140740,-0.00050007,-0.00036987
0.00140750,-0.00064248,-0.00037686
0.00140760,-0.00065334,-0.00037033
0.00140770,-0.00068583,-0.00035107
0.00140780,-0.00070046,-0.00032034
0.00140790,-0.00069112,-0.00027975
0.00140800,-0.00062239,-0.00023126
0.00140810,-0.00033823,-0.00017706
0.00140820,-0.00038605,-0.00011945
0.00140830,-0.00044603,-0.00006073
0.00140840,-0.00047712,-0.00000313
0.00140850,-0.00025020,0.00005129
0.00140860,0.00003541,0.00010064
0.00140870,0.00003394,0.00014332
0.00140880,0.00015084,0.00017802
0.00140890,0.00015603,0.00020379
0.00140900,-0.00004642,0.00022004
0.00140910,0.00004263,0.00022664
0.00140920,0.00016922,0.00022384
0.00140930,0.00032420,0.00021227
0.00140940,0.00023628,0.00019292
0.00140950,0.00029553,0.00016702
0.00140960,0.00035610,0.00013604
0.00140970,0.00011951,0.00010158
0.00140980,0.00022233,0.00006529
0.00140990,0.00014503,0.00002878
0.00141000,0.00015965,-0.00000639
0.00141010,0.00011572,-0.00003885
0.00141020,-0.00000032,-0.00006739
0.00141030,-0.00015946,-0.00009099
0.00141040,-0.00035561,-0.00010883
0.00141050,-0.00044111,-0.00012028
0.00141060,-0.00056991,-0.00012496
0.00141070,-0.00047193,-0.00012271
0.00141080,-0.00079436,-0.00011371
0.00141090,-0.00087192,-0.00009843
0.00141100,-0.00067779,-0.00007767
0.00141110,-0.00055491,-0.00005254
0.00141120,-0.00048151,-0.00002440
0.00141130,-0.00052752,0.00000525
0.00141140,-0.00058038,0.00003482
0.00141150,-0.00064585,0.00006275
0.00141160,-0.00064788,0.00008757
0.00141170,-0.00042158,0.00010799
0.00141180,-0.00035514,0.00012294
0.00141190,-0.00021784,0.00013160
0.00141200,-0.00007020,0.00013340
0.00141210,-0.00010809,0.00012808
0.00141220,0.00021097,0.00011568
0.00141230,0.00023774,0.00009654
0.00141240,0.00028846,0.00007128
0.00141250,0.00039249,0.00004083
0.00141260,0.00040924,0.00000636
0.00141270,0.00034183,-0.00003074
0.00141280,0.00016011,-0.00006892
0.00141290,0.00031819,-0.00010656
0.00141300,0.00023421,-0.00014200
0.00141310,0.00017678,-0.00017364
0.00141320,0.00016291,-0.00020002
0.00141330,0.00012380,-0.00021979
0.00141340,-0.00005688,-0.00023184
0.00141350,-0.00019977,-0.00023526
0.00141360,-0.00038277,-0.00022942
0.00141370,-0.00060409,-0.00021392
0.00141380,-0.00080023,-0.00018868
0.00141390,-0.00081971,-0.00015398
0.00141400,-0.00080163,-0.00011050
0.00141410,-0.00058374,-0.00005939
0.00141420,-0.00070543,-0.00000226
0.00141430,-0.00091705,0.00005886
0.00141440,-0.00092121,0.00012158
0.00141450,-0.00090496,0.00018328
0.00141460,-0.00068807,0.00024121
0.00141470,-0.00062830,0.00029265
0.00141480,-0.00040414,0.00033502
0.00141490,-0.00038406,0.00036604
0.00141500,-0.00027193,0.00038384
0.00141510,-0.00014742,0.00038703
0.00141520,-0.00010239,0.00037484
0.00141530,0.00010607,0.00034710
0.00141540,0.00021591,0.00030427
0.00141550,0.00025742,0.00024747
0.00141560,0.00032287,0.00017837
0.00141570,0.00037892,0.00009918
0.00141580,0.00041048,0.00001261
0.00141590,0.00032106,-0.00007822
0.00141600,0.00039792,-0.00016983
0.00141610,0.00005902,-0.00025852
0.00141620,0.00006269,-0.00034044
0.00141630,0.00012043,-0.00041186
0.00141640,0.00004579,-0.00046928
0.00141650,-0.00002431,-0.00050967
0.00141660,-0.00015910,-0.00053060
0.00141670,-0.00038830,-0.00053039
0.00141680,-0.00055349,-0.00050827
0.00141690,-0.00069866,-0.00046441
0.00141700,-0.00078534,-0.00040000
0.00141710,-0.00075088,-0.00031715
0.00141720,-0.00063273,-0.00021890
0.00141730,-0.00062118,-0.00010901
0.00141740,-0.00059329,0.00000815
0.00141750,-0.00054790,0.00012779
0.00141760,-0.00054438,0.00024489
0.00141770,-0.00039594,0.00035440
0.00141780,-0.00037121,0.00045150
0.00141790,-0.00035880,0.00053176
0.00141800,-0.00036838,0.00059141
0.00141810,-0.00023021,0.00062752
0.00141820,-0.00007521,0.00063817
0.00141830,-0.00003721,0.00062256
0.00141840,0.00013460,0.00058109
0.00141850,0.00004534,0.00051527
0.00141860,0.00004306,0.00042763
0.00141870,0.00029376,0.00032162
0.00141880,0.00018377,0.00020137
0.00141890,0.00015468,0.00007162
0.00141900,0.00010314,-0.00006244
0.00141910,0.00002582,-0.00019537
0.00141920,0.00009700,-0.00032170
0.00141930,0.00003254,-0.00043614
0.00141940,0.00016554,-0.00053387
0.00141950,-0.00006021,-0.00061072
0.00141960,-0.00016393,-0.00066340
0.00141970,-0.00033453,-0.00068968
0.00141980,-0.00023984,-0.00068843
0.00141990,-0.00034094,-0.00065970
0.00142000,-0.00047879,-0.00060468
0.00142010,-0.00042532,-0.00052559
0.00142020,-0.00047747,-0.00042563
0.00142030,-0.00028385,-0.00030883
0.00142040,-0.00034283,-0.00017988
0.00142050,-0.00039480,-0.00004394
0.00142060,-0.00026881,0.00009353
0.00142070,-0.00050583,0.00022701
0.00142080,-0.00045366,0.00035118
0.00142090,-0.00027063,0.00046107
0.00142100,-0.00027544,0.00055229
0.00142110,-0.00016173,0.00062126
0.00142120,-0.00007475,0.00066532
0.00142130,-0.00023899,0.00068293
0.00142140,-0.00009235,0.00067375
0.00142150,-0.00007097,0.00063862
0.00142160,-0.00004506,0.00057954
0.00142170,-0.00010112,0.00049947
0.00142180,-0.00003301,0.00040216
0.00142190,0.00000019,0.00029195
0.00142200,-0.00016481,0.00017346
0.00142210,-0.00021541,0.00005143
0.00142220,-0.00034099,-0.00006949
0.00142230,-0.00018749,-0.00018489
0.00142240,-0.00012661,-0.00029076
0.00142250,-0.00001778,-0.00038352
0.00142260,-0.00017533,-0.00046018
0.00142270,-0.00031633,-0.00051839
0.00142280,-0.00030273,-0.00055649
0.00142290,-0.00034762,-0.00057363
0.00142300,-0.00019125,-0.00056977
0.00142310,-0.00031383,-0.00054570
0.00142320,-0.00036976,-0.00050298
0.00142330,-0.00019386,-0.00044385
0.00142340,-0.00014273,-0.00037110
0.00142350,-0.00019697,-0.00028792
0.00142360,-0.00034694,-0.00019774
0.00142370,-0.00054284,-0.00010410
0.00142380,-0.00056542,-0.00001046
0.00142390,-0.00039996,0.00007988
0.00142400,-0.00039907,0.00016396
0.00142410,-0.00041750,0.00023917
0.00142420,-0.00033237,0.00030341
0.00142430,-0.00031703,0.00035502
0.00142440,-0.00026403,0.00039284
0.00142450,-0.00006129,0.00041624
0.00142460,0.00002851,0.00042502
0.00142470,-0.00004674,0.00041952
0.00142480,-0.00015142,0.00040047
0.00142490,-0.00027594,0.00036907
0.00142500,-0.00006042,0.00032689
0.00142510,-0.00010169,0.00027584
0.00142520,0.00003630,0.00021804
0.00142530,0.00003391,0.00015575
0.00142540,-0.00011539,0.00009127
0.00142550,-0.00011335,0.00002687
0.00142560,-0.00027383,-0.00003532
0.00142570,-0.00028100,-0.00009338
0.00142580,-0.00016331,-0.00014562
0.00142590,-0.00009109,-0.00019072
0.00142600,-0.00018015,-0.00022767
0.00142610,-0.00021601,-0.00025586
0.00142620,-0.00025341,-0.00027501
0.00142630,-0.00022313,-0.00028516
0.00142640,-0.00023441,-0.00028666
0.00142650,-0.00020697,-0.00028010
0.00142660,-0.00017024,-0.00026621
0.00142670,-0.00022972,-0.00024588
0.00142680,-0.00032607,-0.00021999
0.00142690,-0.00042412,-0.00018948
0.00142700,-0.00051420,-0.00015524
0.00142710,-0.00044182,-0.00011821
0.00142720,-0.00044699,-0.00007934
0.00142730,-0.00043956,-0.00003962
0.00142740,-0.00026384,-0.00000002
0.00142750,-0.00018365,0.00003853
0.00142760,-0.00027148,0.00007515
0.00142770,-0.00026122,0.00010908
0.00142780,-0.00027510,0.00013968
0.00142790,-0.00018301,0.00016642
0.00142800,-0.00008073,0.00018892
0.00142810,-0.00019182,0.00020687
0.00142820,-0.00026239,0.00022005
0.00142830,-0.00040512,0.00022824
0.00142840,-0.00024269,0.00023119
0.00142850,-0.00013363,0.00022863
0.00142860,0.00001666,0.00022024
0.00142870,0.00000704,0.00020570
0.00142880,-0.00011096,0.00018475
0.00142890,0.00011284,0.00015730
0.00142900,-0.00015065,0.00012351
0.00142910,-0.00003250,0.00008389
0.00142920,-0.00017079,0.00003933
0.00142930,-0.00022696,-0.00000891
0.00142940,-0.00023986,-0.00005919
0.00142950,-0.00019904,-0.00010965
0.00142960,-0.00004921,-0.00015824
0.00142970,-0.00034005,-0.00020290
0.00142980,-0.00048174,-0.00024164
0.00142990,-0.00048702,-0.00027266
0.00143000,-0.00048858,-0.00029441
0.00143010,-0.00030556,-0.00030571
0.00143020,-0.00043105,-0.00030569
0.00143030,-0.00051847,-0.00029390
0.00143040,-0.00036077,-0.00027030
0.00143050,-0.00034381,-0.00023526
0.00143060,-0.00035570,-0.00018958
0.00143070,-0.00025108,-0.00013457
0.00143080,-0.00024806,-0.00007200
0.00143090,-0.00033102,-0.00000411
0.00143100,-0.00026108,0.00006648
0.00143110,-0.00015728,0.00013682
0.00143120,-0.00021535,0.00020385
0.00143130,-0.00031791,0.00026445
0.00143140,-0.00015571,0.00031571
0.00143150,0.00006648,0.00035503
0.00143160,0.00010409,0.00038031
0.00143170,0.00009852,0.00039006
0.00143180,0.00017902,0.00038349
0.00143190,-0.00003134,0.00036059
0.00143200,0.00005169,0.00032216
0.00143210,-0.00005315,0.00026968
0.00143220,-0.00005829,0.00020531
0.00143230,-0.00014181,0.00013168
0.00143240,-0.00038230,0.00005179
0.00143250,-0.00031814,-0.00003111
0.00143260,-0.00031463,-0.00011366
0.00143270,-0.00020863,-0.00019248
0.00143280,-0.00018333,-0.00026427
0.00143290,-0.00013985,-0.00032599
0.00143300,-0.00032903,-0.00037496
0.00143310,-0.00052264,-0.00040904
0.00143320,-0.00049190,-0.00042673
0.00143330,-0.00056741,-0.00042724
0.00143340,-0.00044457,-0.00041053
0.00143350,-0.00028682,-0.00037728
0.00143360,-0.00015284,-0.00032883
0.00143370,-0.00010505,-0.00026713
0.00143380,0.00001912,-0.00019469
0.00143390,0.00007005,-0.00011444
0.00143400,-0.00003572,-0.00002970
0.00143410,-0.00006234,0.00005599
0.00143420,-0.00005663,0.00013901
0.00143430,0.00007720,0.00021580
0.00143440,0.00008293,0.00028304
0.00143450,0.00010020,0.00033787
0.00143460,0.00011557,0.00037800
0.00143470,0.00036515,0.00040181
0.00143480,0.00016950,0.00040849
0.00143490,0.00008168,0.00039796
0.00143500,0.00003084,0.00037090
0.00143510,-0.00026278,0.00032870
0.00143520,-0.00003959,0.00027338
0.00143530,-0.00008267,0.00020752
0.00143540,-0.00009863,0.00013417
0.00143550,-0.00036319,0.00005671
0.00143560,-0.00029049,-0.00002129
0.00143570,-0.00027871,-0.00009625
0.00143580,-0.00050875,-0.00016474
0.00143590,-0.00044189,-0.00022367
0.00143600,-0.00042327,-0.00027046
0.00143610,-0.00033620,-0.00030314
0.00143620,-0.00039074,-0.00032047
0.00143630,-0.00033822,-0.00032199
0.00143640,-0.00026897,-0.00030802
0.00143650,-0.00035354,-0.00027963
0.00143660,-0.00030696,-0.00023858
0.00143670,-0.00022058,-0.00018715
0.00143680,-0.00013439,-0.00012809
0.00143690,-0.00026602,-0.00006442
0.00143700,-0.00028646,0.00000067
0.00143710,-0.00003720,0.00006397
0.00143720,-0.00010574,0.00012240
0.00143730,-0.00001280,0.00017309
0.00143740,0.00000547,0.00021352
0.00143750,-0.00005947,0.00024166
0.00143760,-0.00006698,0.00025607
0.00143770,-0.00032105,0.00025596
0.00143780,-0.00007460,0.00024129
0.00143790,-0.00005741,0.00021282
0.00143800,-0.00024123,0.00017204
0.00143810,-0.00009505,0.00012113
0.00143820,0.00010174,0.00006285
0.00143830,0.00001243,0.00000032
0.00143840,-0.00008629,-0.00006311
0.00143850,-0.00013741,-0.00012413
0.00143860,-0.00013191,-0.00017959
0.00143870,-0.00024983,-0.00022670
0.00143880,-0.00013104,-0.00026312
0.00143890,-0.00031948,-0.00028704
0.00143900,-0.00022110,-0.00029726
0.00143910,-0.00006438,-0.00029316
0.00143920,-0.00013233,-0.00027473
0.00143930,-0.00009757,-0.00024253
0.00143940,-0.00026821,-0.00019767
0.00143950,-0.00034876,-0.00014178
0.00143960,-0.00039539,-0.00007700
0.00143970,-0.00033196,-0.00000593
0.00143980,-0.00038236,0.00006843
0.00143990,-0.00047450,0.00014279
0.00144000,-0.00047114,0.00021368
0.00144010,-0.00041245,0.00027765
0.00144020,-0.00025795,0.00033142
0.00144030,-0.00031775,0.00037213
0.00144040,-0.00030981,0.00039754
0.00144050,-0.00045071,0.00040613
0.00144060,-0.00029192,0.00039719
0.00144070,-0.00035910,0.00037090
0.00144080,-0.00035963,0.00032825
0.00144090,-0.00022696,0.00027099
0.00144100,-0.00023208,0.00020157
0.00144110,-0.00027125,0.00012298
0.00144120,-0.00018705,0.00003862
0.00144130,-0.00012590,-0.00004790
0.00144140,-0.00015305,-0.00013294
0.00144150,0.00000221,-0.00021295
0.00144160,-0.00004980,-0.00028473
0.00144170,-0.00017896,-0.00034554
0.00144180,-0.00019625,-0.00039319
0.00144190,-0.00027554,-0.00042614
0.00144200,-0.00012531,-0.00044348
0.00144210,0.00000271,-0.00044488
0.00144220,-0.00013394,-0.00043054
0.00144230,0.00007156,-0.00040116
0.00144240,-0.00001925,-0.00035788
0.00144250,-0.00024812,-0.00030225
0.00144260,-0.00000426,-0.00023624
0.00144270,-0.00011284,-0.00016220
0.00144280,-0.00003146,-0.00008279
0.00144290,-0.00006846,-0.00000094
0.00144300,-0.00017837,0.00008031
0.00144310,-0.00025194,0.00015798
0.00144320,-0.00039739,0.00022933
0.00144330,-0.00053189,0.00029195
0.00144340,-0.00053653,0.00034395
0.00144350,-0.00058132,0.00038395
0.00144360,-0.00047805,0.00041112
0.00144370,-0.00048774,0.00042516
0.00144380,-0.00058494,0.00042620
0.00144390,-0.00041666,0.00041477
0.00144400,-0.00049797,0.00039167
0.00144410,-0.00024843,0.00035792
0.00144420,-0.00015359,0.00031474
0.00144430,-0.00031771,0.00026342
0.00144440,-0.00015458,0.00020535
0.00144450,-0.00008951,0.00014195
0.00144460,-0.00001982,0.00007471
0.00144470,0.00009316,0.00000519
0.00144480,0.00009821,-0.00006497
0.00144490,0.00026237,-0.00013405
0.00144500,0.00023752,-0.00020028
0.00144510,0.00010319,-0.00026196
0.00144520,0.00013202,-0.00031747
0.00144530,0.00000297,-0.00036538
0.00144540,0.00003433,-0.00040441
0.00144550,0.00004826,-0.00043347
0.00144560,-0.00003936,-0.00045163
0.00144570,0.00003711,-0.00045808
0.00144580,-0.00008626,-0.00045221
0.00144590,-0.00011407,-0.00043363
0.00144600,-0.00026005,-0.00040218
0.00144610,-0.00043985,-0.00035803
0.00144620,-0.00041668,-0.00030172
0.00144630,-0.00050827,-0.00023426
0.00144640,-0.00041497,-0.00015709
0.00144650,-0.00038096,-0.00007216
0.00144660,-0.00037444,0.00001821
0.00144670,-0.00031701,0.00011132
0.00144680,-0.00034696,0.00020426
0.00144690,-0.00024714,0.00029396
0.00144700,-0.00047796,0.00037729
0.00144710,-0.00036135,0.00045122
0.00144720,-0.00022958,0.00051288
0.00144730,-0.00061211,0.00055967
0.00144740,-0.00028522,0.00058941
0.00144750,-0.00031208,0.00060044
0.00144760,-0.00018508,0.00059169
0.00144770,-0.00034169,0.00056277
0.00144780,-0.00011922,0.00051403
0.00144790,-0.00013325,0.00044655
0.00144800,-0.00023020,0.00036218
0.00144810,-0.00013227,0.00026340
0.00144820,-0.00023377,0.00015329
0.00144830,0.00010043,0.00003538
0.00144840,-0.00003534,-0.00008643
0.00144850,-0.00008806,-0.00020803
0.00144860,-0.00020170,-0.00032517
0.00144870,-0.00030022,-0.00043357
0.00144880,-0.00029608,-0.00052912
0.00144890,-0.00027644,-0.00060794
0.00144900,-0.00012710,-0.00066668
0.00144910,-0.00025651,-0.00070263
0.00144920,-0.00002211,-0.00071396
0.00144930,-0.00017153,-0.00069978
0.00144940,-0.00022464,-0.00066023
0.00144950,-0.00020006,-0.00059648
0.00144960,-0.00014753,-0.00051063
0.00144970,-0.00003475,-0.00040562
0.00144980,-0.00024678,-0.00028512
0.00144990,-0.00005266,-0.00015339
0.00145000,-0.00010079,-0.00001513
0.00145010,-0.00016683,0.00012465
0.00145020,-0.00014279,0.00026079
0.00145030,-0.00022222,0.00038821
0.00145040,0.00002468,0.00050208
0.00145050,-0.00018436,0.00059804
0.00145060,-0.00030242,0.00067240
0.00145070,-0.00035839,0.00072232
0.00145080,-0.00029353,0.00074589
0.00145090,-0.00020419,0.00074228
0.00145100,-0.00025855,0.00071171
0.00145110,-0.00021843,0.00065549
0.00145120,-0.00019972,0.00057594
0.00145130,-0.00012710,0.00047622
0.00145140,-0.00020263,0.00036022
0.00145150,-0.00017330,0.00023235
0.00145160,-0.00024833,0.00009737
0.00145170,-0.00030098,-0.00003988
0.00145180,-0.00037582,-0.00017457
0.00145190,-0.00037678,-0.00030207
0.00145200,-0.00020327,-0.00041806
0.00145210,-0.00008171,-0.00051861
0.00145220,-0.00018543,-0.00060025
0.00145230,-0.00024187,-0.00066012
0.00145240,-0.00028940,-0.00069607
0.00145250,-0.00032334,-0.00070678
0.00145260,-0.00021911,-0.00069186
0.00145270,-0.00018191,-0.00065194
0.00145280,0.00002516,-0.00058862
0.00145290,-0.00010489,-0.00050449
0.00145300,-0.00031202,-0.00040294
0.00145310,-0.00033548,-0.00028803
0.00145320,-0.00038773,-0.00016430
0.00145330,-0.00036408,-0.00003652
0.00145340,-0.00040042,0.00009052
0.00145350,-0.00023312,0.00021216
0.00145360,-0.00022634,0.00032409
0.00145370,-0.00015358,0.00042247
0.00145380,-0.00015553,0.00050402
0.00145390,-0.00011853,0.00056612
0.00145400,-0.00006724,0.00060683
0.00145410,-0.00022156,0.00062493
0.00145420,-0.00026835,0.00061997
0.00145430,-0.00032479,0.00059228
0.00145440,-0.00014809,0.00054299
0.00145450,-0.00007553,0.00047409
0.00145460,-0.00009286,0.00038835
0.00145470,-0.00017904,0.00028923
0.00145480,-0.00018492,0.00018081
0.00145490,-0.00004869,0.00006749
0.00145500,0.00006394,-0.00004615
0.00145510,0.00007713,-0.00015561
0.00145520,0.00011423,-0.00025666
0.00145530,-0.00010495,-0.00034554
0.00145540,-0.00018589,-0.00041908
0.00145550,-0.00015678,-0.00047482
0.00145560,-0.00033179,-0.00051105
0.00145570,-0.00018959,-0.00052689
0.00145580,-0.00032380,-0.00052228
0.00145590,-0.00033841,-0.00049793
0.00145600,-0.00014511,-0.00045526
0.00145610,-0.00031556,-0.00039633
0.00145620,-0.00028724,-0.00032365
0.00145630,-0.00050625,-0.00024014
0.00145640,-0.00042602,-0.00014898
0.00145650,-0.00030916,-0.00005352
0.00145660,-0.00023887,0.00004275
0.00145670,-0.00031574,0.00013634
0.00145680,-0.00029147,0.00022379
0.00145690,-0.00024473,0.00030178
0.00145700,-0.00011710,0.00036732
0.00145710,0.00000317,0.00041783
0.00145720,0.00002623,0.00045129
0.00145730,-0.00000832,0.00046639
0.00145740,0.00001689,0.00046261
0.00145750,-0.00005932,0.00044025
0.00145760,-0.00002409,0.00040042
0.00145770,-0.00004589,0.00034495
0.00145780,-0.00011479,0.00027623
0.00145790,0.00005553,0.00019710
0.00145800,-0.00007241,0.00011070
0.00145810,0.00015069,0.00002028
0.00145820,-0.00001322,-0.00007082
0.00145830,-0.00017022,-0.00015927
0.00145840,-0.00007489,-0.00024183
0.00145850,-0.00016121,-0.00031542
0.00145860,-0.00003784,-0.00037721
0.00145870,-0.00002423,-0.00042472
0.00145880,-0.00020546,-0.00045591
0.00145890,-0.00032690,-0.00046930
0.00145900,-0.00022943,-0.00046408
0.00145910,-0.00054629,-0.00044016
0.00145920,-0.00053215,-0.00039822
0.00145930,-0.00036825,-0.00033974
0.00145940,-0.00038563,-0.00026695
0.00145950,-0.00027895,-0.00018274
0.00145960,-0.00050606,-0.00009052
0.00145970,-0.00046941,0.00000592
0.00145980,-0.00039706,0.00010267
0.00145990,-0.00037101,0.00019588
0.00146000,-0.00033886,0.00028193
0.00146010,-0.00040799,0.00035755
0.00146020,-0.00021607,0.00041996
0.00146030,-0.00021784,0.00046686
0.00146040,-0.00012323,0.00049651
0.00146050,-0.00005492,0.00050774
0.00146060,-0.00010258,0.00050003
0.00146070,0.00011855,0.00047345
0.00146080,0.00022415,0.00042876
0.00146090,0.00017610,0.00036740
0.00146100,0.00015277,0.00029148
0.00146110,-0.00005567,0.00020369
0.00146120,-0.00015764,0.00010725
0.00146130,-0.00031505,0.00000571
0.00146140,-0.00032941,-0.00009715
0.00146150,-0.00018082,-0.00019746
0.00146160,-0.00017328,-0.00029142
0.00146170,-0.00010186,-0.00037547
0.00146180,-0.00032308,-0.00044641
0.00146190,-0.00032363,-0.00050155
0.00146200,-0.00028996,-0.00053879
0.00146210,-0.00060641,-0.00055669
0.00146220,-0.00053206,-0.00055452
0.00146230,-0.00067676,-0.00053229
0.00146240,-0.00078278,-0.00049071
0.00146250,-0.00072642,-0.00043115
0.00146260,-0.00056624,-0.00035564
0.00146270,-0.00042387,-0.00026677
0.00146280,-0.00053390,-0.00016761
0.00146290,-0.00040721,-0.00006162
0.00146300,-0.00026989,0.00004748
0.00146310,-0.00022207,0.00015585
0.00146320,-0.00010790,0.00025963
0.00146330,-0.00004540,0.00035512
0.00146340,0.00004840,0.00043880
0.00146350,-0.00001159,0.00050752
0.00146360,-0.00000424,0.00055855
0.00146370,-0.00018231,0.00058978
0.00146380,-0.00024571,0.00059976
0.00146390,-0.00035771,0.00058784
0.00146400,-0.00037160,0.00055430
0.00146410,-0.00025249,0.00050028
0.00146420,-0.00013864,0.00042784
0.00146430,-0.00015943,0.00033978
0.00146440,-0.00012887,0.00023951
0.00146450,-0.00017025,0.00013085
0.00146460,-0.00019870,0.00001787
0.00146470,-0.00015715,-0.00009529
0.00146480,-0.00024281,-0.00020455
0.00146490,-0.00026903,-0.00030597
0.00146500,-0.00027846,-0.00039590
0.00146510,-0.00018752,-0.00047111
0.00146520,-0.00028560,-0.00052888
0.00146530,-0.00032796,-0.00056716
0.00146540,-0.00012255,-0.00058464
0.00146550,-0.00015949,-0.00058079
0.00146560,-0.00020502,-0.00055591
0.00146570,-0.00032954,-0.00051114
0.00146580,-0.00019103,-0.00044836
0.00146590,-0.00036032,-0.00037019
0.00146600,-0.00035044,-0.00027984
0.00146610,-0.00018609,-0.00018098
0.00146620,-0.00007305,-0.00007751
0.00146630,-0.00016556,0.00002664
0.00146640,-0.00028885,0.00012770
0.00146650,-0.00016012,0.00022225
0.00146660,-0.00019170,0.00030732
0.00146670,-0.00009370,0.00038043
0.00146680,-0.00030837,0.00043956
0.00146690,-0.00033292,0.00048313
0.00146700,-0.00019928,0.00050995
0.00146710,-0.00036989,0.00051921
0.00146720,-0.00033111,0.00051059
0.00146730,-0.00046601,0.00048429
0.00146740,-0.00034141,0.00044109
0.00146750,-0.00036235,0.00038239
0.00146760,-0.00032183,0.00031025
0.00146770,-0.00024009,0.00022728
0.00146780,-0.00034690,0.00013663
0.00146790,-0.00020589,0.00004180
0.00146800,-0.00021544,-0.00005355
0.00146810,-0.00025721,-0.00014574
0.00146820,-0.00011822,-0.00023133
0.00146830,-0.00017805,-0.00030724
0.00146840,-0.00003838,-0.00037084
0.00146850,-0.00005158,-0.00042007
0.00146860,-0.00003092,-0.00045339
0.00146870,0.00004934,-0.00046985
0.00146880,-0.00004502,-0.00046908
0.00146890,0.00011309,-0.00045124
0.00146900,-0.00002008,-0.00041710
0.00146910,-0.00014028,-0.00036799
0.00146920,-0.00012908,-0.00030580
0.00146930,-0.00026014,-0.00023292
0.00146940,-0.00005735,-0.00015214
0.00146950,-0.00006755,-0.00006656
0.00146960,-0.00013916,0.00002053
0.00146970,-0.00009074,0.00010580
0.00146980,-0.00013019,0.00018602
0.00146990,-0.00019777,0.00025822
0.00147000,-0.00022299,0.00031975
0.00147010,-0.00039793,0.00036843
0.00147020,-0.00029846,0.00040260
0.00147030,-0.00021744,0.00042116
0.00147040,-0.00033522,0.00042369
0.00147050,-0.00024529,0.00041040
0.00147060,-0.00033877,0.00038214
0.00147070,-0.00032387,0.00034036
0.00147080,-0.00042469,0.00028696
0.00147090,-0.00035794,0.00022421
0.00147100,-0.00020996,0.00015461
0.00147110,-0.00009874,0.00008074
0.00147120,0.00013423,0.00000521
0.00147130,-0.00010610,-0.00006944
0.00147140,-0.00010592,-0.00014081
0.00147150,-0.00004171,-0.00020660
0.00147160,-0.00007134,-0.00026473
0.00147170,-0.00005100,-0.00031329
0.00147180,-0.00019541,-0.00035064
0.00147190,-0.00006278,-0.00037546
0.00147200,-0.00002637,-0.00038687
0.00147210,-0.00028476,-0.00038444
0.00147220,-0.00031864,-0.00036834
0.00147230,-0.00037425,-0.00033924
0.00147240,-0.00033728,-0.00029836
0.00147250,-0.00036178,-0.00024735
0.00147260,-0.00068436,-0.00018820
0.00147270,-0.00032096,-0.00012314
0.00147280,-0.00028262,-0.00005452
0.00147290,-0.00041281,0.00001524
0.00147300,-0.00044252,0.00008382
0.00147310,-0.00050742,0.00014901
0.00147320,-0.00040026,0.00020883
0.00147330,-0.00060717,0.00026150
0.00147340,-0.00046546,0.00030550
0.00147350,-0.00036717,0.00033951
0.00147360,-0.00033628,0.00036246
0.00147370,-0.00010267,0.00037353
0.00147380,0.00001775,0.00037222
0.00147390,0.00003885,0.00035841
0.00147400,-0.00003996,0.00033243
0.00147410,0.00018153,0.00029509
0.00147420,0.00015527,0.00024767
0.00147430,0.00021630,0.00019181
0.00147440,0.00016412,0.00012951
0.00147450,-0.00004092,0.00006298
0.00147460,0.00005966,-0.00000546
0.00147470,-0.00023035,-0.00007346
0.00147480,-0.00001474,-0.00013876
0.00147490,-0.00003799,-0.00019924
0.00147500,-0.00005054,-0.00025297
0.00147510,-0.00008967,-0.00029827
0.00147520,-0.00042040,-0.00033371
0.00147530,-0.00034448,-0.00035817
0.00147540,-0.00044699,-0.00037082
0.00147550,-0.00051316,-0.00037118
0.00147560,-0.00047028,-0.00035912
0.00147570,-0.00045619,-0.00033490
0.00147580,-0.00059844,-0.00029917
0.00147590,-0.00049611,-0.00025298
0.00147600,-0.00055504,-0.00019777
0.00147610,-0.00042571,-0.00013532
0.00147620,-0.00036517,-0.00006772
0.00147630,-0.00049850,0.00000269
0.00147640,-0.00051261,0.00007340
0.00147650,-0.00019361,0.00014185
0.00147660,-0.00017562,0.00020547
0.00147670,-0.00023332,0.00026188
0.00147680,-0.00021834,0.00030892
0.00147690,0.00006829,0.00034477
0.00147700,0.00024458,0.00036803
0.00147710,0.00013134,0.00037774
0.00147720,0.00003513,0.00037341
0.00147730,-0.00014827,0.00035504
0.00147740,0.00003616,0.00032309
0.00147750,0.00006591,0.00027856
0.00147760,0.00011528,0.00022296
0.00147770,0.00008292,0.00015826
0.00147780,-0.00007492,0.00008682
0.00147790,-0.00006579,0.00001131
0.00147800,-0.00018081,-0.00006538
0.00147810,-0.00020598,-0.00014025
0.00147820,-0.00032995,-0.00021033
0.00147830,-0.00034795,-0.00027271
0.00147840,-0.00051532,-0.00032475
0.00147850,-0.00062294,-0.00036408
0.00147860,-0.00048614,-0.00038877
0.00147870,-0.00044620,-0.00039747
0.00147880,-0.00035757,-0.00038949
0.00147890,-0.00037353,-0.00036488
0.00147900,-0.00021906,-0.00032446
0.00147910,-0.00042727,-0.00026979
0.00147920,-0.00037007,-0.00020308
0.00147930,-0.00030200,-0.00012712
0.00147940,-0.00031844,-0.00004514
0.00147950,-0.00012981,0.00003933
0.00147960,-0.00025384,0.00012266
0.00147970,-0.00030508,0.00020123
0.00147980,-0.00037193,0.00027164
0.00147990,-0.00033561,0.00033081
0.00148000,-0.00009855,0.00037620
0.00148010,0.00000521,0.00040581
0.00148020,-0.00005427,0.00041838
0.00148030,0.00003913,0.00041338
0.00148040,0.00000773,0.00039102
0.00148050,0.00014699,0.00035228
0.00148060,0.00000505,0.00029883
0.00148070,-0.00009853,0.00023294
0.00148080,-0.00016125,0.00015739
0.00148090,-0.00035720,0.00007526
0.00148100,-0.00016782,-0.00001011
0.00148110,-0.00009313,-0.00009535
0.00148120,-0.00026085,-0.00017710
0.00148130,-0.00020502,-0.00025218
0.00148140,-0.00036513,-0.00031766
0.00148150,-0.00041483,-0.00037095
0.00148160,-0.00018213,-0.00040991
0.00148170,-0.00043490,-0.00043283
0.00148180,-0.00029847,-0.00043859
0.00148190,-0.00019663,-0.00042664
0.00148200,-0.00024631,-0.00039709
0.00148210,-0.00001006,-0.00035078
0.00148220,-0.00022785,-0.00028924
0.00148230,-0.00024526,-0.00021474
0.00148240,-0.00025201,-0.00013022
0.00148250,-0.00023672,-0.00003915
0.00148260,-0.00017357,0.00005460
0.00148270,-0.00011323,0.00014697
0.00148280,-0.00020821,0.00023390
0.00148290,-0.00023747,0.00031158
0.00148300,-0.00032816,0.00037667
0.00148310,-0.00028243,0.00042638
0.00148320,-0.00027987,0.00045864
0.00148330,-0.00020033,0.00047213
0.00148340,-0.00026314,0.00046631
0.00148350,-0.00033460,0.00044140
0.00148360,-0.00036616,0.00039838
0.00148370,-0.00048594,0.00033890
0.00148380,-0.00024525,0.00026523
0.00148390,-0.00032387,0.00018020
0.00148400,-0.00013968,0.00008707
0.00148410,-0.00015272,-0.00001056
0.00148420,-0.00006824,-0.00010888
0.00148430,-0.00020299,-0.00020399
0.00148440,-0.00041106,-0.00029204
0.00148450,-0.00019052,-0.00036939
0.00148460,-0.00019417,-0.00043276
0.00148470,-0.00005168,-0.00047933
0.00148480,-0.00016074,-0.00050693
0.00148490,-0.00026755,-0.00051414
0.00148500,-0.00014079,-0.00050034
0.00148510,-0.00022013,-0.00046581
0.00148520,-0.00031378,-0.00041173
0.00148530,-0.00009657,-0.00034009
0.00148540,-0.00005642,-0.00025368
0.00148550,-0.00017703,-0.00015594
0.00148560,-0.00047173,-0.00005079
0.00148570,-0.00035580,0.00005748
0.00148580,-0.00037658,0.00016446
0.00148590,-0.00026152,0.00026575
0.00148600,-0.00013141,0.00035722
0.00148610,-0.00030991,0.00043513
0.00148620,-0.00030959,0.00049632
0.00148630,-0.00045877,0.00053832
0.00148640,-0.00038448,0.00055939
0.00148650,-0.00023454,0.00055858
0.00148660,-0.00021465,0.00053572
0.00148670,-0.00020999,0.00049145
0.00148680,-0.00024003,0.00042720
0.00148690,-0.00028201,0.00034523
0.00148700,-0.00032772,0.00024852
0.00148710,-0.00002840,0.00014074
0.00148720,-0.00012483,0.00002607
0.00148730,-0.00016544,-0.00009096
0.00148740,-0.00001206,-0.00020563
0.00148750,-0.00008121,-0.00031329
0.00148760,-0.00012966,-0.00040953
0.00148770,-0.00028856,-0.00049038
0.00148780,-0.00019947,-0.00055248
0.00148790,-0.00015307,-0.00059325
0.00148800,-0.00023699,-0.00061095
0.00148810,-0.00007333,-0.00060476
0.00148820,-0.00014931,-0.00057477
0.00148830,-0.00019030,-0.00052204
0.00148840,-0.00024843,-0.00044849
0.00148850,-0.00040853,-0.00035690
0.00148860,-0.00018824,-0.00025077
0.00148870,-0.00026688,-0.00013421
0.00148880,-0.00028412,-0.00001176
0.00148890,-0.00024403,0.00011181
0.00148900,-0.00027631,0.00023168
0.00148910,-0.00010708,0.00034315
0.00148920,0.00002180,0.00044189
0.00148930,-0.00009722,0.00052409
0.00148940,-0.00043621,0.00058661
0.00148950,-0.00032578,0.00062712
0.00148960,-0.00020738,0.00064414
0.00148970,-0.00025216,0.00063709
0.00148980,0.00005658,0.00060628
0.00148990,-0.00007959,0.00055290
0.00149000,0.00002362,0.00047898
0.00149010,0.00001629,0.00038728
0.00149020,-0.00012638,0.00028126
0.00149030,-0.00017504,0.00016490
0.00149040,-0.00023653,0.00004256
0.00149050,-0.00026142,-0.00008122
0.00149060,-0.00023483,-0.00020186
0.00149070,-0.00007705,-0.00031493
0.00149080,-0.00010484,-0.00041632
0.00149090,-0.00045408,-0.00050240
0.00149100,-0.00068684,-0.00057017
0.00149110,-0.00046133,-0.00061736
0.00149120,-0.00036660,-0.00064253
0.00149130,-0.00039485,-0.00064508
0.00149140,-0.00026432,-0.00062525
0.00149150,-0.00050154,-0.00058409
0.00149160,-0.00037961,-0.00052333
0.00149170,-0.00037515,-0.00044529
0.00149180,-0.00037684,-0.00035279
0.00149190,-0.00031210,-0.00024903
0.00149200,-0.00028984,-0.00013751
0.00149210,-0.00027291,-0.00002193
0.00149220,-0.00026848,0.00009391
0.00149230,-0.00018683,0.00020614
0.00149240,-0.00044941,0.00031101
0.00149250,-0.00015785,0.00040495
0.00149260,0.00018049,0.00048472
0.00149270,0.00025680,0.00054754
0.00149280,0.00025191,0.00059126
0.00149290,0.00039670,0.00061441
0.00149300,0.00008692,0.00061627
0.00149310,0.00016177,0.00059692
0.00149320,0.00023196,0.00055716
0.00149330,-0.00016541,0.00049856
0.00149340,-0.00008976,0.00042333
0.00149350,-0.00026396,0.00033431
0.00149360,-0.00019061,0.00023481
0.00149370,-0.00022836,0.00012854
0.00149380,-0.00017664,0.00001945
0.00149390,-0.00020447,-0.00008846
0.00149400,-0.00053829,-0.00019132
0.00149410,-0.00051079,-0.00028557
0.00149420,-0.00067374,-0.00036805
0.00149430,-0.00045685,-0.00043620
0.00149440,-0.00045915,-0.00048807
0.00149450,-0.00041809,-0.00052233
0.00149460,-0.00019571,-0.00053834
0.00149470,-0.00006974,-0.00053602
0.00149480,-0.00017581,-0.00051587
0.00149490,-0.00035663,-0.00047890
0.00149500,-0.00025078,-0.00042663
0.00149510,-0.00031106,-0.00036100
0.00149520,-0.00035320,-0.00028434
0.00149530,-0.00003572,-0.00019934
0.00149540,-0.00006610,-0.00010891
0.00149550,-0.00007627,-0.00001615
0.00149560,0.00005886,0.00007579
0.00149570,-0.00002381,0.00016378
0.00149580,0.00001864,0.00024485
0.00149590,-0.00012327,0.00031622
0.00149600,0.00000650,0.00037548
0.00149610,-0.00004317,0.00042064
0.00149620,0.00000269,0.00045022
0.00149630,0.00005129,0.00046334
0.00149640,-0.00010672,0.00045970
0.00149650,-0.00007423,0.00043960
0.00149660,-0.00015619,0.00040388
0.00149670,-0.00021207,0.00035392
0.00149680,-0.00024671,0.00029155
0.00149690,-0.00030740,0.00021905
0.00149700,-0.00056015,0.00013909
0.00149710,-0.00042760,0.00005466
0.00149720,-0.00036723,-0.00003097
0.00149730,-0.00042301,-0.00011439
0.00149740,-0.00023601,-0.00019220
0.00149750,-0.00024377,-0.00026119
0.00149760,-0.00033789,-0.00031847
0.00149770,-0.00022269,-0.00036169
0.00149780,-0.00006004,-0.00038914
0.00149790,-0.00000228,-0.00039984
0.00149800,-0.00018425,-0.00039357
0.00149810,-0.00052636,-0.00037092
0.00149820,-0.00038129,-0.00033320
0.00149830,-0.00033202,-0.00028238
0.00149840,-0.00008906,-0.00022099
0.00149850,0.00006470,-0.00015193
0.00149860,-0.00025497,-0.00007832
0.00149870,-0.00025049,-0.00000336
0.00149880,-0.00040866,0.00006986
0.00149890,-0.00044808,0.00013841
0.00149900,-0.00039987,0.00019966
0.00149910,-0.00027231,0.00025129
0.00149920,-0.00040879,0.00029134
0.00149930,-0.00018761,0.00031833
0.00149940,-0.00017675,0.00033127
0.00149950,-0.00030494,0.00032977
0.00149960,-0.00032524,0.00031402
0.00149970,-0.00028803,0.00028484
0.00149980,0.00003712,0.00024361
0.00149990,-0.00009944,0.00019218
